50000 1 P 11.875919 24.868166 38.794254 2.110000 -1.000000 0.000000
50000 2 S 15.236647 22.769922 38.603764 1.800000 0.000000 0.000000
50000 3 A 14.704302 23.010649 42.024849 1.530000 0.000000 0.000000
50000 4 P 18.409048 24.946157 37.702995 2.110000 -1.000000 0.000000
50000 5 S 20.649078 22.038265 36.370121 1.800000 0.000000 0.000000
50000 6 T 19.373056 20.763769 33.321941 1.530000 0.000000 0.000000
50000 7 P 23.572578 24.358576 34.852001 2.110000 -1.000000 0.000000
50000 8 S 24.665037 23.400957 31.225693 1.800000 0.000000 0.000000
50000 9 C 21.931200 24.387907 29.156569 1.530000 0.000000 0.000000
50000 10 P 27.271482 26.086416 29.709900 2.110000 -1.000000 0.000000
50000 11 S 25.212740 26.236504 26.437843 1.800000 0.000000 0.000000
50000 12 C 22.095341 27.780180 26.565073 1.530000 0.000000 0.000000
50000 13 P 26.992708 29.412697 25.158222 2.110000 -1.000000 0.000000
50000 14 S 24.917303 32.458126 23.834238 1.800000 0.000000 0.000000
50000 15 T 23.974352 33.187183 27.162985 1.530000 0.000000 0.000000
50000 16 P 27.561213 35.103184 22.911840 2.110000 -1.000000 0.000000
50000 17 S 26.969988 38.500969 24.571104 1.800000 0.000000 0.000000
50000 18 A 28.516611 36.867825 27.218922 1.530000 0.000000 0.000000
50000 19 P 30.326656 40.221478 23.572115 2.110000 -1.000000 0.000000
50000 20 S 31.583357 42.551598 26.414211 1.800000 0.000000 0.000000
50000 21 G 32.577766 40.916325 29.248604 1.530000 0.000000 0.000000
50000 22 P 35.252926 44.156914 26.566351 2.110000 -1.000000 0.000000
50000 23 S 35.704006 43.959217 30.496693 1.800000 0.000000 0.000000
50000 24 T 39.133041 44.006466 31.305101 1.530000 0.000000 0.000000
50000 25 P 34.944046 40.529549 32.224442 2.110000 -1.000000 0.000000
50000 26 S 33.363178 41.168621 35.784264 1.800000 0.000000 0.000000
50000 27 T 30.101025 42.632019 34.600136 1.530000 0.000000 0.000000
50000 28 P 30.983978 38.533146 37.775181 2.110000 -1.000000 0.000000
50000 29 S 27.840780 40.533829 39.260410 1.800000 0.000000 0.000000
50000 30 A 25.547245 41.546837 36.539043 1.530000 0.000000 0.000000
50000 31 P 24.735912 38.501472 40.256260 2.110000 -1.000000 0.000000
50000 32 S 21.855536 40.604080 38.357296 1.800000 0.000000 0.000000
50000 33 T 21.831566 39.634613 35.021584 1.530000 0.000000 0.000000
50000 34 P 18.698963 38.509144 38.674713 2.110000 -1.000000 0.000000
50000 35 S 17.821455 38.803593 34.890903 1.800000 0.000000 0.000000
50000 36 A 19.990784 37.140907 32.853527 1.530000 0.000000 0.000000
50000 37 P 14.443095 36.865593 33.785664 2.110000 -1.000000 0.000000
50000 38 S 13.896388 35.831860 30.005547 1.800000 0.000000 0.000000
50000 39 G 15.986874 33.505722 28.777479 1.530000 0.000000 0.000000
50000 40 P 10.895558 33.466557 28.765392 2.110000 -1.000000 0.000000
50000 41 S 12.758647 31.256380 26.063654 1.800000 0.000000 0.000000
50000 42 G 14.524364 28.968695 27.701738 1.530000 0.000000 0.000000
50000 43 P 10.516665 28.152061 24.590124 2.110000 -1.000000 0.000000
50000 44 S 12.564761 24.834421 24.833128 1.800000 0.000000 0.000000
50000 45 A 12.148414 24.538958 28.358692 1.530000 0.000000 0.000000
50000 46 P 12.285846 20.971800 23.898937 2.110000 -1.000000 0.000000
50000 47 S 8.281408 20.386499 23.758018 1.800000 0.000000 0.000000
50000 48 T 8.331469 21.990946 20.594337 1.530000 0.000000 0.000000
50000 49 P 6.524329 17.205769 22.229282 2.110000 -1.000000 0.000000
