500 133.253204 0.000000 0.000000 0.118115 150.765137 -12.749880 -5.605305 0.725130 0.000000
1000 172.286514 0.000000 0.000000 0.421290 192.065216 -14.916622 -6.282292 0.998919 0.000000
1500 159.626068 0.000000 0.000000 0.084503 180.800308 -14.871214 -7.229828 0.842297 0.000000
2000 160.502426 0.000000 0.000000 0.131234 179.779053 -14.904179 -5.417070 0.913382 0.000000
2500 158.086166 0.000000 0.000000 0.193371 177.329712 -14.942086 -5.354641 0.859816 0.000000
3000 153.333527 0.000000 0.000000 0.059153 172.565094 -14.921822 -5.176813 0.807929 0.000000
3500 155.524902 0.000000 0.000000 0.109895 175.474686 -14.958601 -5.902753 0.801686 0.000000
4000 150.486023 0.000000 0.000000 0.493805 170.340607 -14.930398 -6.259984 0.842001 0.000000
4500 147.480789 0.000000 0.000000 0.326967 167.736496 -14.932835 -6.539873 0.890029 0.000000
5000 152.000122 0.000000 0.000000 0.180590 172.300095 -14.899611 -6.396638 0.815688 0.000000
5500 144.362885 0.000000 0.000000 0.150943 164.956696 -14.923538 -6.608581 0.787361 0.000000
6000 148.285660 0.000000 0.000000 0.263982 168.929718 -14.913206 -6.805457 0.810616 0.000000
6500 144.157562 0.000000 0.000000 0.206164 165.534286 -14.892450 -7.480548 0.790109 0.000000
7000 147.734283 0.000000 0.000000 0.212787 168.749557 -14.963451 -7.030193 0.765598 0.000000
7500 150.550262 0.000000 0.000000 0.241364 171.535492 -14.957996 -7.164107 0.895514 0.000000
8000 146.789078 0.000000 0.000000 0.219370 168.438553 -14.965419 -7.799053 0.895633 0.000000
8500 146.107727 0.000000 0.000000 0.112985 165.441422 -14.944252 -5.254943 0.752508 0.000000
9000 147.131607 0.000000 0.000000 0.046154 167.568481 -14.954750 -6.299967 0.771699 0.000000
9500 152.591217 0.000000 0.000000 0.134378 173.734055 -14.944960 -7.151707 0.819449 0.000000
10000 145.431717 0.000000 0.000000 0.984020 164.330063 -13.626425 -7.062254 0.806304 0.000000
10500 83.965958 0.000000 0.000000 0.182183 104.528168 -9.144320 -12.230729 0.630651 0.000000
11000 84.617455 0.000000 0.000000 0.171202 108.889046 -9.520948 -15.568384 0.646539 0.000000
11500 85.208260 0.000000 0.000000 0.239434 107.625694 -8.652219 -14.763118 0.758472 0.000000
12000 81.747009 0.000000 0.000000 0.598455 98.949730 -7.771770 -10.830356 0.800940 0.000000
12500 77.858864 0.000000 0.000000 0.589385 94.941605 -7.267896 -11.079202 0.674975 0.000000
13000 69.072121 0.000000 0.000000 0.286407 89.012886 -7.758945 -13.145298 0.677067 0.000000
13500 73.012383 0.000000 0.000000 0.122715 88.341293 -6.531641 -9.704531 0.784544 0.000000
14000 82.792870 0.000000 0.000000 0.306346 100.007812 -7.325442 -10.866092 0.670245 0.000000
14500 68.310120 0.000000 0.000000 0.664266 88.851021 -8.470942 -13.531494 0.797268 0.000000
15000 79.234428 0.000000 0.000000 0.134419 95.879936 -5.613021 -11.902815 0.735912 0.000000
15500 75.115807 0.000000 0.000000 1.295754 91.924782 -7.118765 -11.658401 0.672439 0.000000
16000 81.659729 0.000000 0.000000 0.806608 99.006752 -6.842779 -11.955190 0.644340 0.000000
16500 82.123451 0.000000 0.000000 0.512847 98.089294 -4.804929 -12.365001 0.691239 0.000000
17000 81.745438 0.000000 0.000000 0.789278 97.956299 -4.794557 -12.882078 0.676496 0.000000
17500 84.775139 0.000000 0.000000 0.130566 102.474922 -5.951005 -12.564747 0.685399 0.000000
18000 71.719986 0.000000 0.000000 0.429899 90.586296 -6.835320 -13.092049 0.631154 0.000000
18500 77.263847 0.000000 0.000000 0.454877 97.430145 -8.933422 -12.329927 0.642176 0.000000
19000 74.753998 0.000000 0.000000 0.416883 99.617073 -8.475668 -17.452267 0.647982 0.000000
19500 81.700340 0.000000 0.000000 0.162272 104.536987 -6.961175 -16.722321 0.684581 0.000000
20000 71.493996 0.000000 0.000000 0.246347 94.931831 -7.714271 -16.670734 0.700829 0.000000
20500 75.688713 0.000000 0.000000 0.325482 98.848862 -6.029710 -18.250084 0.794159 0.000000
21000 74.711708 0.000000 0.000000 0.281131 97.557556 -7.324346 -16.443956 0.641324 0.000000
21500 68.653511 0.000000 0.000000 0.401796 91.325790 -6.159230 -17.623787 0.708948 0.000000
22000 70.421959 0.000000 0.000000 1.191051 93.252647 -8.290183 -16.404270 0.672721 0.000000
22500 70.026230 0.000000 0.000000 1.023259 91.544952 -8.308590 -14.926139 0.692743 0.000000
23000 76.829559 0.000000 0.000000 0.436480 97.982292 -7.383850 -14.909840 0.704485 0.000000
23500 64.651779 0.000000 0.000000 0.279991 89.481667 -8.746679 -17.062325 0.699128 0.000000
24000 71.000496 0.000000 0.000000 0.126215 95.872124 -9.910653 -15.729923 0.642738 0.000000
24500 72.925262 0.000000 0.000000 0.143267 98.878151 -8.756108 -17.953476 0.613435 0.000000
25000 66.519646 0.000000 0.000000 0.359558 88.944435 -7.618824 -15.853934 0.688409 0.000000
25500 70.192894 0.000000 0.000000 0.094077 94.916733 -9.634274 -15.865098 0.681458 0.000000
26000 73.984123 0.000000 0.000000 0.131435 98.454796 -9.295630 -16.027109 0.720634 0.000000
26500 60.491669 0.000000 0.000000 0.707761 86.144630 -10.298135 -16.805340 0.742748 0.000000
27000 68.226730 0.000000 0.000000 0.182713 93.547935 -9.298492 -16.925034 0.719608 0.000000
27500 70.070099 0.000000 0.000000 0.135558 95.515915 -10.420961 -15.809054 0.648639 0.000000
28000 65.156197 0.000000 0.000000 1.471814 88.217468 -8.599781 -16.546730 0.613420 0.000000
28500 64.929169 0.000000 0.000000 0.162811 89.842308 -8.367243 -17.411854 0.703136 0.000000
29000 71.584465 0.000000 0.000000 0.056085 94.916641 -8.435138 -15.659001 0.705881 0.000000
29500 61.572174 0.000000 0.000000 0.137435 85.888847 -9.922619 -15.238014 0.706520 0.000000
30000 66.281433 0.000000 0.000000 0.140743 92.193558 -9.210637 -17.571795 0.729571 0.000000
30500 69.188484 0.000000 0.000000 0.028354 93.294029 -9.223217 -15.593315 0.682636 0.000000
31000 72.984665 0.000000 0.000000 0.115681 94.675110 -7.107553 -15.399923 0.701352 0.000000
31500 68.724503 0.000000 0.000000 0.932469 92.067474 -8.722025 -16.209757 0.656336 0.000000
32000 69.713730 0.000000 0.000000 0.109255 96.101364 -9.743505 -17.457811 0.704426 0.000000
32500 66.924309 0.000000 0.000000 0.769449 91.657898 -9.025073 -17.118816 0.640846 0.000000
33000 85.772102 0.000000 0.000000 0.231559 107.465637 -7.945666 -14.599499 0.620063 0.000000
33500 77.847580 0.000000 0.000000 0.651221 101.428528 -7.396659 -17.537279 0.701765 0.000000
34000 69.669151 0.000000 0.000000 0.363849 93.670372 -7.714352 -17.312613 0.661902 0.000000
34500 70.718643 0.000000 0.000000 0.789312 95.989616 -9.112811 -17.553791 0.606307 0.000000
35000 65.521263 0.000000 0.000000 0.162896 90.464943 -8.234243 -17.485228 0.612899 0.000000
35500 72.893257 0.000000 0.000000 0.576034 97.170990 -9.897491 -15.624800 0.668525 0.000000
36000 65.106720 0.000000 0.000000 0.075589 94.125771 -10.054395 -19.630875 0.590628 0.000000
36500 70.592529 0.000000 0.000000 0.062751 96.909195 -9.996204 -17.050653 0.667445 0.000000
37000 76.689995 0.000000 0.000000 0.215766 102.080452 -9.639179 -16.641857 0.674813 0.000000
37500 71.221657 0.000000 0.000000 0.127501 98.201019 -10.161637 -17.675585 0.730352 0.000000
38000 62.917915 0.000000 0.000000 0.150211 90.925804 -10.698531 -18.161718 0.702155 0.000000
38500 79.113152 0.000000 0.000000 0.160403 104.031723 -9.378038 -16.359711 0.658773 0.000000
39000 67.776680 0.000000 0.000000 0.300123 91.017845 -9.185406 -15.083149 0.727254 0.000000
39500 64.887383 0.000000 0.000000 0.544645 89.697487 -9.653776 -16.437553 0.736583 0.000000
40000 77.795776 0.000000 0.000000 0.226258 101.835487 -9.478799 -15.522062 0.734894 0.000000
40500 73.382820 0.000000 0.000000 0.114353 96.902580 -9.877661 -14.440671 0.684231 0.000000
41000 77.754898 0.000000 0.000000 0.122210 99.119652 -9.315557 -12.838880 0.667482 0.000000
41500 72.314148 0.000000 0.000000 0.082933 94.710312 -7.819692 -15.325354 0.665954 0.000000
42000 79.256737 0.000000 0.000000 0.161470 99.110596 -8.212264 -12.501457 0.698398 0.000000
42500 73.144081 0.000000 0.000000 0.101413 94.874771 -8.437170 -14.056380 0.661450 0.000000
43000 75.195763 0.000000 0.000000 0.234950 95.232887 -5.822838 -15.172127 0.722893 0.000000
43500 74.699951 0.000000 0.000000 0.670871 96.445229 -7.519103 -15.681117 0.784072 0.000000
44000 79.138222 0.000000 0.000000 0.204209 101.868752 -7.451860 -16.122335 0.639460 0.000000
44500 80.567162 0.000000 0.000000 0.067136 100.674561 -5.662466 -15.201529 0.689457 0.000000
45000 77.366440 0.000000 0.000000 0.145336 100.593140 -6.529370 -17.518087 0.675421 0.000000
45500 74.598938 0.000000 0.000000 1.118148 99.092224 -8.814845 -17.504993 0.708402 0.000000
46000 71.395920 0.000000 0.000000 0.075461 96.276108 -8.034403 -17.664429 0.743178 0.000000
46500 66.152870 0.000000 0.000000 0.861842 93.152176 -9.665112 -18.836206 0.640174 0.000000
47000 72.552155 0.000000 0.000000 0.314457 100.074631 -9.505887 -19.033670 0.702625 0.000000
47500 70.375023 0.000000 0.000000 0.263654 95.159798 -8.623129 -17.076300 0.651000 0.000000
48000 62.603039 0.000000 0.000000 0.092687 86.458282 -8.701745 -15.916451 0.670261 0.000000
48500 72.286293 0.000000 0.000000 0.184167 98.358704 -10.099607 -16.922733 0.765771 0.000000
49000 71.003326 0.000000 0.000000 0.157726 96.188690 -9.550105 -16.560419 0.767429 0.000000
49500 78.083122 0.000000 0.000000 0.165492 99.960617 -7.665770 -15.066759 0.689548 0.000000
50000 74.962166 0.000000 0.000000 0.068811 102.442726 -8.643277 -19.568151 0.662060 0.000000
