500 162.850861 0.000000 0.000000 0.338386 181.736008 -12.336525 -7.562543 0.675546 0.000000
1000 157.361511 0.000000 0.000000 0.243847 180.021103 -13.855471 -9.724560 0.676593 0.000000
1500 142.901855 0.000000 0.000000 0.175104 164.255035 -14.169829 -8.054877 0.696417 0.000000
2000 140.785477 0.000000 0.000000 0.235319 163.261398 -14.426302 -9.054632 0.769686 0.000000
2500 143.735153 0.000000 0.000000 0.179538 168.121048 -14.539679 -10.712864 0.687104 0.000000
3000 141.623535 0.000000 0.000000 0.297075 166.128143 -14.605171 -11.014693 0.818191 0.000000
3500 141.403809 0.000000 0.000000 0.479269 163.365097 -14.563904 -8.567121 0.690472 0.000000
4000 133.223068 0.000000 0.000000 0.277078 156.334412 -14.642874 -9.441058 0.695494 0.000000
4500 132.886581 0.000000 0.000000 0.152176 157.613586 -14.667189 -10.909301 0.697318 0.000000
5000 136.266251 0.000000 0.000000 0.624717 161.478256 -14.702917 -11.833526 0.699719 0.000000
5500 140.800140 0.000000 0.000000 0.475738 165.480316 -14.793280 -11.126926 0.764286 0.000000
6000 140.313416 0.000000 0.000000 0.177446 164.019287 -14.799716 -9.765148 0.681551 0.000000
6500 140.488220 0.000000 0.000000 2.235467 160.712051 -14.824406 -8.358601 0.723699 0.000000
7000 130.719193 0.000000 0.000000 0.158201 155.276932 -14.808674 -10.692646 0.785369 0.000000
7500 135.645355 0.000000 0.000000 0.256771 162.052155 -14.772869 -12.577006 0.686312 0.000000
8000 134.404190 0.000000 0.000000 0.135663 162.093231 -14.834043 -13.742805 0.752139 0.000000
8500 134.479141 0.000000 0.000000 0.220962 161.413330 -14.863807 -13.031058 0.739696 0.000000
9000 134.201813 0.000000 0.000000 0.227497 161.236557 -14.857033 -13.209424 0.804209 0.000000
9500 135.585724 0.000000 0.000000 0.196117 160.031570 -14.869996 -10.487168 0.715195 0.000000
10000 135.849304 0.000000 0.000000 0.119836 161.218048 -14.209840 -11.946755 0.668019 0.000000
10500 91.405907 0.000000 0.000000 0.138743 105.461723 -5.558568 -9.323135 0.687148 0.000000
11000 91.685753 0.000000 0.000000 0.119401 104.819473 -4.895167 -9.190621 0.832665 0.000000
11500 83.445602 0.000000 0.000000 0.312296 98.864197 -5.431763 -11.086020 0.786892 0.000000
12000 88.744247 0.000000 0.000000 0.866581 101.076050 -4.369389 -9.488947 0.659952 0.000000
12500 79.986824 0.000000 0.000000 0.285207 93.500458 -5.625124 -8.841061 0.667336 0.000000
13000 85.890541 0.000000 0.000000 0.134649 100.973251 -5.450798 -10.400300 0.633738 0.000000
13500 85.865906 0.000000 0.000000 0.239155 100.431503 -4.579109 -10.907223 0.681579 0.000000
14000 76.212395 0.000000 0.000000 0.427344 90.781662 -5.837679 -9.901392 0.742451 0.000000
14500 86.131805 0.000000 0.000000 0.547513 104.612198 -6.857615 -12.894286 0.723988 0.000000
15000 74.177254 0.000000 0.000000 0.646577 91.379494 -6.076241 -12.546409 0.773837 0.000000
15500 70.345734 0.000000 0.000000 0.240242 92.016785 -5.364247 -17.314163 0.767123 0.000000
16000 71.084145 0.000000 0.000000 0.416772 92.249527 -6.632672 -15.719759 0.770277 0.000000
16500 74.389229 0.000000 0.000000 0.109956 94.966782 -5.282207 -16.128447 0.723155 0.000000
17000 73.034248 0.000000 0.000000 0.134618 93.607140 -5.735233 -15.715075 0.742793 0.000000
17500 66.706703 0.000000 0.000000 0.104695 88.333000 -5.639316 -16.779125 0.687447 0.000000
18000 78.896370 0.000000 0.000000 0.213816 99.913635 -4.664031 -17.208633 0.641584 0.000000
18500 79.797447 0.000000 0.000000 0.385355 97.353477 -6.305891 -12.303396 0.667911 0.000000
19000 78.937653 0.000000 0.000000 0.298641 98.096786 -6.566264 -13.706578 0.815071 0.000000
19500 79.359573 0.000000 0.000000 0.246573 98.479225 -7.294109 -12.800974 0.728853 0.000000
20000 78.927498 0.000000 0.000000 0.078445 98.949875 -6.415450 -14.363830 0.678462 0.000000
20500 79.263748 0.000000 0.000000 0.123478 101.587341 -7.843417 -15.392055 0.788400 0.000000
21000 75.683281 0.000000 0.000000 0.168265 101.209732 -9.653490 -16.697153 0.655919 0.000000
21500 73.376762 0.000000 0.000000 0.161092 97.587654 -8.891085 -16.239653 0.758749 0.000000
22000 70.231926 0.000000 0.000000 0.148035 95.272224 -9.981037 -15.873907 0.666610 0.000000
22500 73.523491 0.000000 0.000000 0.083106 97.765587 -9.735851 -15.360898 0.771552 0.000000
23000 75.319130 0.000000 0.000000 0.093263 97.336212 -7.065966 -15.688804 0.644424 0.000000
23500 80.267776 0.000000 0.000000 0.071166 102.257095 -8.368975 -14.328222 0.636712 0.000000
24000 73.273430 0.000000 0.000000 0.328177 95.788445 -8.560965 -14.994793 0.712563 0.000000
24500 72.013763 0.000000 0.000000 0.310922 94.666077 -7.203625 -16.503355 0.743746 0.000000
25000 69.261246 0.000000 0.000000 1.146220 91.569160 -9.385441 -14.739780 0.671084 0.000000
25500 75.429375 0.000000 0.000000 0.247655 96.626801 -7.303533 -14.840865 0.699318 0.000000
26000 79.407066 0.000000 0.000000 0.375578 99.654884 -7.429868 -13.962397 0.768867 0.000000
26500 77.286163 0.000000 0.000000 0.154911 99.770195 -7.245788 -16.221132 0.827978 0.000000
27000 78.844902 0.000000 0.000000 1.026460 101.010727 -8.759985 -15.212657 0.780358 0.000000
27500 71.520187 0.000000 0.000000 0.569753 91.098930 -5.456697 -15.451195 0.759395 0.000000
28000 70.302307 0.000000 0.000000 0.878583 91.501167 -5.084807 -17.757084 0.764449 0.000000
28500 78.003159 0.000000 0.000000 0.783937 102.002380 -8.098527 -17.449858 0.765227 0.000000
29000 72.131897 0.000000 0.000000 0.161555 95.149231 -7.473289 -16.375450 0.669855 0.000000
29500 75.217735 0.000000 0.000000 0.243639 98.733078 -6.875704 -17.542797 0.659524 0.000000
30000 74.015427 0.000000 0.000000 0.178076 96.597984 -9.023625 -14.373974 0.636961 0.000000
30500 70.319397 0.000000 0.000000 0.034697 92.023514 -8.182111 -14.209887 0.653185 0.000000
31000 68.037323 0.000000 0.000000 0.150422 90.362679 -8.937827 -14.283424 0.745473 0.000000
31500 64.825874 0.000000 0.000000 0.065775 90.267082 -9.129900 -17.042833 0.665751 0.000000
32000 68.977478 0.000000 0.000000 1.272320 92.920181 -8.601498 -17.265827 0.652301 0.000000
32500 63.364311 0.000000 0.000000 0.039666 86.786613 -9.021544 -15.070122 0.629700 0.000000
33000 67.178925 0.000000 0.000000 0.604994 93.075897 -10.288993 -16.910913 0.697938 0.000000
33500 76.031799 0.000000 0.000000 0.635245 99.026604 -7.836235 -16.538233 0.744415 0.000000
34000 72.706055 0.000000 0.000000 0.126668 95.325279 -8.091138 -15.317371 0.662616 0.000000
34500 78.502357 0.000000 0.000000 0.509760 102.920570 -7.810794 -17.752300 0.635124 0.000000
35000 72.379021 0.000000 0.000000 0.484665 96.217415 -8.744620 -16.277830 0.699397 0.000000
35500 65.766472 0.000000 0.000000 1.059396 90.193443 -9.811819 -16.441555 0.767007 0.000000
36000 78.031036 0.000000 0.000000 0.817001 102.505486 -10.116491 -15.876051 0.701095 0.000000
36500 82.255188 0.000000 0.000000 0.339253 104.233421 -6.999012 -16.039478 0.720992 0.000000
37000 72.969292 0.000000 0.000000 0.550340 97.296364 -8.505556 -17.052414 0.680556 0.000000
37500 65.041008 0.000000 0.000000 0.117959 91.152412 -8.994289 -17.867064 0.631998 0.000000
38000 67.394180 0.000000 0.000000 0.107095 90.499084 -8.416967 -15.487447 0.692422 0.000000
38500 75.597153 0.000000 0.000000 0.253843 103.170784 -8.697232 -19.828571 0.698334 0.000000
39000 78.929611 0.000000 0.000000 0.147769 106.361633 -9.646893 -18.558601 0.625712 0.000000
39500 69.251793 0.000000 0.000000 0.093205 99.704056 -10.100495 -21.153360 0.708385 0.000000
40000 65.198608 0.000000 0.000000 0.560591 96.205986 -11.554669 -20.753849 0.740555 0.000000
40500 63.959587 0.000000 0.000000 0.049029 95.154945 -10.917130 -20.975853 0.648598 0.000000
41000 75.356010 0.000000 0.000000 1.311941 96.228706 -8.511830 -14.297926 0.625122 0.000000
41500 72.591339 0.000000 0.000000 1.207216 96.245140 -8.742074 -16.731287 0.612339 0.000000
42000 69.027863 0.000000 0.000000 0.113547 94.990189 -9.489344 -17.268734 0.682208 0.000000
42500 65.391312 0.000000 0.000000 0.425727 90.354385 -9.895777 -16.203043 0.710015 0.000000
43000 72.170090 0.000000 0.000000 0.818157 99.610970 -11.445230 -17.450384 0.636576 0.000000
43500 66.683769 0.000000 0.000000 0.333260 94.345779 -10.507947 -18.198620 0.711293 0.000000
44000 74.807060 0.000000 0.000000 0.110821 103.767349 -9.740168 -20.008352 0.677416 0.000000
44500 75.727585 0.000000 0.000000 0.225709 101.244385 -9.191920 -17.192478 0.641891 0.000000
45000 67.973854 0.000000 0.000000 0.143832 90.873642 -8.539457 -15.163818 0.659662 0.000000
45500 72.162872 0.000000 0.000000 0.117340 96.311234 -8.460995 -16.413700 0.608996 0.000000
46000 65.820061 0.000000 0.000000 0.223311 90.049416 -9.882092 -15.237333 0.666759 0.000000
46500 70.620888 0.000000 0.000000 0.186673 91.599335 -7.572906 -14.322260 0.730042 0.000000
47000 75.880081 0.000000 0.000000 0.191163 96.543007 -6.561050 -14.917773 0.624736 0.000000
47500 80.535973 0.000000 0.000000 0.289485 100.771042 -6.423859 -14.753266 0.652572 0.000000
48000 79.954475 0.000000 0.000000 0.502958 102.015953 -8.788671 -14.469918 0.694150 0.000000
48500 71.883316 0.000000 0.000000 0.111993 95.210220 -7.765881 -16.316387 0.643368 0.000000
49000 87.564796 0.000000 0.000000 0.110453 110.844482 -6.799099 -17.218039 0.626998 0.000000
49500 84.265274 0.000000 0.000000 0.933070 105.860031 -7.001696 -16.228302 0.702169 0.000000
50000 78.781105 0.000000 0.000000 1.405654 100.752884 -8.083634 -15.987635 0.693831 0.000000
