0.100000 0.301745 1.000000
0.200000 0.302284 0.999564
0.300000 0.302822 0.999126
0.400000 0.303360 0.998686
0.500000 0.303895 0.998246
0.600000 0.304429 0.997804
0.700000 0.304963 0.997360
0.800000 0.305494 0.996915
0.900000 0.306024 0.996469
1.000000 0.306553 0.996021
1.100000 0.307080 0.995572
1.200000 0.307604 0.995121
1.300000 0.308129 0.994669
1.400000 0.308651 0.994216
1.500000 0.309173 0.993761
1.600000 0.309692 0.993305
1.700000 0.310210 0.992847
1.800000 0.310725 0.992387
1.900000 0.311239 0.991927
2.000000 0.311753 0.991464
2.100000 0.312264 0.991001
2.200000 0.312775 0.990537
2.300000 0.313282 0.990071
2.400000 0.313789 0.989603
2.500000 0.314293 0.989134
2.600000 0.314796 0.988663
2.700000 0.315297 0.988191
2.800000 0.315796 0.987718
2.900000 0.316293 0.987244
3.000000 0.316790 0.986767
3.100000 0.317284 0.986290
3.200000 0.317775 0.985811
3.300000 0.318267 0.985331
3.400000 0.318754 0.984850
3.500000 0.319240 0.984367
3.600000 0.319725 0.983882
3.700000 0.320209 0.983397
3.800000 0.320689 0.982910
3.900000 0.321169 0.982421
4.000000 0.321645 0.981931
4.100000 0.322120 0.981440
4.200000 0.322595 0.980947
4.300000 0.323065 0.980453
4.400000 0.323534 0.979958
4.500000 0.324001 0.979461
4.600000 0.324466 0.978963
4.700000 0.324930 0.978464
4.800000 0.325390 0.977963
4.900000 0.325849 0.977461
5.000000 0.326307 0.976958
5.100000 0.326761 0.976453
5.200000 0.327214 0.975947
5.300000 0.327664 0.975440
5.400000 0.328112 0.974931
5.500000 0.328560 0.974421
5.600000 0.329003 0.973910
5.700000 0.329445 0.973397
5.800000 0.329886 0.972883
5.900000 0.330323 0.972368
6.000000 0.330757 0.971851
6.100000 0.331190 0.971333
6.200000 0.331621 0.970814
6.300000 0.332051 0.970293
6.400000 0.332477 0.969772
6.500000 0.332901 0.969249
6.600000 0.333325 0.968724
6.700000 0.333743 0.968198
6.800000 0.334160 0.967672
6.900000 0.334576 0.967143
7.000000 0.334989 0.966613
7.100000 0.335399 0.966082
7.200000 0.335808 0.965551
7.300000 0.336214 0.965018
7.400000 0.336618 0.964483
7.500000 0.337019 0.963947
7.600000 0.337418 0.963410
7.700000 0.337813 0.962871
7.800000 0.338208 0.962332
7.900000 0.338599 0.961791
8.000000 0.338989 0.961249
8.100000 0.339377 0.960706
8.200000 0.339759 0.960161
8.300000 0.340141 0.959615
8.400000 0.340522 0.959068
8.500000 0.340898 0.958520
8.600000 0.341273 0.957971
8.700000 0.341646 0.957421
8.800000 0.342016 0.956868
8.900000 0.342383 0.956315
9.000000 0.342747 0.955761
9.100000 0.343110 0.955206
9.200000 0.343470 0.954649
9.300000 0.343828 0.954092
9.400000 0.344183 0.953532
9.500000 0.344535 0.952973
9.600000 0.344886 0.952411
9.700000 0.345232 0.951849
9.800000 0.345578 0.951285
9.900000 0.345921 0.950720
10.000000 0.346261 0.950155
10.100000 0.346599 0.949588
10.200000 0.346934 0.949020
10.300000 0.347264 0.948450
10.400000 0.347595 0.947880
10.500000 0.347922 0.947308
10.600000 0.348248 0.946736
10.700000 0.348571 0.946162
10.800000 0.348890 0.945587
10.900000 0.349207 0.945011
11.000000 0.349521 0.944433
11.100000 0.349832 0.943855
11.200000 0.350141 0.943276
11.300000 0.350450 0.942696
11.400000 0.350755 0.942114
11.500000 0.351055 0.941532
11.600000 0.351355 0.940948
11.700000 0.351652 0.940363
11.800000 0.351947 0.939778
11.900000 0.352238 0.939191
12.000000 0.352528 0.938603
12.100000 0.352814 0.938014
12.200000 0.353099 0.937424
12.300000 0.353380 0.936833
12.400000 0.353659 0.936242
12.500000 0.353935 0.935648
12.600000 0.354209 0.935054
12.700000 0.354479 0.934459
12.800000 0.354750 0.933863
12.900000 0.355015 0.933266
13.000000 0.355280 0.932668
13.100000 0.355541 0.932069
13.200000 0.355801 0.931469
13.300000 0.356058 0.930868
13.400000 0.356310 0.930266
13.500000 0.356560 0.929663
13.600000 0.356810 0.929059
13.700000 0.357056 0.928454
13.800000 0.357299 0.927848
13.900000 0.357540 0.927242
14.000000 0.357780 0.926634
14.100000 0.358015 0.926025
14.200000 0.358249 0.925415
14.300000 0.358481 0.924805
14.400000 0.358709 0.924194
14.500000 0.358935 0.923581
14.600000 0.359159 0.922968
14.700000 0.359381 0.922354
14.800000 0.359601 0.921739
14.900000 0.359816 0.921123
15.000000 0.360030 0.920506
15.100000 0.360244 0.919888
15.200000 0.360453 0.919269
15.300000 0.360659 0.918650
15.400000 0.360864 0.918029
15.500000 0.361066 0.917408
15.600000 0.361266 0.916786
15.700000 0.361464 0.916163
15.800000 0.361658 0.915539
15.900000 0.361851 0.914915
16.000000 0.362042 0.914289
16.100000 0.362230 0.913663
16.200000 0.362416 0.913036
16.300000 0.362599 0.912408
16.400000 0.362780 0.911779
16.500000 0.362960 0.911150
16.600000 0.363136 0.910519
16.700000 0.363309 0.909888
16.800000 0.363483 0.909256
16.900000 0.363652 0.908624
17.000000 0.363821 0.907990
17.100000 0.363985 0.907356
17.200000 0.364149 0.906721
17.300000 0.364310 0.906085
17.400000 0.364468 0.905449
17.500000 0.364626 0.904811
17.600000 0.364779 0.904173
17.700000 0.364935 0.903535
17.800000 0.365084 0.902896
17.900000 0.365230 0.902255
18.000000 0.365379 0.901615
18.100000 0.365522 0.900972
18.200000 0.365665 0.900330
18.300000 0.365803 0.899688
18.400000 0.365942 0.899044
18.500000 0.366078 0.898399
18.600000 0.366214 0.897754
18.700000 0.366344 0.897108
18.800000 0.366475 0.896462
18.900000 0.366603 0.895815
19.000000 0.366731 0.895167
19.100000 0.366854 0.894518
19.200000 0.366976 0.893870
19.300000 0.367096 0.893220
19.400000 0.367213 0.892569
19.500000 0.367333 0.891919
19.600000 0.367449 0.891267
19.700000 0.367560 0.890615
19.800000 0.367673 0.889962
19.900000 0.367783 0.889308
20.000000 0.367889 0.888654
20.100000 0.367997 0.887999
20.200000 0.368100 0.887344
20.300000 0.368203 0.886688
20.400000 0.368305 0.886032
20.500000 0.368404 0.885375
20.600000 0.368502 0.884717
20.700000 0.368599 0.884059
20.800000 0.368693 0.883400
20.900000 0.368784 0.882741
21.000000 0.368877 0.882081
21.100000 0.368969 0.881421
21.200000 0.369056 0.880760
21.300000 0.369144 0.880098
21.400000 0.369230 0.879436
21.500000 0.369312 0.878774
21.600000 0.369396 0.878111
21.700000 0.369476 0.877447
21.800000 0.369559 0.876783
21.900000 0.369636 0.876119
22.000000 0.369715 0.875454
22.100000 0.369792 0.874788
22.200000 0.369866 0.874122
22.300000 0.369942 0.873455
22.400000 0.370014 0.872788
22.500000 0.370081 0.872121
22.600000 0.370154 0.871453
22.700000 0.370224 0.870785
22.800000 0.370291 0.870116
22.900000 0.370357 0.869446
23.000000 0.370424 0.868777
23.100000 0.370490 0.868106
23.200000 0.370552 0.867436
23.300000 0.370614 0.866764
23.400000 0.370677 0.866093
23.500000 0.370740 0.865421
23.600000 0.370798 0.864749
23.700000 0.370856 0.864076
23.800000 0.370917 0.863403
23.900000 0.370974 0.862729
24.000000 0.371028 0.862055
24.100000 0.371086 0.861381
24.200000 0.371141 0.860706
24.300000 0.371195 0.860030
24.400000 0.371249 0.859355
24.500000 0.371303 0.858679
24.600000 0.371355 0.858002
24.700000 0.371409 0.857325
24.800000 0.371461 0.856649
24.900000 0.371511 0.855971
25.000000 0.371563 0.855294
25.100000 0.371612 0.854615
25.200000 0.371662 0.853937
25.300000 0.371712 0.853257
25.400000 0.371761 0.852578
25.500000 0.371810 0.851899
25.600000 0.371859 0.851219
25.700000 0.371908 0.850538
25.800000 0.371956 0.849858
25.900000 0.372001 0.849177
26.000000 0.372047 0.848496
26.100000 0.372100 0.847814
26.200000 0.372147 0.847132
26.300000 0.372189 0.846449
26.400000 0.372240 0.845767
26.500000 0.372288 0.845085
26.600000 0.372334 0.844401
26.700000 0.372385 0.843718
26.800000 0.372430 0.843034
26.900000 0.372478 0.842350
27.000000 0.372529 0.841666
27.100000 0.372577 0.840981
27.200000 0.372626 0.840296
27.300000 0.372673 0.839611
27.400000 0.372723 0.838925
27.500000 0.372772 0.838240
27.600000 0.372823 0.837554
27.700000 0.372875 0.836867
27.800000 0.372927 0.836181
27.900000 0.372978 0.835494
28.000000 0.373033 0.834807
28.100000 0.373084 0.834120
28.200000 0.373139 0.833432
28.300000 0.373192 0.832744
28.400000 0.373249 0.832056
28.500000 0.373305 0.831367
28.600000 0.373362 0.830679
28.700000 0.373422 0.829989
28.800000 0.373478 0.829300
28.900000 0.373539 0.828611
29.000000 0.373601 0.827921
29.100000 0.373663 0.827231
29.200000 0.373724 0.826541
29.300000 0.373791 0.825850
29.400000 0.373854 0.825160
29.500000 0.373921 0.824469
29.600000 0.373993 0.823778
29.700000 0.374060 0.823087
29.800000 0.374132 0.822395
29.900000 0.374205 0.821703
30.000000 0.374279 0.821011
30.100000 0.374351 0.820319
30.200000 0.374430 0.819626
30.300000 0.374509 0.818933
30.400000 0.374592 0.818240
30.500000 0.374671 0.817547
30.600000 0.374757 0.816853
30.700000 0.374845 0.816159
30.800000 0.374927 0.815465
30.900000 0.375021 0.814771
31.000000 0.375108 0.814077
31.100000 0.375207 0.813382
31.200000 0.375301 0.812687
31.300000 0.375398 0.811992
31.400000 0.375502 0.811296
31.500000 0.375603 0.810600
31.600000 0.375704 0.809904
31.700000 0.375813 0.809208
31.800000 0.375922 0.808512
31.900000 0.376035 0.807815
32.000000 0.376151 0.807119
32.100000 0.376269 0.806421
32.200000 0.376389 0.805724
32.300000 0.376509 0.805026
32.400000 0.376637 0.804328
32.500000 0.376764 0.803630
32.600000 0.376895 0.802932
32.700000 0.377030 0.802233
32.800000 0.377170 0.801534
32.900000 0.377309 0.800834
33.000000 0.377452 0.800135
33.100000 0.377603 0.799435
33.200000 0.377747 0.798735
33.300000 0.377908 0.798035
33.400000 0.378061 0.797335
33.500000 0.378220 0.796633
33.600000 0.378385 0.795932
33.700000 0.378553 0.795231
33.800000 0.378725 0.794529
33.900000 0.378898 0.793827
34.000000 0.379080 0.793125
34.100000 0.379261 0.792422
34.200000 0.379448 0.791719
34.300000 0.379638 0.791016
34.400000 0.379832 0.790312
34.500000 0.380033 0.789608
34.600000 0.380236 0.788904
34.700000 0.380441 0.788199
34.800000 0.380653 0.787494
34.900000 0.380872 0.786789
35.000000 0.381094 0.786084
35.100000 0.381316 0.785378
35.200000 0.381548 0.784671
35.300000 0.381779 0.783965
35.400000 0.382024 0.783258
35.500000 0.382267 0.782550
35.600000 0.382514 0.781842
35.700000 0.382772 0.781134
35.800000 0.383032 0.780425
35.900000 0.383304 0.779717
36.000000 0.383569 0.779007
36.100000 0.383841 0.778297
36.200000 0.384123 0.777587
36.300000 0.384412 0.776876
36.400000 0.384705 0.776165
36.500000 0.385003 0.775454
36.600000 0.385309 0.774741
36.700000 0.385617 0.774029
36.800000 0.385930 0.773316
36.900000 0.386251 0.772602
37.000000 0.386585 0.771888
37.100000 0.386918 0.771174
37.200000 0.387259 0.770459
37.300000 0.387606 0.769744
37.400000 0.387959 0.769028
37.500000 0.388321 0.768311
37.600000 0.388684 0.767594
37.700000 0.389057 0.766876
37.800000 0.389441 0.766158
37.900000 0.389831 0.765439
38.000000 0.390229 0.764720
38.100000 0.390626 0.764000
38.200000 0.391034 0.763279
38.300000 0.391451 0.762558
38.400000 0.391876 0.761836
38.500000 0.392305 0.761114
38.600000 0.392749 0.760390
38.700000 0.393195 0.759667
38.800000 0.393649 0.758942
38.900000 0.394108 0.758217
39.000000 0.394582 0.757491
39.100000 0.395061 0.756764
39.200000 0.395553 0.756037
39.300000 0.396046 0.755309
39.400000 0.396551 0.754580
39.500000 0.397067 0.753850
39.600000 0.397583 0.753119
39.700000 0.398117 0.752388
39.800000 0.398659 0.751656
39.900000 0.399207 0.750923
40.000000 0.399762 0.750189
40.100000 0.400331 0.749455
40.200000 0.400905 0.748719
40.300000 0.401490 0.747983
40.400000 0.402088 0.747245
40.500000 0.402693 0.746507
40.600000 0.403308 0.745768
40.700000 0.403936 0.745028
40.800000 0.404571 0.744286
40.900000 0.405211 0.743544
41.000000 0.405868 0.742801
41.100000 0.406534 0.742057
41.200000 0.407211 0.741312
41.300000 0.407896 0.740565
41.400000 0.408594 0.739818
41.500000 0.409304 0.739070
41.600000 0.410024 0.738320
41.700000 0.410753 0.737569
41.800000 0.411498 0.736818
41.900000 0.412250 0.736064
42.000000 0.413016 0.735310
42.100000 0.413794 0.734555
42.200000 0.414578 0.733798
42.300000 0.415382 0.733040
42.400000 0.416192 0.732280
42.500000 0.417021 0.731520
42.600000 0.417855 0.730758
42.700000 0.418705 0.729995
42.800000 0.419568 0.729230
42.900000 0.420440 0.728464
43.000000 0.421328 0.727697
43.100000 0.422228 0.726928
43.200000 0.423143 0.726158
43.300000 0.424065 0.725386
43.400000 0.425010 0.724612
43.500000 0.425962 0.723837
43.600000 0.426927 0.723061
43.700000 0.427909 0.722283
43.800000 0.428899 0.721503
43.900000 0.429910 0.720722
44.000000 0.430930 0.719939
44.100000 0.431968 0.719155
44.200000 0.433018 0.718368
44.300000 0.434089 0.717580
44.400000 0.435164 0.716791
44.500000 0.436262 0.715999
44.600000 0.437371 0.715205
44.700000 0.438500 0.714410
44.800000 0.439637 0.713613
44.900000 0.440796 0.712814
45.000000 0.441960 0.712013
45.100000 0.443157 0.711210
45.200000 0.444356 0.710405
45.300000 0.445569 0.709598
45.400000 0.446808 0.708790
45.500000 0.448058 0.707978
45.600000 0.449328 0.707166
45.700000 0.450613 0.706350
45.800000 0.451912 0.705532
45.900000 0.453226 0.704713
46.000000 0.454562 0.703891
46.100000 0.455910 0.703067
46.200000 0.457276 0.702241
46.300000 0.458668 0.701412
46.400000 0.460074 0.700581
46.500000 0.461487 0.699748
46.600000 0.462926 0.698912
46.700000 0.464383 0.698073
46.800000 0.465855 0.697233
46.900000 0.467346 0.696390
47.000000 0.468855 0.695544
47.100000 0.470383 0.694695
47.200000 0.471932 0.693844
47.300000 0.473494 0.692990
47.400000 0.475081 0.692134
47.500000 0.476684 0.691275
47.600000 0.478303 0.690413
47.700000 0.479947 0.689548
47.800000 0.481607 0.688681
47.900000 0.483285 0.687810
48.000000 0.484987 0.686937
48.100000 0.486700 0.686060
48.200000 0.488440 0.685182
48.300000 0.490206 0.684299
48.400000 0.491980 0.683414
48.500000 0.493778 0.682526
48.600000 0.495591 0.681634
48.700000 0.497437 0.680739
48.800000 0.499288 0.679842
48.900000 0.501174 0.678940
49.000000 0.503070 0.678036
49.100000 0.504993 0.677128
49.200000 0.506934 0.676217
49.300000 0.508899 0.675303
49.400000 0.510882 0.674385
49.500000 0.512886 0.673463
49.600000 0.514914 0.672538
49.700000 0.516964 0.671610
49.800000 0.519031 0.670678
49.900000 0.521124 0.669742
50.000000 0.523235 0.668803
50.100000 0.525365 0.667859
50.200000 0.527516 0.666912
50.300000 0.529698 0.665962
50.400000 0.531897 0.665007
50.500000 0.534127 0.664048
50.600000 0.536366 0.663086
50.700000 0.538630 0.662120
50.800000 0.540923 0.661149
50.900000 0.543231 0.660175
51.000000 0.545565 0.659196
51.100000 0.547911 0.658214
51.200000 0.550291 0.657227
51.300000 0.552691 0.656236
51.400000 0.555116 0.655240
51.500000 0.557562 0.654241
51.600000 0.560024 0.653237
51.700000 0.562520 0.652228
51.800000 0.565027 0.651215
51.900000 0.567557 0.650198
52.000000 0.570120 0.649176
52.100000 0.572702 0.648149
52.200000 0.575298 0.647119
52.300000 0.577927 0.646083
52.400000 0.580580 0.645042
52.500000 0.583250 0.643997
52.600000 0.585943 0.642947
52.700000 0.588655 0.641892
52.800000 0.591401 0.640832
52.900000 0.594151 0.639768
53.000000 0.596937 0.638698
53.100000 0.599744 0.637624
53.200000 0.602572 0.636544
53.300000 0.605425 0.635459
53.400000 0.608294 0.634369
53.500000 0.611188 0.633274
53.600000 0.614112 0.632174
53.700000 0.617049 0.631069
53.800000 0.620011 0.629958
53.900000 0.622990 0.628842
54.000000 0.626000 0.627720
54.100000 0.629021 0.626593
54.200000 0.632071 0.625461
54.300000 0.635146 0.624323
54.400000 0.638232 0.623180
54.500000 0.641351 0.622031
54.600000 0.644482 0.620876
54.700000 0.647637 0.619716
54.800000 0.650808 0.618550
54.900000 0.654004 0.617378
55.000000 0.657227 0.616200
55.100000 0.660458 0.615017
55.200000 0.663720 0.613828
55.300000 0.666995 0.612633
55.400000 0.670293 0.611432
55.500000 0.673614 0.610225
55.600000 0.676943 0.609012
55.700000 0.680301 0.607792
55.800000 0.683677 0.606567
55.900000 0.687070 0.605336
56.000000 0.690488 0.604099
56.100000 0.693905 0.602855
56.200000 0.697357 0.601605
56.300000 0.700823 0.600349
56.400000 0.704301 0.599087
56.500000 0.707806 0.597818
56.600000 0.711323 0.596543
56.700000 0.714849 0.595262
56.800000 0.718388 0.593974
56.900000 0.721963 0.592679
57.000000 0.725538 0.591379
57.100000 0.729129 0.590072
57.200000 0.732743 0.588758
57.300000 0.736371 0.587437
57.400000 0.739998 0.586110
57.500000 0.743662 0.584777
57.600000 0.747328 0.583437
57.700000 0.751002 0.582090
57.800000 0.754692 0.580737
57.900000 0.758386 0.579376
58.000000 0.762095 0.578010
58.100000 0.765824 0.576636
58.200000 0.769555 0.575255
58.300000 0.773309 0.573868
58.400000 0.777062 0.572475
58.500000 0.780823 0.571074
58.600000 0.784604 0.569666
58.700000 0.788380 0.568252
58.800000 0.792174 0.566830
58.900000 0.795970 0.565402
59.000000 0.799777 0.563967
59.100000 0.803583 0.562525
59.200000 0.807399 0.561077
59.300000 0.811220 0.559620
59.400000 0.815050 0.558158
59.500000 0.818879 0.556688
59.600000 0.822707 0.555212
59.700000 0.826540 0.553728
59.800000 0.830383 0.552238
59.900000 0.834217 0.550741
60.000000 0.838059 0.549236
60.100000 0.841903 0.547725
60.200000 0.845745 0.546207
60.300000 0.849578 0.544682
60.400000 0.853425 0.543150
60.500000 0.857260 0.541611
60.600000 0.861096 0.540065
60.700000 0.864922 0.538512
60.800000 0.868741 0.536952
60.900000 0.872565 0.535386
61.000000 0.876384 0.533812
61.100000 0.880198 0.532232
61.200000 0.883996 0.530645
61.300000 0.887786 0.529051
61.400000 0.891576 0.527450
61.500000 0.895349 0.525842
61.600000 0.899112 0.524228
61.700000 0.902874 0.522607
61.800000 0.906618 0.520979
61.900000 0.910367 0.519344
62.000000 0.914065 0.517703
62.100000 0.917793 0.516055
62.200000 0.921468 0.514400
62.300000 0.925144 0.512739
62.400000 0.928814 0.511072
62.500000 0.932459 0.509397
62.600000 0.936088 0.507716
62.700000 0.939695 0.506029
62.800000 0.943286 0.504335
62.900000 0.946853 0.502635
63.000000 0.950419 0.500929
63.100000 0.953929 0.499216
63.200000 0.957436 0.497498
63.300000 0.960924 0.495772
63.400000 0.964397 0.494041
63.500000 0.967826 0.492304
63.600000 0.971232 0.490560
63.700000 0.974611 0.488811
63.800000 0.977964 0.487056
63.900000 0.981287 0.485294
64.000000 0.984601 0.483527
64.100000 0.987869 0.481754
64.200000 0.991117 0.479976
64.300000 0.994331 0.478191
64.400000 0.997511 0.476402
64.500000 1.000671 0.474606
64.600000 1.003772 0.472805
64.700000 1.006840 0.470999
64.800000 1.009883 0.469187
64.900000 1.012884 0.467371
65.000000 1.015856 0.465549
65.100000 1.018810 0.463722
65.200000 1.021689 0.461890
65.300000 1.024555 0.460052
65.400000 1.027368 0.458210
65.500000 1.030146 0.456364
65.600000 1.032881 0.454512
65.700000 1.035583 0.452656
65.800000 1.038232 0.450795
65.900000 1.040839 0.448930
66.000000 1.043416 0.447061
66.100000 1.045947 0.445187
66.200000 1.048420 0.443309
66.300000 1.050843 0.441427
66.400000 1.053226 0.439540
66.500000 1.055567 0.437651
66.600000 1.057869 0.435757
66.700000 1.060093 0.433859
66.800000 1.062284 0.431958
66.900000 1.064435 0.430053
67.000000 1.066519 0.428145
67.100000 1.068564 0.426233
67.200000 1.070544 0.424318
67.300000 1.072491 0.422400
67.400000 1.074370 0.420479
67.500000 1.076197 0.418555
67.600000 1.077989 0.416628
67.700000 1.079684 0.414699
67.800000 1.081372 0.412766
67.900000 1.082972 0.410832
68.000000 1.084545 0.408895
68.100000 1.086038 0.406955
68.200000 1.087507 0.405014
68.300000 1.088873 0.403070
68.400000 1.090197 0.401125
68.500000 1.091477 0.399178
68.600000 1.092684 0.397229
68.700000 1.093859 0.395278
68.800000 1.094941 0.393326
68.900000 1.095991 0.391372
69.000000 1.096952 0.389417
69.100000 1.097876 0.387462
69.200000 1.098726 0.385505
69.300000 1.099521 0.383547
69.400000 1.100264 0.381588
69.500000 1.100950 0.379629
69.600000 1.101556 0.377669
69.700000 1.102111 0.375709
69.800000 1.102582 0.373748
69.900000 1.103029 0.371787
70.000000 1.103397 0.369826
70.100000 1.103707 0.367866
70.200000 1.103961 0.365905
70.300000 1.104149 0.363945
70.400000 1.104260 0.361985
70.500000 1.104302 0.360025
70.600000 1.104269 0.358067
70.700000 1.104231 0.356109
70.800000 1.104107 0.354152
70.900000 1.103915 0.352196
71.000000 1.103660 0.350241
71.100000 1.103336 0.348287
71.200000 1.102983 0.346335
71.300000 1.102521 0.344384
71.400000 1.102037 0.342435
71.500000 1.101472 0.340488
71.600000 1.100849 0.338542
71.700000 1.100160 0.336599
71.800000 1.099401 0.334658
71.900000 1.098607 0.332718
72.000000 1.097735 0.330782
72.100000 1.096803 0.328847
72.200000 1.095811 0.326915
72.300000 1.094756 0.324986
72.400000 1.093658 0.323060
72.500000 1.092491 0.321137
72.600000 1.091245 0.319216
72.700000 1.089964 0.317299
72.800000 1.088630 0.315385
72.900000 1.087214 0.313475
73.000000 1.085762 0.311568
73.100000 1.084216 0.309664
73.200000 1.082667 0.307764
73.300000 1.081055 0.305868
73.400000 1.079338 0.303976
73.500000 1.077611 0.302088
73.600000 1.075820 0.300205
73.700000 1.073953 0.298325
73.800000 1.072061 0.296450
73.900000 1.070108 0.294579
74.000000 1.068087 0.292712
74.100000 1.065996 0.290851
74.200000 1.063901 0.288994
74.300000 1.061737 0.287142
74.400000 1.059501 0.285295
74.500000 1.057232 0.283453
74.600000 1.054922 0.281616
74.700000 1.052570 0.279784
74.800000 1.050137 0.277958
74.900000 1.047673 0.276137
75.000000 1.045177 0.274321
75.100000 1.042606 0.272511
75.200000 1.039996 0.270707
75.300000 1.037360 0.268909
75.400000 1.034666 0.267116
75.500000 1.031930 0.265329
75.600000 1.029163 0.263549
75.700000 1.026351 0.261774
75.800000 1.023461 0.260006
75.900000 1.020566 0.258244
76.000000 1.017625 0.256488
76.100000 1.014635 0.254739
76.200000 1.011589 0.252996
76.300000 1.008525 0.251260
76.400000 1.005425 0.249530
76.500000 1.002298 0.247807
76.600000 0.999132 0.246091
76.700000 0.995935 0.244381
76.800000 0.992686 0.242679
76.900000 0.989414 0.240983
77.000000 0.986098 0.239295
77.100000 0.982740 0.237613
77.200000 0.979375 0.235939
77.300000 0.975973 0.234272
77.400000 0.972550 0.232612
77.500000 0.969074 0.230959
77.600000 0.965587 0.229314
77.700000 0.962063 0.227676
77.800000 0.958490 0.226046
77.900000 0.954922 0.224423
78.000000 0.951317 0.222808
78.100000 0.947707 0.221201
78.200000 0.944051 0.219600
78.300000 0.940394 0.218008
78.400000 0.936674 0.216424
78.500000 0.932981 0.214847
78.600000 0.929230 0.213278
78.700000 0.925466 0.211717
78.800000 0.921701 0.210164
78.900000 0.917885 0.208618
79.000000 0.914083 0.207081
79.100000 0.910261 0.205552
79.200000 0.906370 0.204030
79.300000 0.902503 0.202517
79.400000 0.898632 0.201012
79.500000 0.894761 0.199515
79.600000 0.890821 0.198026
79.700000 0.886897 0.196545
79.800000 0.882969 0.195072
79.900000 0.879009 0.193608
80.000000 0.875057 0.192151
80.100000 0.871059 0.190703
80.200000 0.867082 0.189263
80.300000 0.863111 0.187832
80.400000 0.859092 0.186409
80.500000 0.855080 0.184993
80.600000 0.851076 0.183587
80.700000 0.847048 0.182188
80.800000 0.843032 0.180798
80.900000 0.838982 0.179416
81.000000 0.834960 0.178043
81.100000 0.830896 0.176678
81.200000 0.826862 0.175321
81.300000 0.822825 0.173973
81.400000 0.818754 0.172633
81.500000 0.814701 0.171301
81.600000 0.810646 0.169977
81.700000 0.806593 0.168662
81.800000 0.802529 0.167356
81.900000 0.798479 0.166057
82.000000 0.794430 0.164767
82.100000 0.790346 0.163485
82.200000 0.786322 0.162212
82.300000 0.782263 0.160947
82.400000 0.778211 0.159690
82.500000 0.774138 0.158441
82.600000 0.770091 0.157201
82.700000 0.766075 0.155969
82.800000 0.762052 0.154745
82.900000 0.758033 0.153530
83.000000 0.753995 0.152323
83.100000 0.749983 0.151124
83.200000 0.745984 0.149933
83.300000 0.741968 0.148750
83.400000 0.737981 0.147576
83.500000 0.733968 0.146410
83.600000 0.730033 0.145251
83.700000 0.726055 0.144101
83.800000 0.722086 0.142959
83.900000 0.718132 0.141825
84.000000 0.714202 0.140700
84.100000 0.710265 0.139582
84.200000 0.706335 0.138472
84.300000 0.702405 0.137370
84.400000 0.698511 0.136276
84.500000 0.694629 0.135190
84.600000 0.690747 0.134112
84.700000 0.686886 0.133041
84.800000 0.683055 0.131979
84.900000 0.679229 0.130924
85.000000 0.675363 0.129878
85.100000 0.671584 0.128839
85.200000 0.667763 0.127807
85.300000 0.664009 0.126784
85.400000 0.660229 0.125768
85.500000 0.656482 0.124759
85.600000 0.652730 0.123759
85.700000 0.648972 0.122765
85.800000 0.645279 0.121780
85.900000 0.641603 0.120802
86.000000 0.637913 0.119831
86.100000 0.634245 0.118868
86.200000 0.630593 0.117912
86.300000 0.626962 0.116964
86.400000 0.623346 0.116023
86.500000 0.619735 0.115089
86.600000 0.616152 0.114162
86.700000 0.612610 0.113243
86.800000 0.609041 0.112331
86.900000 0.605510 0.111426
87.000000 0.602010 0.110528
87.100000 0.598504 0.109638
87.200000 0.595020 0.108754
87.300000 0.591551 0.107877
87.400000 0.588150 0.107007
87.500000 0.584679 0.106145
87.600000 0.581303 0.105289
87.700000 0.577893 0.104440
87.800000 0.574536 0.103598
87.900000 0.571162 0.102762
88.000000 0.567864 0.101934
88.100000 0.564533 0.101112
88.200000 0.561242 0.100296
88.300000 0.557957 0.099488
88.400000 0.554702 0.098686
88.500000 0.551481 0.097890
88.600000 0.548237 0.097101
88.700000 0.545053 0.096318
88.800000 0.541885 0.095542
88.900000 0.538725 0.094773
89.000000 0.535559 0.094009
89.100000 0.532478 0.093252
89.200000 0.529323 0.092501
89.300000 0.526251 0.091757
89.400000 0.523180 0.091018
89.500000 0.520137 0.090286
89.600000 0.517114 0.089560
89.700000 0.514130 0.088839
89.800000 0.511096 0.088125
89.900000 0.508154 0.087417
90.000000 0.505209 0.086715
90.100000 0.502301 0.086019
90.200000 0.499355 0.085328
90.300000 0.496476 0.084644
90.400000 0.493599 0.083965
90.500000 0.490774 0.083292
90.600000 0.487925 0.082624
90.700000 0.485116 0.081963
90.800000 0.482319 0.081307
90.900000 0.479542 0.080656
91.000000 0.476789 0.080011
91.100000 0.474079 0.079372
91.200000 0.471372 0.078738
91.300000 0.468672 0.078109
91.400000 0.465984 0.077486
91.500000 0.463317 0.076868
91.600000 0.460691 0.076255
91.700000 0.458072 0.075648
91.800000 0.455473 0.075046
91.900000 0.452903 0.074449
92.000000 0.450328 0.073857
92.100000 0.447757 0.073271
92.200000 0.445267 0.072689
92.300000 0.442746 0.072113
92.400000 0.440276 0.071541
92.500000 0.437814 0.070974
92.600000 0.435383 0.070413
92.700000 0.432911 0.069856
92.800000 0.430520 0.069304
92.900000 0.428122 0.068757
93.000000 0.425759 0.068214
93.100000 0.423368 0.067676
93.200000 0.421062 0.067143
93.300000 0.418717 0.066615
93.400000 0.416383 0.066091
93.500000 0.414161 0.065572
93.600000 0.411871 0.065058
93.700000 0.409641 0.064547
93.800000 0.407367 0.064042
93.900000 0.405175 0.063541
94.000000 0.402972 0.063044
94.100000 0.400779 0.062551
94.200000 0.398642 0.062063
94.300000 0.396543 0.061579
94.400000 0.394375 0.061100
94.500000 0.392306 0.060624
94.600000 0.390175 0.060153
94.700000 0.388118 0.059686
94.800000 0.386062 0.059223
94.900000 0.383998 0.058764
95.000000 0.381953 0.058309
95.100000 0.379992 0.057858
95.200000 0.378003 0.057412
95.300000 0.376006 0.056969
95.400000 0.374045 0.056530
95.500000 0.372097 0.056095
95.600000 0.370201 0.055663
95.700000 0.368286 0.055236
95.800000 0.366398 0.054812
95.900000 0.364513 0.054392
96.000000 0.362648 0.053976
96.100000 0.360756 0.053564
96.200000 0.358941 0.053155
96.300000 0.357116 0.052750
96.400000 0.355343 0.052348
96.500000 0.353540 0.051950
96.600000 0.351785 0.051555
96.700000 0.350029 0.051164
96.800000 0.348238 0.050777
96.900000 0.346554 0.050392
97.000000 0.344836 0.050012
97.100000 0.343132 0.049634
97.200000 0.341427 0.049260
97.300000 0.339763 0.048890
97.400000 0.338102 0.048522
97.500000 0.336491 0.048158
97.600000 0.334847 0.047797
97.700000 0.333251 0.047439
97.800000 0.331618 0.047085
97.900000 0.330058 0.046733
98.000000 0.328479 0.046385
98.100000 0.326918 0.046040
98.200000 0.325367 0.045698
98.300000 0.323856 0.045359
98.400000 0.322353 0.045023
98.500000 0.320855 0.044690
98.600000 0.319327 0.044359
98.700000 0.317823 0.044032
98.800000 0.316395 0.043708
98.900000 0.314921 0.043387
99.000000 0.313484 0.043068
99.100000 0.312030 0.042752
99.200000 0.310656 0.042439
99.300000 0.309232 0.042129
99.400000 0.307842 0.041822
99.500000 0.306489 0.041517
99.600000 0.305144 0.041215
99.700000 0.303757 0.040916
99.800000 0.302413 0.040619
99.900000 0.301067 0.040325
100.000000 0.299749 0.040033
100.100000 0.298473 0.039745
100.200000 0.297105 0.039458
100.300000 0.295892 0.039175
100.400000 0.294611 0.038893
100.500000 0.293351 0.038615
100.600000 0.292087 0.038338
100.700000 0.290867 0.038064
100.800000 0.289646 0.037793
100.900000 0.288412 0.037524
101.000000 0.287215 0.037257
101.100000 0.286010 0.036993
101.200000 0.284793 0.036731
101.300000 0.283660 0.036471
101.400000 0.282475 0.036214
101.500000 0.281340 0.035959
101.600000 0.280159 0.035706
101.700000 0.279042 0.035455
101.800000 0.277906 0.035207
101.900000 0.276791 0.034961
102.000000 0.275650 0.034717
102.100000 0.274567 0.034475
102.200000 0.273467 0.034235
102.300000 0.272411 0.033997
102.400000 0.271349 0.033762
102.500000 0.270338 0.033528
102.600000 0.269234 0.033296
102.700000 0.268211 0.033067
102.800000 0.267208 0.032840
102.900000 0.266134 0.032614
103.000000 0.265147 0.032391
103.100000 0.264165 0.032169
103.200000 0.263100 0.031950
103.300000 0.262146 0.031732
103.400000 0.261187 0.031516
103.500000 0.260277 0.031302
103.600000 0.259279 0.031090
103.700000 0.258304 0.030880
103.800000 0.257361 0.030672
103.900000 0.256398 0.030465
104.000000 0.255507 0.030261
104.100000 0.254598 0.030058
104.200000 0.253697 0.029856
104.300000 0.252782 0.029657
104.400000 0.251879 0.029459
104.500000 0.251014 0.029263
104.600000 0.250075 0.029069
104.700000 0.249213 0.028876
104.800000 0.248393 0.028686
104.900000 0.247549 0.028496
105.000000 0.246693 0.028309
105.100000 0.245819 0.028123
105.200000 0.244966 0.027938
105.300000 0.244192 0.027755
105.400000 0.243390 0.027574
105.500000 0.242523 0.027395
105.600000 0.241763 0.027217
105.700000 0.240959 0.027040
105.800000 0.240179 0.026865
105.900000 0.239380 0.026691
106.000000 0.238581 0.026519
106.100000 0.237832 0.026349
106.200000 0.237084 0.026180
106.300000 0.236312 0.026012
106.400000 0.235542 0.025846
106.500000 0.234832 0.025681
106.600000 0.234097 0.025517
106.700000 0.233296 0.025355
106.800000 0.232609 0.025195
106.900000 0.231915 0.025036
107.000000 0.231178 0.024878
107.100000 0.230498 0.024721
107.200000 0.229774 0.024566
107.300000 0.229063 0.024412
107.400000 0.228398 0.024260
107.500000 0.227685 0.024108
107.600000 0.227049 0.023958
107.700000 0.226397 0.023810
107.800000 0.225684 0.023662
107.900000 0.225013 0.023516
108.000000 0.224392 0.023371
108.100000 0.223737 0.023227
108.200000 0.223074 0.023085
108.300000 0.222465 0.022943
108.400000 0.221819 0.022803
108.500000 0.221148 0.022664
108.600000 0.220557 0.022526
108.700000 0.219910 0.022390
108.800000 0.219329 0.022254
108.900000 0.218723 0.022120
109.000000 0.218143 0.021987
109.100000 0.217534 0.021855
109.200000 0.216960 0.021724
109.300000 0.216352 0.021594
109.400000 0.215747 0.021465
109.500000 0.215219 0.021337
109.600000 0.214638 0.021210
109.700000 0.214050 0.021085
109.800000 0.213478 0.020960
109.900000 0.212916 0.020837
110.000000 0.212367 0.020714
110.100000 0.211786 0.020593
110.200000 0.211302 0.020472
110.300000 0.210755 0.020353
110.400000 0.210220 0.020234
110.500000 0.209662 0.020117
110.600000 0.209138 0.020000
110.700000 0.208606 0.019885
110.800000 0.208112 0.019770
110.900000 0.207583 0.019656
111.000000 0.207031 0.019544
111.100000 0.206563 0.019432
111.200000 0.206065 0.019321
111.300000 0.205543 0.019211
111.400000 0.205088 0.019102
111.500000 0.204596 0.018994
111.600000 0.204112 0.018886
111.700000 0.203605 0.018780
111.800000 0.203119 0.018674
111.900000 0.202634 0.018569
112.000000 0.202157 0.018466
112.100000 0.201734 0.018363
112.200000 0.201198 0.018260
112.300000 0.200787 0.018159
112.400000 0.200348 0.018059
112.500000 0.199902 0.017959
112.600000 0.199439 0.017860
112.700000 0.198993 0.017762
112.800000 0.198526 0.017665
112.900000 0.198067 0.017568
113.000000 0.197650 0.017472
113.100000 0.197203 0.017377
113.200000 0.196763 0.017283
113.300000 0.196373 0.017190
113.400000 0.195983 0.017097
113.500000 0.195540 0.017005
113.600000 0.195105 0.016914
113.700000 0.194731 0.016823
113.800000 0.194301 0.016733
113.900000 0.193895 0.016644
114.000000 0.193499 0.016556
114.100000 0.193061 0.016468
114.200000 0.192660 0.016381
114.300000 0.192275 0.016295
114.400000 0.191866 0.016210
114.500000 0.191514 0.016125
114.600000 0.191127 0.016041
114.700000 0.190736 0.015957
114.800000 0.190322 0.015874
114.900000 0.189959 0.015792
115.000000 0.189575 0.015710
115.100000 0.189208 0.015629
115.200000 0.188839 0.015549
115.300000 0.188495 0.015469
115.400000 0.188126 0.015390
115.500000 0.187759 0.015312
115.600000 0.187408 0.015234
115.700000 0.187018 0.015157
115.800000 0.186678 0.015080
115.900000 0.186296 0.015004
116.000000 0.185976 0.014929
116.100000 0.185627 0.014854
116.200000 0.185278 0.014780
116.300000 0.184947 0.014706
116.400000 0.184599 0.014633
116.500000 0.184284 0.014560
116.600000 0.183915 0.014488
116.700000 0.183609 0.014417
116.800000 0.183294 0.014346
116.900000 0.182912 0.014276
117.000000 0.182608 0.014206
117.100000 0.182251 0.014137
117.200000 0.181941 0.014068
117.300000 0.181594 0.014000
117.400000 0.181298 0.013932
117.500000 0.180999 0.013865
117.600000 0.180672 0.013798
117.700000 0.180357 0.013732
117.800000 0.180065 0.013666
117.900000 0.179748 0.013601
118.000000 0.179418 0.013537
118.100000 0.179106 0.013472
118.200000 0.178791 0.013409
118.300000 0.178556 0.013346
118.400000 0.178269 0.013283
118.500000 0.177977 0.013221
118.600000 0.177683 0.013159
118.700000 0.177347 0.013098
118.800000 0.177098 0.013037
118.900000 0.176769 0.012976
119.000000 0.176494 0.012916
119.100000 0.176211 0.012857
119.200000 0.175938 0.012798
119.300000 0.175657 0.012739
119.400000 0.175347 0.012681
119.500000 0.175090 0.012623
119.600000 0.174752 0.012566
119.700000 0.174503 0.012509
119.800000 0.174239 0.012453
119.900000 0.173956 0.012397
120.000000 0.173692 0.012341
120.100000 0.173397 0.012286
120.200000 0.173169 0.012231
120.300000 0.172883 0.012177
120.400000 0.172614 0.012123
120.500000 0.172341 0.012069
120.600000 0.172094 0.012016
120.700000 0.171866 0.011963
120.800000 0.171569 0.011911
120.900000 0.171308 0.011859
121.000000 0.171081 0.011807
121.100000 0.170779 0.011756
121.200000 0.170547 0.011705
121.300000 0.170294 0.011654
121.400000 0.170068 0.011604
121.500000 0.169781 0.011554
121.600000 0.169580 0.011505
121.700000 0.169283 0.011456
121.800000 0.169047 0.011407
121.900000 0.168821 0.011358
122.000000 0.168578 0.011310
122.100000 0.168283 0.011263
122.200000 0.168078 0.011215
122.300000 0.167848 0.011168
122.400000 0.167625 0.011122
122.500000 0.167383 0.011075
122.600000 0.167163 0.011029
122.700000 0.166906 0.010984
122.800000 0.166686 0.010938
122.900000 0.166461 0.010893
123.000000 0.166203 0.010848
123.100000 0.165996 0.010804
123.200000 0.165748 0.010760
123.300000 0.165547 0.010716
123.400000 0.165298 0.010673
123.500000 0.165086 0.010629
123.600000 0.164840 0.010587
123.700000 0.164635 0.010544
123.800000 0.164397 0.010502
123.900000 0.164196 0.010460
124.000000 0.163968 0.010418
124.100000 0.163745 0.010377
124.200000 0.163500 0.010336
124.300000 0.163328 0.010295
124.400000 0.163076 0.010254
124.500000 0.162885 0.010214
124.600000 0.162670 0.010174
124.700000 0.162449 0.010134
124.800000 0.162268 0.010095
124.900000 0.162076 0.010056
125.000000 0.161828 0.010017
125.100000 0.161619 0.009978
125.200000 0.161427 0.009940
125.300000 0.161189 0.009902
125.400000 0.161012 0.009864
125.500000 0.160784 0.009826
125.600000 0.160584 0.009789
125.700000 0.160367 0.009752
125.800000 0.160166 0.009715
125.900000 0.159972 0.009679
126.000000 0.159771 0.009642
126.100000 0.159563 0.009606
126.200000 0.159395 0.009571
126.300000 0.159168 0.009535
126.400000 0.158967 0.009500
126.500000 0.158762 0.009464
126.600000 0.158561 0.009430
126.700000 0.158346 0.009395
126.800000 0.158163 0.009361
126.900000 0.157990 0.009326
127.000000 0.157749 0.009292
127.100000 0.157612 0.009259
127.200000 0.157392 0.009225
127.300000 0.157194 0.009192
127.400000 0.157028 0.009159
127.500000 0.156834 0.009126
127.600000 0.156621 0.009093
127.700000 0.156416 0.009061
127.800000 0.156275 0.009029
127.900000 0.156056 0.008997
128.000000 0.155836 0.008965
128.100000 0.155659 0.008934
128.200000 0.155490 0.008902
128.300000 0.155307 0.008871
128.400000 0.155165 0.008840
128.500000 0.154955 0.008809
128.600000 0.154747 0.008779
128.700000 0.154578 0.008749
128.800000 0.154376 0.008718
128.900000 0.154208 0.008688
129.000000 0.154020 0.008659
129.100000 0.153842 0.008629
129.200000 0.153657 0.008600
129.300000 0.153499 0.008571
129.400000 0.153318 0.008542
129.500000 0.153122 0.008513
129.600000 0.152955 0.008484
129.700000 0.152759 0.008456
129.800000 0.152598 0.008427
129.900000 0.152397 0.008399
130.000000 0.152218 0.008371
130.100000 0.152050 0.008344
130.200000 0.151872 0.008316
130.300000 0.151686 0.008289
130.400000 0.151528 0.008261
130.500000 0.151357 0.008234
130.600000 0.151150 0.008208
130.700000 0.150993 0.008181
130.800000 0.150822 0.008154
130.900000 0.150657 0.008128
131.000000 0.150469 0.008102
131.100000 0.150303 0.008076
131.200000 0.150128 0.008050
131.300000 0.149963 0.008024
131.400000 0.149787 0.007998
131.500000 0.149598 0.007973
131.600000 0.149437 0.007948
131.700000 0.149296 0.007923
131.800000 0.149144 0.007898
131.900000 0.148991 0.007873
132.000000 0.148764 0.007848
132.100000 0.148649 0.007824
132.200000 0.148463 0.007800
132.300000 0.148265 0.007775
132.400000 0.148153 0.007751
132.500000 0.147961 0.007727
132.600000 0.147817 0.007704
132.700000 0.147604 0.007680
132.800000 0.147488 0.007657
132.900000 0.147320 0.007633
133.000000 0.147149 0.007610
133.100000 0.146988 0.007587
133.200000 0.146830 0.007564
133.300000 0.146650 0.007541
133.400000 0.146478 0.007519
133.500000 0.146303 0.007496
133.600000 0.146151 0.007474
133.700000 0.146012 0.007452
133.800000 0.145847 0.007430
133.900000 0.145683 0.007408
134.000000 0.145521 0.007386
134.100000 0.145385 0.007364
134.200000 0.145201 0.007343
134.300000 0.145038 0.007321
134.400000 0.144866 0.007300
134.500000 0.144711 0.007279
134.600000 0.144558 0.007257
134.700000 0.144398 0.007237
134.800000 0.144236 0.007216
134.900000 0.144099 0.007195
135.000000 0.143923 0.007174
135.100000 0.143765 0.007154
135.200000 0.143580 0.007134
135.300000 0.143479 0.007113
135.400000 0.143312 0.007093
135.500000 0.143130 0.007073
135.600000 0.142950 0.007053
135.700000 0.142821 0.007034
135.800000 0.142670 0.007014
135.900000 0.142518 0.006994
136.000000 0.142382 0.006975
136.100000 0.142176 0.006956
136.200000 0.142036 0.006936
136.300000 0.141909 0.006917
136.400000 0.141737 0.006898
136.500000 0.141622 0.006879
136.600000 0.141412 0.006861
136.700000 0.141316 0.006842
136.800000 0.141148 0.006823
136.900000 0.140999 0.006805
137.000000 0.140826 0.006786
137.100000 0.140660 0.006768
137.200000 0.140514 0.006750
137.300000 0.140362 0.006732
137.400000 0.140201 0.006714
137.500000 0.140050 0.006696
137.600000 0.139902 0.006678
137.700000 0.139771 0.006661
137.800000 0.139601 0.006643
137.900000 0.139474 0.006626
138.000000 0.139297 0.006608
138.100000 0.139148 0.006591
138.200000 0.138984 0.006574
138.300000 0.138827 0.006557
138.400000 0.138686 0.006540
138.500000 0.138536 0.006523
138.600000 0.138396 0.006506
138.700000 0.138196 0.006489
138.800000 0.138076 0.006473
138.900000 0.137931 0.006456
139.000000 0.137805 0.006439
139.100000 0.137615 0.006423
139.200000 0.137507 0.006407
139.300000 0.137347 0.006391
139.400000 0.137190 0.006375
139.500000 0.137051 0.006358
139.600000 0.136877 0.006343
139.700000 0.136748 0.006327
139.800000 0.136600 0.006311
139.900000 0.136414 0.006295
