1 1 P 17.028999 1.168000 99.124001 2.110000 -1.000000 0.000000
1 2 S 18.016001 -0.789000 95.804001 1.800000 0.000000 0.000000
1 3 A 15.146000 -0.467000 93.889999 1.530000 0.000000 0.000000
1 4 P 20.386999 1.773000 94.057999 2.110000 -1.000000 0.000000
1 5 S 20.936001 0.040000 90.449997 1.800000 0.000000 0.000000
1 6 T 17.872999 1.111000 89.028999 1.530000 0.000000 0.000000
1 7 P 23.025999 2.794000 88.353996 2.110000 -1.000000 0.000000
1 8 S 22.004999 3.092000 84.498001 1.800000 0.000000 0.000000
1 9 C 18.363001 3.267000 84.821999 1.530000 0.000000 0.000000
1 10 P 23.493999 6.730000 83.335999 2.110000 -1.000000 0.000000
1 11 S 21.926001 6.422000 79.647003 1.800000 0.000000 0.000000
1 12 C 18.650000 6.372000 80.877998 1.530000 0.000000 0.000000
1 13 P 22.215000 9.805000 77.483002 2.110000 -1.000000 0.000000
1 14 S 18.441000 10.162000 76.630997 1.800000 0.000000 0.000000
1 15 T 17.434999 11.490000 79.750999 1.530000 0.000000 0.000000
1 16 P 18.424999 13.793000 74.624001 2.110000 -1.000000 0.000000
1 17 S 15.363000 16.400999 74.731003 1.800000 0.000000 0.000000
1 18 A 17.190001 16.424000 77.985001 1.530000 0.000000 0.000000
1 19 P 16.313999 19.825001 73.245003 2.110000 -1.000000 0.000000
1 20 S 14.025000 22.954000 74.073997 1.800000 0.000000 0.000000
1 21 G 14.232000 23.278999 77.542000 1.530000 0.000000 0.000000
1 22 P 14.006000 26.472000 72.244003 2.110000 -1.000000 0.000000
1 23 S 12.898000 28.878000 75.091003 1.800000 0.000000 0.000000
1 24 T 11.120000 26.549000 77.108002 1.530000 0.000000 0.000000
1 25 P 15.437000 29.235001 78.195999 2.110000 -1.000000 0.000000
1 26 S 14.175000 29.618999 81.931999 1.800000 0.000000 0.000000
1 27 T 14.347000 26.042000 81.439003 1.530000 0.000000 0.000000
1 28 P 16.739000 29.652000 85.038002 2.110000 -1.000000 0.000000
1 29 S 14.846000 26.485001 86.536003 1.800000 0.000000 0.000000
1 30 A 14.630000 28.263000 89.792000 1.530000 0.000000 0.000000
1 31 P 11.041000 25.902000 85.601997 2.110000 -1.000000 0.000000
1 32 S 11.953000 22.886999 83.412003 1.800000 0.000000 0.000000
1 33 T 14.396000 20.784000 85.257004 1.530000 0.000000 0.000000
1 34 P 9.278000 20.041000 82.252998 2.110000 -1.000000 0.000000
1 35 S 10.455000 16.650999 80.681999 1.800000 0.000000 0.000000
1 36 A 12.142000 17.089001 83.845001 1.530000 0.000000 0.000000
1 37 P 9.650000 12.787000 81.329002 2.110000 -1.000000 0.000000
1 38 S 13.191000 10.985000 80.959999 1.800000 0.000000 0.000000
1 39 G 12.287000 12.151000 84.138000 1.530000 0.000000 0.000000
1 40 P 11.411000 7.445000 80.689003 2.110000 -1.000000 0.000000
1 41 S 12.732000 5.482000 83.667000 1.800000 0.000000 0.000000
1 42 G 10.577000 7.779000 85.339996 1.530000 0.000000 0.000000
1 43 P 11.379000 1.830000 84.526001 2.110000 -1.000000 0.000000
1 44 S 12.453000 2.369000 88.280998 1.800000 0.000000 0.000000
1 45 A 9.573000 4.344000 89.066002 1.530000 0.000000 0.000000
1 46 P 10.913000 0.092000 91.125000 2.110000 -1.000000 0.000000
1 47 S 10.138000 2.169000 94.601997 1.800000 0.000000 0.000000
1 48 T 10.369000 -0.634000 96.586998 1.530000 0.000000 0.000000
1 49 P 6.517000 3.530000 94.161003 2.110000 -1.000000 0.000000
