35000 1 P 7.476780 10.360334 110.478699 2.110000 -1.000000 0.000000
35000 2 S 9.119104 7.488202 108.430084 1.800000 0.000000 0.000000
35000 3 A 10.125213 5.605268 110.984856 1.530000 0.000000 0.000000
35000 4 P 11.903415 8.523354 105.961327 2.110000 -1.000000 0.000000
35000 5 S 12.652639 6.469115 102.647797 1.800000 0.000000 0.000000
35000 6 T 10.881104 5.946423 99.526352 1.530000 0.000000 0.000000
35000 7 P 15.010025 8.617710 100.337044 2.110000 -1.000000 0.000000
35000 8 S 14.055754 7.819939 96.619278 1.800000 0.000000 0.000000
35000 9 C 11.021630 9.347155 95.511726 1.530000 0.000000 0.000000
35000 10 P 15.555637 9.784371 93.634064 2.110000 -1.000000 0.000000
35000 11 S 12.077144 9.666411 91.913025 1.800000 0.000000 0.000000
35000 12 C 9.420686 11.698857 92.911728 1.530000 0.000000 0.000000
35000 13 P 12.292974 12.033041 88.732956 2.110000 -1.000000 0.000000
35000 14 S 9.485690 14.034911 86.761238 1.800000 0.000000 0.000000
35000 15 T 9.453307 16.583502 89.240906 1.530000 0.000000 0.000000
35000 16 P 10.835645 16.742033 83.984520 2.110000 -1.000000 0.000000
35000 17 S 8.797790 19.841215 85.227829 1.800000 0.000000 0.000000
35000 18 A 10.066567 21.536947 88.020531 1.530000 0.000000 0.000000
35000 19 P 10.544615 22.913511 83.107430 2.110000 -1.000000 0.000000
35000 20 S 10.140866 26.477602 84.782028 1.800000 0.000000 0.000000
35000 21 G 11.852102 26.654043 87.892105 1.530000 0.000000 0.000000
35000 22 P 12.408456 28.645035 82.431046 2.110000 -1.000000 0.000000
35000 23 S 14.493633 25.256239 82.555313 1.800000 0.000000 0.000000
35000 24 T 11.763354 24.644691 80.588684 1.530000 0.000000 0.000000
35000 25 P 15.362363 21.480570 82.483612 2.110000 -1.000000 0.000000
35000 26 S 18.782766 22.904806 84.107483 1.800000 0.000000 0.000000
35000 27 T 17.676252 24.247107 87.150520 1.530000 0.000000 0.000000
35000 28 P 19.751703 19.324738 85.977699 2.110000 -1.000000 0.000000
35000 29 S 19.821743 21.131691 89.418221 1.800000 0.000000 0.000000
35000 30 A 16.699644 21.996639 90.859413 1.530000 0.000000 0.000000
35000 31 P 20.343557 19.814062 93.039116 2.110000 -1.000000 0.000000
35000 32 S 18.563126 22.584330 95.198387 1.800000 0.000000 0.000000
35000 33 T 15.171078 22.433069 94.491821 1.530000 0.000000 0.000000
35000 34 P 17.944489 21.635632 98.940590 2.110000 -1.000000 0.000000
35000 35 S 14.396265 23.243643 99.344460 1.800000 0.000000 0.000000
35000 36 A 12.146525 21.477459 96.995171 1.530000 0.000000 0.000000
35000 37 P 12.085078 21.838511 101.963638 2.110000 -1.000000 0.000000
35000 38 S 8.697595 22.196537 99.864281 1.800000 0.000000 0.000000
35000 39 G 7.897764 20.117577 97.011841 1.530000 0.000000 0.000000
35000 40 P 5.667659 19.997734 100.909607 2.110000 -1.000000 0.000000
35000 41 S 2.820461 17.947157 98.856766 1.800000 0.000000 0.000000
35000 42 G 5.782897 16.198965 97.885460 1.530000 0.000000 0.000000
35000 43 P 0.231839 14.855441 99.666412 2.110000 -1.000000 0.000000
35000 44 S 1.414798 12.720522 96.558891 1.800000 0.000000 0.000000
35000 45 A 4.998475 11.627557 97.167618 1.530000 0.000000 0.000000
35000 46 P 1.112590 8.997711 95.323608 2.110000 -1.000000 0.000000
35000 47 S 4.587158 7.658572 93.980736 1.800000 0.000000 0.000000
35000 48 T 5.441168 6.997998 97.349777 1.530000 0.000000 0.000000
35000 49 P 5.524912 4.093356 92.907707 2.110000 -1.000000 0.000000
40000 1 P 14.772027 13.370972 102.912086 2.110000 -1.000000 0.000000
40000 2 S 17.281897 11.517029 100.478912 1.800000 0.000000 0.000000
40000 3 A 18.059681 9.906057 103.614731 1.530000 0.000000 0.000000
40000 4 P 20.050838 13.640873 98.699577 2.110000 -1.000000 0.000000
40000 5 S 21.043028 11.146458 95.883820 1.800000 0.000000 0.000000
40000 6 T 18.671858 10.778964 93.443825 1.530000 0.000000 0.000000
40000 7 P 23.292685 13.234062 93.488792 2.110000 -1.000000 0.000000
40000 8 S 21.970074 12.272006 90.004005 1.800000 0.000000 0.000000
40000 9 C 19.060598 14.210724 90.182289 1.530000 0.000000 0.000000
40000 10 P 22.588505 13.678267 86.335487 2.110000 -1.000000 0.000000
40000 11 S 18.982536 14.676037 84.886795 1.800000 0.000000 0.000000
40000 12 C 18.109091 17.325520 87.192726 1.530000 0.000000 0.000000
40000 13 P 17.698345 16.795769 81.992905 2.110000 -1.000000 0.000000
40000 14 S 14.733555 19.427896 82.340660 1.800000 0.000000 0.000000
40000 15 T 16.223957 22.151363 83.981483 1.530000 0.000000 0.000000
40000 16 P 15.231218 21.349913 78.861961 2.110000 -1.000000 0.000000
40000 17 S 14.131335 25.117285 79.169167 1.800000 0.000000 0.000000
40000 18 A 16.162445 26.762453 81.458435 1.530000 0.000000 0.000000
40000 19 P 15.573186 26.878775 76.101463 2.110000 -1.000000 0.000000
40000 20 S 17.451736 30.491806 76.023369 1.800000 0.000000 0.000000
40000 21 G 20.703655 30.818357 77.292267 1.530000 0.000000 0.000000
40000 22 P 18.545097 30.203342 72.250092 2.110000 -1.000000 0.000000
40000 23 S 22.436543 29.694723 72.672729 1.800000 0.000000 0.000000
40000 24 T 20.367380 26.990763 72.991112 1.530000 0.000000 0.000000
40000 25 P 24.179277 26.892622 74.642876 2.110000 -1.000000 0.000000
40000 26 S 26.970314 28.817398 76.626122 1.800000 0.000000 0.000000
40000 27 T 25.437613 30.950336 78.908432 1.530000 0.000000 0.000000
40000 28 P 28.020216 25.980686 78.980316 2.110000 -1.000000 0.000000
40000 29 S 29.595341 27.151154 82.444748 1.800000 0.000000 0.000000
40000 30 A 27.139278 29.806326 82.878952 1.530000 0.000000 0.000000
40000 31 P 30.257822 25.425018 85.937645 2.110000 -1.000000 0.000000
40000 32 S 28.896809 28.762531 87.376648 1.800000 0.000000 0.000000
40000 33 T 25.321011 28.795971 86.588669 1.530000 0.000000 0.000000
40000 34 P 27.625797 28.854790 91.045280 2.110000 -1.000000 0.000000
40000 35 S 24.044569 30.809278 90.602089 1.800000 0.000000 0.000000
40000 36 A 21.743261 29.142931 88.678413 1.530000 0.000000 0.000000
40000 37 P 21.815401 29.407206 93.474442 2.110000 -1.000000 0.000000
40000 38 S 18.151403 28.213272 92.883179 1.800000 0.000000 0.000000
40000 39 G 19.241547 25.554216 90.771729 1.530000 0.000000 0.000000
40000 40 P 14.874523 26.273296 94.413719 2.110000 -1.000000 0.000000
40000 41 S 12.879589 24.069767 91.545601 1.800000 0.000000 0.000000
40000 42 G 15.791974 22.734524 92.953712 1.530000 0.000000 0.000000
40000 43 P 10.430618 20.967062 91.386238 2.110000 -1.000000 0.000000
40000 44 S 11.043180 19.629646 87.733543 1.800000 0.000000 0.000000
40000 45 A 14.375602 18.127665 88.144302 1.530000 0.000000 0.000000
40000 46 P 9.167064 16.222464 87.282318 2.110000 -1.000000 0.000000
40000 47 S 11.405993 13.754167 85.243736 1.800000 0.000000 0.000000
40000 48 T 13.671360 13.317298 87.887550 1.530000 0.000000 0.000000
40000 49 P 10.789433 9.865741 84.051018 2.110000 -1.000000 0.000000
45000 1 P 17.375879 17.143768 92.608910 2.110000 -1.000000 0.000000
45000 2 S 20.537806 15.618512 90.779305 1.800000 0.000000 0.000000
45000 3 A 22.938465 14.075808 93.253174 1.530000 0.000000 0.000000
45000 4 P 22.993973 17.229168 88.131409 2.110000 -1.000000 0.000000
45000 5 S 24.615355 14.474948 85.737602 1.800000 0.000000 0.000000
45000 6 T 21.855421 13.628925 83.700768 1.530000 0.000000 0.000000
45000 7 P 26.609573 16.853664 83.157867 2.110000 -1.000000 0.000000
45000 8 S 24.691961 15.022940 80.160301 1.800000 0.000000 0.000000
45000 9 C 21.008055 15.309431 80.162376 1.530000 0.000000 0.000000
45000 10 P 25.121803 16.761629 76.731781 2.110000 -1.000000 0.000000
45000 11 S 21.662163 16.025843 74.908493 1.800000 0.000000 0.000000
45000 12 C 19.049332 18.235029 76.378860 1.530000 0.000000 0.000000
45000 13 P 20.988930 17.834753 71.610580 2.110000 -1.000000 0.000000
45000 14 S 17.185129 19.229036 71.412270 1.800000 0.000000 0.000000
45000 15 T 17.999590 21.936228 73.225403 1.530000 0.000000 0.000000
45000 16 P 15.472193 21.823837 69.215775 2.110000 -1.000000 0.000000
45000 17 S 13.198144 24.755068 70.581436 1.800000 0.000000 0.000000
45000 18 A 14.096578 27.543089 72.283127 1.530000 0.000000 0.000000
45000 19 P 13.500602 26.967426 67.493469 2.110000 -1.000000 0.000000
45000 20 S 13.664169 31.005653 68.111359 1.800000 0.000000 0.000000
45000 21 G 16.284904 32.981857 69.280617 1.530000 0.000000 0.000000
45000 22 P 14.773195 32.289314 64.374374 2.110000 -1.000000 0.000000
45000 23 S 17.427723 34.556736 62.673527 1.800000 0.000000 0.000000
45000 24 T 20.927971 34.830173 61.469105 1.530000 0.000000 0.000000
45000 25 P 19.544191 31.760359 64.999146 2.110000 -1.000000 0.000000
45000 26 S 22.184736 32.926426 67.638084 1.800000 0.000000 0.000000
45000 27 T 19.910635 34.122097 70.065903 1.530000 0.000000 0.000000
45000 28 P 23.622463 31.092836 70.617325 2.110000 -1.000000 0.000000
45000 29 S 23.846584 32.502666 74.392822 1.800000 0.000000 0.000000
45000 30 A 20.466959 32.393806 74.480812 1.530000 0.000000 0.000000
45000 31 P 25.277929 29.940371 76.960670 2.110000 -1.000000 0.000000
45000 32 S 22.790333 30.460535 79.987389 1.800000 0.000000 0.000000
45000 33 T 19.990543 29.308613 78.157570 1.530000 0.000000 0.000000
45000 34 P 22.033802 28.644581 83.525978 2.110000 -1.000000 0.000000
45000 35 S 18.181253 29.566744 82.860588 1.800000 0.000000 0.000000
45000 36 A 16.139082 28.290009 80.510666 1.530000 0.000000 0.000000
45000 37 P 17.159945 27.282513 86.056114 2.110000 -1.000000 0.000000
45000 38 S 13.974735 26.100540 84.240547 1.800000 0.000000 0.000000
45000 39 G 15.444556 24.125589 81.695381 1.530000 0.000000 0.000000
45000 40 P 11.095927 23.562155 85.117645 2.110000 -1.000000 0.000000
45000 41 S 10.801815 20.824717 82.350464 1.800000 0.000000 0.000000
45000 42 G 14.020572 19.360466 83.092392 1.530000 0.000000 0.000000
45000 43 P 8.479568 17.663656 82.635078 2.110000 -1.000000 0.000000
45000 44 S 10.572745 14.242248 82.038429 1.800000 0.000000 0.000000
45000 45 A 12.722404 13.206591 84.518944 1.530000 0.000000 0.000000
45000 46 P 8.483665 10.991191 82.580261 2.110000 -1.000000 0.000000
45000 47 S 9.418099 7.452204 84.355324 1.800000 0.000000 0.000000
45000 48 T 8.896962 9.087864 87.623482 1.530000 0.000000 0.000000
45000 49 P 5.801547 5.748593 84.887032 2.110000 -1.000000 0.000000
50000 1 P 22.036087 16.638395 96.828857 2.110000 -1.000000 0.000000
50000 2 S 25.445147 17.859655 94.927422 1.800000 0.000000 0.000000
50000 3 A 28.183882 18.913755 96.638054 1.530000 0.000000 0.000000
50000 4 P 27.574945 20.464348 92.679031 2.110000 -1.000000 0.000000
50000 5 S 29.453770 17.831657 90.439079 1.800000 0.000000 0.000000
50000 6 T 26.964664 16.524591 88.111954 1.530000 0.000000 0.000000
50000 7 P 31.161522 19.735659 87.144577 2.110000 -1.000000 0.000000
50000 8 S 30.790958 17.554293 83.821449 1.800000 0.000000 0.000000
50000 9 C 27.195606 17.436991 82.838142 1.530000 0.000000 0.000000
50000 10 P 31.642426 18.621592 80.060875 2.110000 -1.000000 0.000000
50000 11 S 29.072222 17.738161 77.198746 1.800000 0.000000 0.000000
50000 12 C 26.009426 19.681026 77.975395 1.530000 0.000000 0.000000
50000 13 P 29.119978 19.086649 73.608330 2.110000 -1.000000 0.000000
50000 14 S 25.507488 20.347130 72.644279 1.800000 0.000000 0.000000
50000 15 T 23.946815 22.841974 74.357101 1.530000 0.000000 0.000000
50000 16 P 25.605076 22.041388 69.151375 2.110000 -1.000000 0.000000
50000 17 S 23.297913 25.214497 69.380028 1.800000 0.000000 0.000000
50000 18 A 23.982395 28.158785 71.254906 1.530000 0.000000 0.000000
50000 19 P 24.335861 26.800133 66.111633 2.110000 -1.000000 0.000000
50000 20 S 24.539564 30.522478 66.785439 1.800000 0.000000 0.000000
50000 21 G 26.885056 31.879869 69.301041 1.530000 0.000000 0.000000
50000 22 P 26.609045 30.810270 63.491455 2.110000 -1.000000 0.000000
50000 23 S 29.813652 33.007492 64.192368 1.800000 0.000000 0.000000
50000 24 T 29.774979 29.390102 64.862648 1.530000 0.000000 0.000000
50000 25 P 32.085930 32.533806 67.437103 2.110000 -1.000000 0.000000
50000 26 S 33.137333 36.363617 68.247818 1.800000 0.000000 0.000000
50000 27 T 31.596315 39.267670 69.503075 1.530000 0.000000 0.000000
50000 28 P 34.341869 34.780956 71.599655 2.110000 -1.000000 0.000000
50000 29 S 33.469910 37.350471 74.428696 1.800000 0.000000 0.000000
50000 30 A 29.965683 36.488483 73.925644 1.530000 0.000000 0.000000
50000 31 P 33.934952 35.336384 77.732819 2.110000 -1.000000 0.000000
50000 32 S 30.093801 35.950058 78.823448 1.800000 0.000000 0.000000
50000 33 T 27.712605 34.567562 76.424583 1.530000 0.000000 0.000000
50000 34 P 29.302614 33.799103 82.291687 2.110000 -1.000000 0.000000
50000 35 S 25.552418 33.551483 81.186600 1.800000 0.000000 0.000000
50000 36 A 25.597898 31.222139 78.560219 1.530000 0.000000 0.000000
50000 37 P 22.722687 31.632961 82.921623 2.110000 -1.000000 0.000000
50000 38 S 20.614988 29.978207 79.884300 1.800000 0.000000 0.000000
50000 39 G 22.762335 27.348198 78.568939 1.530000 0.000000 0.000000
50000 40 P 17.365082 27.698126 79.622505 2.110000 -1.000000 0.000000
50000 41 S 19.027367 24.809809 77.357796 1.800000 0.000000 0.000000
50000 42 G 21.192659 22.762632 79.137276 1.530000 0.000000 0.000000
50000 43 P 17.847441 21.206991 76.442596 2.110000 -1.000000 0.000000
50000 44 S 20.891768 18.813305 76.908348 1.800000 0.000000 0.000000
50000 45 A 21.013369 18.170305 80.459564 1.530000 0.000000 0.000000
50000 46 P 17.968569 15.974836 76.865700 2.110000 -1.000000 0.000000
50000 47 S 18.262447 13.952698 80.248260 1.800000 0.000000 0.000000
50000 48 T 16.973286 17.306461 80.574219 1.530000 0.000000 0.000000
50000 49 P 15.373721 11.498455 81.727959 2.110000 -1.000000 0.000000
