35000 1 P 7.704886 25.010378 110.692368 2.110000 -1.000000 0.000000
35000 2 S 9.928715 27.924789 112.160561 1.800000 0.000000 0.000000
35000 3 A 8.753397 29.247917 115.197105 1.530000 0.000000 0.000000
35000 4 P 10.057866 31.603354 110.818924 2.110000 -1.000000 0.000000
35000 5 S 13.608955 32.630764 111.715530 1.800000 0.000000 0.000000
35000 6 T 15.823853 31.101543 109.359619 1.530000 0.000000 0.000000
35000 7 P 13.209800 35.962780 109.516350 2.110000 -1.000000 0.000000
35000 8 S 16.436365 36.103668 107.160561 1.800000 0.000000 0.000000
35000 9 C 13.641006 34.424728 106.259239 1.530000 0.000000 0.000000
35000 10 P 16.569094 38.681744 104.208298 2.110000 -1.000000 0.000000
35000 11 S 20.367943 39.084583 103.402412 1.800000 0.000000 0.000000
35000 12 C 20.872253 35.917736 101.909996 1.530000 0.000000 0.000000
35000 13 P 21.474567 41.502464 100.446678 2.110000 -1.000000 0.000000
35000 14 S 24.730164 39.774757 98.989037 1.800000 0.000000 0.000000
35000 15 T 22.966578 37.087173 97.391983 1.530000 0.000000 0.000000
35000 16 P 24.369637 42.696602 96.361839 2.110000 -1.000000 0.000000
35000 17 S 23.870890 43.139259 92.671295 1.800000 0.000000 0.000000
35000 18 A 20.549704 41.668350 92.868462 1.530000 0.000000 0.000000
35000 19 P 23.363665 46.614182 90.824829 2.110000 -1.000000 0.000000
35000 20 S 20.346853 46.035423 88.329178 1.800000 0.000000 0.000000
35000 21 G 18.299568 45.776199 91.047401 1.530000 0.000000 0.000000
35000 22 P 18.955458 49.033016 86.103371 2.110000 -1.000000 0.000000
35000 23 S 15.532019 48.898224 87.896339 1.800000 0.000000 0.000000
35000 24 T 17.944084 50.677242 89.607697 1.530000 0.000000 0.000000
35000 25 P 13.358864 49.374798 91.347198 2.110000 -1.000000 0.000000
35000 26 S 11.036327 46.177868 90.555702 1.800000 0.000000 0.000000
35000 27 T 13.295383 43.730797 89.529457 1.530000 0.000000 0.000000
35000 28 P 8.698932 44.403755 93.208168 2.110000 -1.000000 0.000000
35000 29 S 8.752733 40.809978 91.727859 1.800000 0.000000 0.000000
35000 30 A 12.233034 40.602436 91.571686 1.530000 0.000000 0.000000
35000 31 P 7.835958 37.193348 92.663414 2.110000 -1.000000 0.000000
35000 32 S 10.683269 35.779114 90.310822 1.800000 0.000000 0.000000
35000 33 T 14.130261 36.105560 91.300110 1.530000 0.000000 0.000000
35000 34 P 10.992803 31.903709 91.355499 2.110000 -1.000000 0.000000
35000 35 S 14.839544 31.189711 91.508110 1.800000 0.000000 0.000000
35000 36 A 16.837290 32.420841 93.936638 1.530000 0.000000 0.000000
35000 37 P 15.197114 27.475891 93.007210 2.110000 -1.000000 0.000000
35000 38 S 18.687401 26.993963 94.779610 1.800000 0.000000 0.000000
35000 39 G 18.793404 28.817017 97.660172 1.530000 0.000000 0.000000
35000 40 P 19.505316 23.926895 97.061638 2.110000 -1.000000 0.000000
35000 41 S 20.925245 25.635794 100.344521 1.800000 0.000000 0.000000
35000 42 G 18.052528 27.226572 101.975716 1.530000 0.000000 0.000000
35000 43 P 21.924274 22.613333 102.811394 2.110000 -1.000000 0.000000
35000 44 S 20.891010 22.208321 106.681526 1.800000 0.000000 0.000000
35000 45 A 17.482857 21.776659 107.425690 1.530000 0.000000 0.000000
35000 46 P 21.197155 18.519661 108.224617 2.110000 -1.000000 0.000000
35000 47 S 17.425999 18.350945 109.365776 1.800000 0.000000 0.000000
35000 48 T 15.670549 18.224455 106.363388 1.530000 0.000000 0.000000
35000 49 P 16.821951 14.643399 110.637924 2.110000 -1.000000 0.000000
40000 1 P -6.012358 31.181187 117.551941 2.110000 -1.000000 0.000000
40000 2 S -3.073433 33.768517 116.948830 1.800000 0.000000 0.000000
40000 3 A -1.664722 35.215000 119.788620 1.530000 0.000000 0.000000
40000 4 P -2.632351 37.188892 114.743843 2.110000 -1.000000 0.000000
40000 5 S 0.788436 37.373974 113.122925 1.800000 0.000000 0.000000
40000 6 T 1.660017 35.608730 110.203423 1.530000 0.000000 0.000000
40000 7 P 1.285231 40.316341 110.678703 2.110000 -1.000000 0.000000
40000 8 S 3.595087 39.608627 107.761703 1.800000 0.000000 0.000000
40000 9 C 0.951506 37.808243 106.594894 1.530000 0.000000 0.000000
40000 10 P 3.211836 42.571270 105.227989 2.110000 -1.000000 0.000000
40000 11 S 6.648293 44.642307 104.592659 1.800000 0.000000 0.000000
40000 12 C 7.252366 41.935898 102.476395 1.530000 0.000000 0.000000
40000 13 P 7.844309 47.175613 101.795197 2.110000 -1.000000 0.000000
40000 14 S 10.980094 45.623081 99.905434 1.800000 0.000000 0.000000
40000 15 T 9.228452 43.139027 98.141640 1.530000 0.000000 0.000000
40000 16 P 13.543077 45.670998 96.755539 2.110000 -1.000000 0.000000
40000 17 S 14.518536 41.913445 95.785812 1.800000 0.000000 0.000000
40000 18 A 12.899539 39.162666 94.198364 1.530000 0.000000 0.000000
40000 19 P 15.931733 44.008667 92.695023 2.110000 -1.000000 0.000000
40000 20 S 16.097105 42.667526 89.001465 1.800000 0.000000 0.000000
40000 21 G 12.457894 42.093288 88.249580 1.530000 0.000000 0.000000
40000 22 P 16.821445 45.360058 86.136505 2.110000 -1.000000 0.000000
40000 23 S 13.320691 44.688709 84.433319 1.800000 0.000000 0.000000
40000 24 T 13.401771 47.246834 87.191200 1.530000 0.000000 0.000000
40000 25 P 9.975627 44.321968 86.692772 2.110000 -1.000000 0.000000
40000 26 S 7.487075 41.212421 86.094673 1.800000 0.000000 0.000000
40000 27 T 9.305532 38.594711 87.600693 1.530000 0.000000 0.000000
40000 28 P 4.381019 39.389042 87.601379 2.110000 -1.000000 0.000000
40000 29 S 5.196138 35.410534 87.616402 1.800000 0.000000 0.000000
40000 30 A 7.851052 34.155712 89.580330 1.530000 0.000000 0.000000
40000 31 P 2.323976 34.128685 89.956177 2.110000 -1.000000 0.000000
40000 32 S 5.279397 32.044746 91.694221 1.800000 0.000000 0.000000
40000 33 T 7.137524 34.634346 93.122780 1.530000 0.000000 0.000000
40000 34 P 4.051981 30.201529 95.028336 2.110000 -1.000000 0.000000
40000 35 S 7.857332 30.279976 96.120789 1.800000 0.000000 0.000000
40000 36 A 9.183967 33.507122 97.118828 1.530000 0.000000 0.000000
40000 37 P 8.981799 28.648659 99.650681 2.110000 -1.000000 0.000000
40000 38 S 12.160974 30.427111 101.203484 1.800000 0.000000 0.000000
40000 39 G 11.605854 33.676273 102.240807 1.530000 0.000000 0.000000
40000 40 P 13.274162 29.706581 104.919640 2.110000 -1.000000 0.000000
40000 41 S 14.596095 32.441097 107.246117 1.800000 0.000000 0.000000
40000 42 G 13.227432 35.241047 108.808472 1.530000 0.000000 0.000000
40000 43 P 14.446221 31.079262 110.895775 2.110000 -1.000000 0.000000
40000 44 S 13.512772 33.840191 113.591583 1.800000 0.000000 0.000000
40000 45 A 10.083553 34.802582 113.540718 1.530000 0.000000 0.000000
40000 46 P 12.888630 32.694344 117.230164 2.110000 -1.000000 0.000000
40000 47 S 9.121952 33.864784 118.198921 1.800000 0.000000 0.000000
40000 48 T 8.078094 31.063982 116.427643 1.530000 0.000000 0.000000
40000 49 P 7.929239 31.858059 121.549088 2.110000 -1.000000 0.000000
45000 1 P -1.240220 34.410027 123.502701 2.110000 -1.000000 0.000000
45000 2 S 2.543752 35.362812 122.752953 1.800000 0.000000 0.000000
45000 3 A 4.141440 35.909767 125.876205 1.530000 0.000000 0.000000
45000 4 P 4.318145 38.299622 120.969101 2.110000 -1.000000 0.000000
45000 5 S 7.160688 35.672417 120.037842 1.800000 0.000000 0.000000
45000 6 T 5.987322 33.203659 117.804443 1.530000 0.000000 0.000000
45000 7 P 9.453667 38.299911 118.181519 2.110000 -1.000000 0.000000
45000 8 S 10.518158 35.794090 115.277794 1.800000 0.000000 0.000000
45000 9 C 7.296231 35.647427 113.939186 1.530000 0.000000 0.000000
45000 10 P 12.265468 38.142021 112.676277 2.110000 -1.000000 0.000000
45000 11 S 16.066427 37.968567 112.100540 1.800000 0.000000 0.000000
45000 12 C 15.417850 35.063751 110.234306 1.530000 0.000000 0.000000
45000 13 P 17.066456 40.451233 109.214890 2.110000 -1.000000 0.000000
45000 14 S 18.270243 37.527988 106.852097 1.800000 0.000000 0.000000
45000 15 T 15.419436 35.636990 106.096466 1.530000 0.000000 0.000000
45000 16 P 18.888828 39.582943 103.294678 2.110000 -1.000000 0.000000
45000 17 S 18.863884 39.395924 99.234322 1.800000 0.000000 0.000000
45000 18 A 15.273432 39.591816 98.984795 1.530000 0.000000 0.000000
45000 19 P 19.119579 42.488876 96.812775 2.110000 -1.000000 0.000000
45000 20 S 15.396910 42.339142 95.560524 1.800000 0.000000 0.000000
45000 21 G 13.327331 43.127636 98.352127 1.530000 0.000000 0.000000
45000 22 P 15.413422 45.982525 93.977760 2.110000 -1.000000 0.000000
45000 23 S 12.338393 47.777832 95.589256 1.800000 0.000000 0.000000
45000 24 T 15.262773 47.843826 97.617043 1.530000 0.000000 0.000000
45000 25 P 10.720123 48.037205 99.325729 2.110000 -1.000000 0.000000
45000 26 S 7.622313 46.320423 97.340561 1.800000 0.000000 0.000000
45000 27 T 7.294981 43.055103 96.284615 1.530000 0.000000 0.000000
45000 28 P 5.319204 45.009365 100.301979 2.110000 -1.000000 0.000000
45000 29 S 5.173980 41.654167 97.928169 1.800000 0.000000 0.000000
45000 30 A 7.859680 39.398819 97.488312 1.530000 0.000000 0.000000
45000 31 P 2.965446 39.037762 99.829399 2.110000 -1.000000 0.000000
45000 32 S 3.827935 35.235023 99.215714 1.800000 0.000000 0.000000
45000 33 T 7.016874 34.390446 100.535362 1.530000 0.000000 0.000000
45000 34 P 2.362117 31.882338 100.943497 2.110000 -1.000000 0.000000
45000 35 S 5.126016 29.122620 100.983345 1.800000 0.000000 0.000000
45000 36 A 7.507659 30.763363 102.977776 1.530000 0.000000 0.000000
45000 37 P 4.495684 26.179899 103.289062 2.110000 -1.000000 0.000000
45000 38 S 7.956048 25.452526 105.159950 1.800000 0.000000 0.000000
45000 39 G 8.996554 27.665710 107.698997 1.530000 0.000000 0.000000
45000 40 P 8.411564 23.024597 108.286797 2.110000 -1.000000 0.000000
45000 41 S 10.453389 23.922182 111.560753 1.800000 0.000000 0.000000
45000 42 G 8.033731 25.705950 113.257706 1.530000 0.000000 0.000000
45000 43 P 9.345330 21.002903 113.990608 2.110000 -1.000000 0.000000
45000 44 S 8.639064 22.725794 117.520844 1.800000 0.000000 0.000000
45000 45 A 5.554870 24.736574 118.105843 1.530000 0.000000 0.000000
45000 46 P 6.996380 20.345081 120.167732 2.110000 -1.000000 0.000000
45000 47 S 3.925457 22.004145 122.222572 1.800000 0.000000 0.000000
45000 48 T 1.953679 21.906830 119.100685 1.530000 0.000000 0.000000
45000 49 P 0.671439 20.867233 124.437889 2.110000 -1.000000 0.000000
50000 1 P -7.743466 36.135979 113.271210 2.110000 -1.000000 0.000000
50000 2 S -4.098828 35.492912 114.644211 1.800000 0.000000 0.000000
50000 3 A -3.540961 36.123196 118.077202 1.530000 0.000000 0.000000
50000 4 P -3.292690 39.308311 113.646027 2.110000 -1.000000 0.000000
50000 5 S -0.492045 36.884609 112.115044 1.800000 0.000000 0.000000
50000 6 T -2.297368 34.788078 109.692451 1.530000 0.000000 0.000000
50000 7 P 2.082441 38.176888 109.408699 2.110000 -1.000000 0.000000
50000 8 S 3.254840 35.240780 106.951637 1.800000 0.000000 0.000000
50000 9 C 0.016239 35.685966 105.777412 1.530000 0.000000 0.000000
50000 10 P 5.235244 37.000065 104.073853 2.110000 -1.000000 0.000000
50000 11 S 9.146022 35.977505 103.856606 1.800000 0.000000 0.000000
50000 12 C 9.263660 32.771660 102.479195 1.530000 0.000000 0.000000
50000 13 P 11.040188 37.231644 100.669434 2.110000 -1.000000 0.000000
50000 14 S 12.817827 33.957203 99.713699 1.800000 0.000000 0.000000
50000 15 T 11.334803 31.450857 97.696976 1.530000 0.000000 0.000000
50000 16 P 14.971407 35.207577 96.687698 2.110000 -1.000000 0.000000
50000 17 S 15.039050 33.419052 93.185425 1.800000 0.000000 0.000000
50000 18 A 12.446943 34.409313 90.871452 1.530000 0.000000 0.000000
50000 19 P 17.099150 35.444027 90.558456 2.110000 -1.000000 0.000000
50000 20 S 14.992765 36.093525 87.242416 1.800000 0.000000 0.000000
50000 21 G 12.170900 37.846382 88.833199 1.530000 0.000000 0.000000
50000 22 P 16.840117 38.925655 85.202934 2.110000 -1.000000 0.000000
50000 23 S 13.266528 40.018154 83.882240 1.800000 0.000000 0.000000
50000 24 T 14.371805 41.636093 86.514542 1.530000 0.000000 0.000000
50000 25 P 10.440304 41.176338 86.139633 2.110000 -1.000000 0.000000
50000 26 S 6.967938 40.649799 84.380859 1.800000 0.000000 0.000000
50000 27 T 5.741834 37.450058 83.825027 1.530000 0.000000 0.000000
50000 28 P 3.779371 40.422615 86.643295 2.110000 -1.000000 0.000000
50000 29 S 2.226998 36.957867 85.662407 1.800000 0.000000 0.000000
50000 30 A 4.001561 34.204685 86.698936 1.530000 0.000000 0.000000
50000 31 P -0.895803 35.319786 87.368172 2.110000 -1.000000 0.000000
50000 32 S 0.864034 31.953239 87.712784 1.800000 0.000000 0.000000
50000 33 T 3.266042 32.355732 90.146790 1.530000 0.000000 0.000000
50000 34 P -1.111346 29.246990 89.749779 2.110000 -1.000000 0.000000
50000 35 S 1.796814 27.487705 91.763596 1.800000 0.000000 0.000000
50000 36 A 2.632755 29.399836 94.595192 1.530000 0.000000 0.000000
50000 37 P 0.899750 25.003424 94.681366 2.110000 -1.000000 0.000000
50000 38 S 2.368663 24.813858 98.373085 1.800000 0.000000 0.000000
50000 39 G 1.045170 27.957144 99.300270 1.530000 0.000000 0.000000
50000 40 P 1.022951 22.416286 101.307793 2.110000 -1.000000 0.000000
50000 41 S 0.289220 24.049299 104.746132 1.800000 0.000000 0.000000
50000 42 G -2.228537 25.835144 103.199471 1.530000 0.000000 0.000000
50000 43 P -1.748655 22.389650 107.803276 2.110000 -1.000000 0.000000
50000 44 S -4.217050 24.849400 109.557175 1.800000 0.000000 0.000000
50000 45 A -7.181385 25.879126 108.015427 1.530000 0.000000 0.000000
50000 46 P -7.118392 23.409521 111.813736 2.110000 -1.000000 0.000000
50000 47 S -10.704063 24.835606 111.222260 1.800000 0.000000 0.000000
50000 48 T -10.311506 22.407942 108.722023 1.530000 0.000000 0.000000
50000 49 P -14.129704 23.375023 112.303329 2.110000 -1.000000 0.000000
