35000 1 P 4.379934 19.063995 63.812340 2.110000 -1.000000 0.000000
35000 2 S 7.791380 18.952095 65.916824 1.800000 0.000000 0.000000
35000 3 A 6.926962 16.948233 68.935829 1.530000 0.000000 0.000000
35000 4 P 8.999176 21.571812 68.521141 2.110000 -1.000000 0.000000
35000 5 S 12.556709 20.384941 67.237015 1.800000 0.000000 0.000000
35000 6 T 12.377634 21.503408 63.888676 1.530000 0.000000 0.000000
35000 7 P 15.718332 22.282558 68.720215 2.110000 -1.000000 0.000000
35000 8 S 18.291508 22.780994 65.739487 1.800000 0.000000 0.000000
35000 9 C 16.319214 25.234142 64.061447 1.530000 0.000000 0.000000
35000 10 P 21.565536 24.984768 66.141258 2.110000 -1.000000 0.000000
35000 11 S 23.015675 27.274422 63.281597 1.800000 0.000000 0.000000
35000 12 C 20.785706 29.980234 62.393360 1.530000 0.000000 0.000000
35000 13 P 25.617916 30.297066 63.274029 2.110000 -1.000000 0.000000
35000 14 S 23.679987 33.144051 61.422249 1.800000 0.000000 0.000000
35000 15 T 21.217396 33.988499 63.725407 1.530000 0.000000 0.000000
35000 16 P 26.497297 35.789879 62.415382 2.110000 -1.000000 0.000000
35000 17 S 25.371857 39.503868 63.158920 1.800000 0.000000 0.000000
35000 18 A 23.466467 39.118862 65.860352 1.530000 0.000000 0.000000
35000 19 P 28.148333 40.350952 65.588242 2.110000 -1.000000 0.000000
35000 20 S 27.764149 42.330517 69.075233 1.800000 0.000000 0.000000
35000 21 G 25.885660 39.397354 69.219276 1.530000 0.000000 0.000000
35000 22 P 30.406122 42.863815 72.055664 2.110000 -1.000000 0.000000
35000 23 S 28.887766 41.089733 75.250809 1.800000 0.000000 0.000000
35000 24 T 29.834257 37.720734 75.973534 1.530000 0.000000 0.000000
35000 25 P 28.170973 37.789890 72.956444 2.110000 -1.000000 0.000000
35000 26 S 25.144110 35.386982 73.910164 1.800000 0.000000 0.000000
35000 27 T 22.536541 37.846016 73.771332 1.530000 0.000000 0.000000
35000 28 P 23.052937 32.453766 72.219170 2.110000 -1.000000 0.000000
35000 29 S 20.098944 32.014954 74.757065 1.800000 0.000000 0.000000
35000 30 A 18.413073 35.101616 73.835388 1.530000 0.000000 0.000000
35000 31 P 16.689087 30.155714 73.877655 2.110000 -1.000000 0.000000
35000 32 S 14.408359 33.372898 74.060211 1.800000 0.000000 0.000000
35000 33 T 14.804885 35.641720 71.303116 1.530000 0.000000 0.000000
35000 34 P 10.600718 32.447598 72.802025 2.110000 -1.000000 0.000000
35000 35 S 11.051764 35.767288 70.797867 1.800000 0.000000 0.000000
35000 36 A 12.883160 35.048344 67.923576 1.530000 0.000000 0.000000
35000 37 P 7.746417 35.001133 68.875755 2.110000 -1.000000 0.000000
35000 38 S 8.584708 35.754440 65.066399 1.800000 0.000000 0.000000
35000 39 G 11.226488 33.674873 64.040817 1.530000 0.000000 0.000000
35000 40 P 5.954653 34.383476 62.452698 2.110000 -1.000000 0.000000
35000 41 S 7.164990 33.031544 59.004921 1.800000 0.000000 0.000000
35000 42 G 9.357892 30.363907 58.041359 1.530000 0.000000 0.000000
35000 43 P 4.776640 30.510899 57.165596 2.110000 -1.000000 0.000000
35000 44 S 6.901173 28.193174 54.566132 1.800000 0.000000 0.000000
35000 45 A 8.321532 26.059284 57.027668 1.530000 0.000000 0.000000
35000 46 P 4.679466 25.092083 53.502544 2.110000 -1.000000 0.000000
35000 47 S 6.629243 22.149443 54.934849 1.800000 0.000000 0.000000
35000 48 T 5.175872 22.729124 57.878117 1.530000 0.000000 0.000000
35000 49 P 5.286452 18.581038 54.782410 2.110000 -1.000000 0.000000
40000 1 P 12.886023 13.193064 62.288780 2.110000 -1.000000 0.000000
40000 2 S 16.352772 14.519053 63.644432 1.800000 0.000000 0.000000
40000 3 A 17.143629 11.458301 65.651634 1.530000 0.000000 0.000000
40000 4 P 18.081512 17.576046 65.341988 2.110000 -1.000000 0.000000
40000 5 S 21.290188 17.800867 63.024826 1.800000 0.000000 0.000000
40000 6 T 20.140373 18.946405 59.672169 1.530000 0.000000 0.000000
40000 7 P 24.141466 20.747458 63.025703 2.110000 -1.000000 0.000000
40000 8 S 24.103546 21.309479 59.098774 1.800000 0.000000 0.000000
40000 9 C 21.269753 22.885328 57.528351 1.530000 0.000000 0.000000
40000 10 P 26.154469 24.646435 58.860287 2.110000 -1.000000 0.000000
40000 11 S 24.385715 26.613758 55.984180 1.800000 0.000000 0.000000
40000 12 C 21.215611 28.145458 56.514961 1.530000 0.000000 0.000000
40000 13 P 26.841082 29.712601 56.401951 2.110000 -1.000000 0.000000
40000 14 S 25.025970 33.201900 55.750835 1.800000 0.000000 0.000000
40000 15 T 22.523935 34.636288 57.738033 1.530000 0.000000 0.000000
40000 16 P 26.847582 36.525520 57.223309 2.110000 -1.000000 0.000000
40000 17 S 23.598240 38.547783 58.535137 1.800000 0.000000 0.000000
40000 18 A 22.627209 37.222313 61.775398 1.530000 0.000000 0.000000
40000 19 P 25.592087 41.504490 60.142319 2.110000 -1.000000 0.000000
40000 20 S 24.445986 42.886204 63.635780 1.800000 0.000000 0.000000
40000 21 G 25.469488 40.741920 66.485603 1.530000 0.000000 0.000000
40000 22 P 27.820305 44.918583 64.237511 2.110000 -1.000000 0.000000
40000 23 S 30.123308 42.095730 62.632267 1.800000 0.000000 0.000000
40000 24 T 28.426088 44.373631 60.459103 1.530000 0.000000 0.000000
40000 25 P 30.534393 39.774601 59.426365 2.110000 -1.000000 0.000000
40000 26 S 30.795252 36.640427 62.069496 1.800000 0.000000 0.000000
40000 27 T 27.505707 37.693607 62.381126 1.530000 0.000000 0.000000
40000 28 P 29.964983 32.681000 61.779469 2.110000 -1.000000 0.000000
40000 29 S 29.085878 32.095989 65.631752 1.800000 0.000000 0.000000
40000 30 A 25.964706 33.035061 66.451004 1.530000 0.000000 0.000000
40000 31 P 27.532106 28.540213 66.133034 2.110000 -1.000000 0.000000
40000 32 S 24.470911 29.940922 68.399353 1.800000 0.000000 0.000000
40000 33 T 21.487864 32.069698 67.126213 1.530000 0.000000 0.000000
40000 34 P 21.500479 27.139421 68.271851 2.110000 -1.000000 0.000000
40000 35 S 18.151014 29.137787 67.500336 1.800000 0.000000 0.000000
40000 36 A 16.842358 30.482105 64.535149 1.530000 0.000000 0.000000
40000 37 P 15.794741 25.861523 66.940216 2.110000 -1.000000 0.000000
40000 38 S 12.943243 27.282019 64.661362 1.800000 0.000000 0.000000
40000 39 G 14.422871 28.260069 61.541084 1.530000 0.000000 0.000000
40000 40 P 10.351627 24.752407 62.979107 2.110000 -1.000000 0.000000
40000 41 S 10.430329 26.250980 59.447758 1.800000 0.000000 0.000000
40000 42 G 13.270089 25.684816 57.626907 1.530000 0.000000 0.000000
40000 43 P 9.105322 23.549982 56.749207 2.110000 -1.000000 0.000000
40000 44 S 11.468946 24.299931 53.623413 1.800000 0.000000 0.000000
40000 45 A 15.005503 23.309690 53.658924 1.530000 0.000000 0.000000
40000 46 P 11.006123 21.178213 50.995136 2.110000 -1.000000 0.000000
40000 47 S 14.493244 20.239603 49.481899 1.800000 0.000000 0.000000
40000 48 T 15.345678 18.989536 52.781483 1.530000 0.000000 0.000000
40000 49 P 14.067070 16.729914 47.754280 2.110000 -1.000000 0.000000
45000 1 P 13.728536 11.198817 52.361523 2.110000 -1.000000 0.000000
45000 2 S 17.518738 12.482413 52.431713 1.800000 0.000000 0.000000
45000 3 A 19.324575 10.077606 53.834793 1.530000 0.000000 0.000000
45000 4 P 20.037104 14.915522 54.230293 2.110000 -1.000000 0.000000
45000 5 S 22.173855 16.276232 51.152031 1.800000 0.000000 0.000000
45000 6 T 19.687098 17.660858 49.026962 1.530000 0.000000 0.000000
45000 7 P 24.609297 19.377174 50.606041 2.110000 -1.000000 0.000000
45000 8 S 22.693172 21.532070 47.836040 1.800000 0.000000 0.000000
45000 9 C 19.820522 22.296478 49.636250 1.530000 0.000000 0.000000
45000 10 P 24.079918 25.270876 47.466457 2.110000 -1.000000 0.000000
45000 11 S 21.769419 28.486177 47.695148 1.800000 0.000000 0.000000
45000 12 C 21.176340 28.364721 51.575665 1.530000 0.000000 0.000000
45000 13 P 24.617491 31.353828 47.367596 2.110000 -1.000000 0.000000
45000 14 S 23.113037 33.949921 49.873131 1.800000 0.000000 0.000000
45000 15 T 23.390640 32.210987 53.035892 1.530000 0.000000 0.000000
45000 16 P 23.910494 37.262695 51.742321 2.110000 -1.000000 0.000000
45000 17 S 22.742105 37.582275 55.571941 1.800000 0.000000 0.000000
45000 18 A 23.693836 36.049534 58.507740 1.530000 0.000000 0.000000
45000 19 P 25.411406 40.432045 56.620113 2.110000 -1.000000 0.000000
45000 20 S 27.006910 41.209721 60.343304 1.800000 0.000000 0.000000
45000 21 G 28.897062 38.066303 60.585938 1.530000 0.000000 0.000000
45000 22 P 29.538280 43.946552 61.890667 2.110000 -1.000000 0.000000
45000 23 S 32.141121 41.119469 63.100033 1.800000 0.000000 0.000000
45000 24 T 35.543095 41.555019 64.441055 1.530000 0.000000 0.000000
45000 25 P 33.792801 38.790237 60.249325 2.110000 -1.000000 0.000000
45000 26 S 34.543755 35.583500 62.428856 1.800000 0.000000 0.000000
45000 27 T 31.278030 34.417835 62.413242 1.530000 0.000000 0.000000
45000 28 P 35.284744 32.273151 60.577339 2.110000 -1.000000 0.000000
45000 29 S 32.648911 30.186359 62.892502 1.800000 0.000000 0.000000
45000 30 A 29.265797 31.063585 61.904186 1.530000 0.000000 0.000000
45000 31 P 31.498938 26.588829 62.827930 2.110000 -1.000000 0.000000
45000 32 S 27.970062 27.124256 64.480202 1.800000 0.000000 0.000000
45000 33 T 25.356377 29.276258 63.160011 1.530000 0.000000 0.000000
45000 34 P 25.559601 23.951687 64.215576 2.110000 -1.000000 0.000000
45000 35 S 22.328348 26.151018 64.028206 1.800000 0.000000 0.000000
45000 36 A 21.562214 28.102655 61.186546 1.530000 0.000000 0.000000
45000 37 P 18.831718 24.242229 63.426903 2.110000 -1.000000 0.000000
45000 38 S 16.274454 26.719398 61.736858 1.800000 0.000000 0.000000
45000 39 G 17.167387 27.428238 58.374249 1.530000 0.000000 0.000000
45000 40 P 12.709170 25.824535 60.367630 2.110000 -1.000000 0.000000
45000 41 S 12.365073 27.745201 56.818542 1.800000 0.000000 0.000000
45000 42 G 15.018373 26.807095 54.476280 1.530000 0.000000 0.000000
45000 43 P 9.125915 26.217030 55.147923 2.110000 -1.000000 0.000000
45000 44 S 10.341670 25.627180 51.261757 1.800000 0.000000 0.000000
45000 45 A 12.857757 23.240404 51.361481 1.530000 0.000000 0.000000
45000 46 P 7.503294 23.157148 49.869583 2.110000 -1.000000 0.000000
45000 47 S 9.574979 19.950884 49.073036 1.800000 0.000000 0.000000
45000 48 T 10.668267 18.279924 52.071152 1.530000 0.000000 0.000000
45000 49 P 7.272232 17.073170 48.366642 2.110000 -1.000000 0.000000
50000 1 P 16.743013 16.412701 45.578110 2.110000 -1.000000 0.000000
50000 2 S 20.513519 15.796333 44.888214 1.800000 0.000000 0.000000
50000 3 A 21.335329 12.682538 46.175114 1.530000 0.000000 0.000000
50000 4 P 23.688023 18.107428 45.408978 2.110000 -1.000000 0.000000
50000 5 S 26.532650 19.042427 42.847145 1.800000 0.000000 0.000000
50000 6 T 25.100967 21.196003 40.436176 1.530000 0.000000 0.000000
50000 7 P 27.841803 22.122137 44.993000 2.110000 -1.000000 0.000000
50000 8 S 27.630270 24.836205 42.379745 1.800000 0.000000 0.000000
50000 9 C 24.003672 25.770422 41.692310 1.530000 0.000000 0.000000
50000 10 P 28.678276 28.420980 43.941334 2.110000 -1.000000 0.000000
50000 11 S 25.060385 29.282990 42.426899 1.800000 0.000000 0.000000
50000 12 C 22.449509 28.451080 44.385193 1.530000 0.000000 0.000000
50000 13 P 24.369698 32.772430 43.874596 2.110000 -1.000000 0.000000
50000 14 S 21.203976 34.421829 45.367813 1.800000 0.000000 0.000000
50000 15 T 20.709997 33.929680 48.783974 1.530000 0.000000 0.000000
50000 16 P 22.073435 38.085186 46.794121 2.110000 -1.000000 0.000000
50000 17 S 20.972792 39.410992 50.418587 1.800000 0.000000 0.000000
50000 18 A 22.383785 38.046375 53.288757 1.530000 0.000000 0.000000
50000 19 P 22.925861 42.767246 50.426632 2.110000 -1.000000 0.000000
50000 20 S 24.232828 42.592930 54.284966 1.800000 0.000000 0.000000
50000 21 G 26.989584 40.462013 53.570774 1.530000 0.000000 0.000000
50000 22 P 26.709734 45.434566 55.446472 2.110000 -1.000000 0.000000
50000 23 S 30.194118 44.142097 57.095497 1.800000 0.000000 0.000000
50000 24 T 33.430027 43.717545 55.698997 1.530000 0.000000 0.000000
50000 25 P 30.351025 40.857906 54.974792 2.110000 -1.000000 0.000000
50000 26 S 31.627525 37.553436 56.498051 1.800000 0.000000 0.000000
50000 27 T 28.664036 36.612743 58.294277 1.530000 0.000000 0.000000
50000 28 P 31.325312 33.946304 54.865147 2.110000 -1.000000 0.000000
50000 29 S 30.872618 30.764196 57.247387 1.800000 0.000000 0.000000
50000 30 A 27.797102 31.669693 58.699806 1.530000 0.000000 0.000000
50000 31 P 29.352936 27.606899 55.285538 2.110000 -1.000000 0.000000
50000 32 S 26.037827 27.332134 57.471542 1.800000 0.000000 0.000000
50000 33 T 23.763647 29.970629 56.357101 1.530000 0.000000 0.000000
50000 34 P 24.789774 24.479498 54.968254 2.110000 -1.000000 0.000000
50000 35 S 21.332697 25.607626 56.112804 1.800000 0.000000 0.000000
50000 36 A 20.071478 28.448751 54.990902 1.530000 0.000000 0.000000
50000 37 P 18.707275 23.751730 53.859909 2.110000 -1.000000 0.000000
50000 38 S 16.019337 26.594929 52.811935 1.800000 0.000000 0.000000
50000 39 G 17.066540 29.337713 51.003967 1.530000 0.000000 0.000000
50000 40 P 13.881990 24.968981 49.635731 2.110000 -1.000000 0.000000
50000 41 S 12.877394 27.090088 46.747120 1.800000 0.000000 0.000000
50000 42 G 15.404332 28.057875 44.403599 1.530000 0.000000 0.000000
50000 43 P 11.376579 24.521646 44.053135 2.110000 -1.000000 0.000000
50000 44 S 12.108613 24.949602 40.175880 1.800000 0.000000 0.000000
50000 45 A 15.536863 24.565248 39.752739 1.530000 0.000000 0.000000
50000 46 P 10.682379 21.756695 38.316830 2.110000 -1.000000 0.000000
50000 47 S 13.625811 20.949747 35.670319 1.800000 0.000000 0.000000
50000 48 T 16.556637 19.302505 36.489201 1.530000 0.000000 0.000000
50000 49 P 12.720492 17.951414 33.320522 2.110000 -1.000000 0.000000
