35000 1 P 30.790949 21.158995 71.127937 2.110000 -1.000000 0.000000
35000 2 S 34.410271 21.138783 69.666878 1.800000 0.000000 0.000000
35000 3 A 35.485130 23.918589 71.477592 1.530000 0.000000 0.000000
35000 4 P 36.014332 20.894102 65.929680 2.110000 -1.000000 0.000000
35000 5 S 38.964577 18.472254 67.187317 1.800000 0.000000 0.000000
35000 6 T 37.190067 15.591839 67.478363 1.530000 0.000000 0.000000
35000 7 P 40.012711 17.984039 63.389553 2.110000 -1.000000 0.000000
35000 8 S 40.953037 14.979547 61.335068 1.800000 0.000000 0.000000
35000 9 C 38.370693 12.708778 60.796234 1.530000 0.000000 0.000000
35000 10 P 41.881676 15.773664 57.713017 2.110000 -1.000000 0.000000
35000 11 S 40.433208 12.827977 55.603077 1.800000 0.000000 0.000000
35000 12 C 36.738811 12.901039 56.077396 1.530000 0.000000 0.000000
35000 13 P 40.788490 14.057743 51.750549 2.110000 -1.000000 0.000000
35000 14 S 37.294380 12.924745 50.143757 1.800000 0.000000 0.000000
35000 15 T 35.305168 14.902704 52.294525 1.530000 0.000000 0.000000
35000 16 P 35.744946 13.704103 46.720547 2.110000 -1.000000 0.000000
35000 17 S 32.104313 15.101019 47.258400 1.800000 0.000000 0.000000
35000 18 A 33.745884 17.851803 48.637398 1.530000 0.000000 0.000000
35000 19 P 30.037527 17.341656 44.803001 2.110000 -1.000000 0.000000
35000 20 S 30.055557 21.208927 45.665451 1.800000 0.000000 0.000000
35000 21 G 33.628998 21.882004 44.819553 1.530000 0.000000 0.000000
35000 22 P 28.852390 24.590382 43.977390 2.110000 -1.000000 0.000000
35000 23 S 31.674593 27.078983 45.264473 1.800000 0.000000 0.000000
35000 24 T 34.387173 25.649103 43.711525 1.530000 0.000000 0.000000
35000 25 P 33.711433 30.440372 45.394352 2.110000 -1.000000 0.000000
35000 26 S 30.607372 29.847811 47.811623 1.800000 0.000000 0.000000
35000 27 T 30.985331 26.778418 49.732491 1.530000 0.000000 0.000000
35000 28 P 29.583961 31.896229 50.861023 2.110000 -1.000000 0.000000
35000 29 S 29.391645 28.261631 52.518242 1.800000 0.000000 0.000000
35000 30 A 32.548409 29.827608 52.242664 1.530000 0.000000 0.000000
35000 31 P 28.905926 28.092419 56.513283 2.110000 -1.000000 0.000000
35000 32 S 26.934610 24.626038 57.034817 1.800000 0.000000 0.000000
35000 33 T 28.558008 21.968279 55.583435 1.530000 0.000000 0.000000
35000 34 P 25.875257 22.254930 60.042797 2.110000 -1.000000 0.000000
35000 35 S 26.678396 18.429523 59.328861 1.800000 0.000000 0.000000
35000 36 A 30.020742 17.269133 59.615044 1.530000 0.000000 0.000000
35000 37 P 25.514290 16.223530 62.543350 2.110000 -1.000000 0.000000
35000 38 S 26.709269 12.504378 63.571854 1.800000 0.000000 0.000000
35000 39 G 29.901987 13.042115 64.686874 1.530000 0.000000 0.000000
35000 40 P 25.818356 10.402676 66.677483 2.110000 -1.000000 0.000000
35000 41 S 28.784536 7.580207 66.501144 1.800000 0.000000 0.000000
35000 42 G 31.327168 9.957758 67.924263 1.530000 0.000000 0.000000
35000 43 P 28.664644 5.926910 69.925560 2.110000 -1.000000 0.000000
35000 44 S 32.530212 5.841408 70.960854 1.800000 0.000000 0.000000
35000 45 A 33.518066 9.048535 71.982811 1.530000 0.000000 0.000000
35000 46 P 32.673420 5.493711 74.949043 2.110000 -1.000000 0.000000
35000 47 S 34.639015 8.897979 75.140205 1.800000 0.000000 0.000000
35000 48 T 31.917936 11.131112 75.276001 1.530000 0.000000 0.000000
35000 49 P 35.113693 10.140332 78.738777 2.110000 -1.000000 0.000000
40000 1 P 26.734489 28.833609 66.128349 2.110000 -1.000000 0.000000
40000 2 S 29.164724 25.976885 67.106285 1.800000 0.000000 0.000000
40000 3 A 31.305460 28.012554 69.196228 1.530000 0.000000 0.000000
40000 4 P 31.546276 25.141050 64.020317 2.110000 -1.000000 0.000000
40000 5 S 33.547401 22.460617 65.979576 1.800000 0.000000 0.000000
40000 6 T 31.436382 19.513243 65.975578 1.530000 0.000000 0.000000
40000 7 P 36.342617 20.827705 63.639858 2.110000 -1.000000 0.000000
40000 8 S 36.192398 16.897268 63.597931 1.800000 0.000000 0.000000
40000 9 C 33.079769 16.606848 61.532681 1.530000 0.000000 0.000000
40000 10 P 38.721260 17.341980 60.276970 2.110000 -1.000000 0.000000
40000 11 S 36.088787 15.054290 58.297546 1.800000 0.000000 0.000000
40000 12 C 32.923687 16.188488 57.143562 1.530000 0.000000 0.000000
40000 13 P 36.651447 14.596035 54.404324 2.110000 -1.000000 0.000000
40000 14 S 33.370163 14.241981 52.277718 1.800000 0.000000 0.000000
40000 15 T 31.782999 17.362997 51.632229 1.530000 0.000000 0.000000
40000 16 P 34.212341 14.173371 48.345646 2.110000 -1.000000 0.000000
40000 17 S 30.984495 16.137760 47.489616 1.800000 0.000000 0.000000
40000 18 A 31.498461 19.591639 48.403297 1.530000 0.000000 0.000000
40000 19 P 30.514147 17.180420 43.628235 2.110000 -1.000000 0.000000
40000 20 S 29.441364 21.024229 43.988567 1.800000 0.000000 0.000000
40000 21 G 32.900246 21.255880 44.742764 1.530000 0.000000 0.000000
40000 22 P 29.077942 24.108992 41.823547 2.110000 -1.000000 0.000000
40000 23 S 32.147350 25.999178 43.350578 1.800000 0.000000 0.000000
40000 24 T 34.995213 24.002996 42.403080 1.530000 0.000000 0.000000
40000 25 P 33.131508 29.732033 42.151901 2.110000 -1.000000 0.000000
40000 26 S 30.485863 29.840527 44.846111 1.800000 0.000000 0.000000
40000 27 T 31.887674 28.152475 47.664764 1.530000 0.000000 0.000000
40000 28 P 29.755535 33.302299 46.695377 2.110000 -1.000000 0.000000
40000 29 S 30.414288 30.511744 49.430439 1.800000 0.000000 0.000000
40000 30 A 34.011845 31.023853 49.076294 1.530000 0.000000 0.000000
40000 31 P 30.109732 31.391434 53.374557 2.110000 -1.000000 0.000000
40000 32 S 26.466110 29.774359 53.742092 1.800000 0.000000 0.000000
40000 33 T 27.740204 26.327684 53.540047 1.530000 0.000000 0.000000
40000 34 P 24.551046 29.224360 57.073494 2.110000 -1.000000 0.000000
40000 35 S 23.012541 26.003384 55.451759 1.800000 0.000000 0.000000
40000 36 A 25.351587 23.534843 54.892223 1.530000 0.000000 0.000000
40000 37 P 20.934772 23.446531 57.852383 2.110000 -1.000000 0.000000
40000 38 S 21.312572 19.717300 56.612843 1.800000 0.000000 0.000000
40000 39 G 24.074661 17.718956 57.065689 1.530000 0.000000 0.000000
40000 40 P 19.347198 17.340582 59.109074 2.110000 -1.000000 0.000000
40000 41 S 21.866632 14.385825 59.863537 1.800000 0.000000 0.000000
40000 42 G 24.516367 15.939502 61.789303 1.530000 0.000000 0.000000
40000 43 P 21.136652 11.573497 62.746033 2.110000 -1.000000 0.000000
40000 44 S 24.416023 11.127254 64.761909 1.800000 0.000000 0.000000
40000 45 A 25.339293 13.679832 67.286896 1.530000 0.000000 0.000000
40000 46 P 24.576603 9.262922 68.215363 2.110000 -1.000000 0.000000
40000 47 S 25.525042 11.510401 71.257545 1.800000 0.000000 0.000000
40000 48 T 22.874748 13.949734 71.984512 1.530000 0.000000 0.000000
40000 49 P 25.189283 9.901291 74.826622 2.110000 -1.000000 0.000000
45000 1 P 17.804054 30.864052 54.533470 2.110000 -1.000000 0.000000
45000 2 S 21.662874 30.456676 55.338306 1.800000 0.000000 0.000000
45000 3 A 21.680014 34.153980 56.360695 1.530000 0.000000 0.000000
45000 4 P 24.868082 29.584627 53.147213 2.110000 -1.000000 0.000000
45000 5 S 28.189837 28.189888 54.800755 1.800000 0.000000 0.000000
45000 6 T 26.774336 24.912754 55.997379 1.530000 0.000000 0.000000
45000 7 P 31.055832 26.933605 52.496689 2.110000 -1.000000 0.000000
45000 8 S 30.456718 23.343716 54.027317 1.800000 0.000000 0.000000
45000 9 C 27.511770 22.241226 52.249813 1.530000 0.000000 0.000000
45000 10 P 33.059742 21.921232 51.383801 2.110000 -1.000000 0.000000
45000 11 S 30.540005 18.944992 50.819332 1.800000 0.000000 0.000000
45000 12 C 27.488798 17.843359 49.376724 1.530000 0.000000 0.000000
45000 13 P 31.774128 17.350513 47.457561 2.110000 -1.000000 0.000000
45000 14 S 28.341330 15.581490 46.556973 1.800000 0.000000 0.000000
45000 15 T 25.522306 17.517143 45.733574 1.530000 0.000000 0.000000
45000 16 P 28.645844 14.923918 42.581989 2.110000 -1.000000 0.000000
45000 17 S 24.953312 15.442280 41.177502 1.800000 0.000000 0.000000
45000 18 A 24.376261 19.032415 41.054649 1.530000 0.000000 0.000000
45000 19 P 25.411795 15.080087 37.304279 2.110000 -1.000000 0.000000
45000 20 S 23.805994 18.276167 35.954956 1.800000 0.000000 0.000000
45000 21 G 26.600790 20.252787 36.904129 1.530000 0.000000 0.000000
45000 22 P 23.160570 20.353863 32.596344 2.110000 -1.000000 0.000000
45000 23 S 24.848249 23.771975 33.698154 1.800000 0.000000 0.000000
45000 24 T 27.997660 22.374277 33.892872 1.530000 0.000000 0.000000
45000 25 P 24.999666 26.371202 30.772846 2.110000 -1.000000 0.000000
45000 26 S 22.367514 26.275097 33.748016 1.800000 0.000000 0.000000
45000 27 T 24.722553 27.168711 36.284958 1.530000 0.000000 0.000000
45000 28 P 20.078014 29.423016 33.763371 2.110000 -1.000000 0.000000
45000 29 S 20.573561 30.006899 37.683727 1.800000 0.000000 0.000000
45000 30 A 23.985298 31.153172 37.841347 1.530000 0.000000 0.000000
45000 31 P 20.175243 32.151035 40.983383 2.110000 -1.000000 0.000000
45000 32 S 18.107149 29.046152 39.804489 1.800000 0.000000 0.000000
45000 33 T 19.982609 26.022402 39.370781 1.530000 0.000000 0.000000
45000 34 P 15.663960 28.099775 42.635807 2.110000 -1.000000 0.000000
45000 35 S 16.200727 24.120190 41.779457 1.800000 0.000000 0.000000
45000 36 A 19.217833 22.966452 42.968182 1.530000 0.000000 0.000000
45000 37 P 14.618412 22.873362 45.179173 2.110000 -1.000000 0.000000
45000 38 S 16.276155 19.582920 46.607704 1.800000 0.000000 0.000000
45000 39 G 19.289782 18.415842 47.850868 1.530000 0.000000 0.000000
45000 40 P 14.677551 19.877733 50.331924 2.110000 -1.000000 0.000000
45000 41 S 16.445511 17.308947 52.734451 1.800000 0.000000 0.000000
45000 42 G 19.810570 18.387280 53.175892 1.530000 0.000000 0.000000
45000 43 P 16.574638 16.430779 56.581451 2.110000 -1.000000 0.000000
45000 44 S 20.415165 16.147764 57.524605 1.800000 0.000000 0.000000
45000 45 A 21.617493 19.548088 56.971004 1.530000 0.000000 0.000000
45000 46 P 21.679255 16.399273 61.428669 2.110000 -1.000000 0.000000
45000 47 S 24.488121 19.130836 62.071026 1.800000 0.000000 0.000000
45000 48 T 22.009462 21.492044 61.403183 1.530000 0.000000 0.000000
45000 49 P 25.135420 20.082499 65.674400 2.110000 -1.000000 0.000000
50000 1 P 13.701190 24.562857 53.086411 2.110000 -1.000000 0.000000
50000 2 S 15.217740 27.668955 51.018196 1.800000 0.000000 0.000000
50000 3 A 14.365445 31.028257 51.881714 1.530000 0.000000 0.000000
50000 4 P 14.303799 26.391935 47.384304 2.110000 -1.000000 0.000000
50000 5 S 17.971672 27.538698 46.179104 1.800000 0.000000 0.000000
50000 6 T 20.273315 25.208569 47.622070 1.530000 0.000000 0.000000
50000 7 P 19.346785 26.459217 42.708172 2.110000 -1.000000 0.000000
50000 8 S 23.030293 25.465004 42.843933 1.800000 0.000000 0.000000
50000 9 C 22.735193 22.456083 44.582645 1.530000 0.000000 0.000000
50000 10 P 24.523312 23.642694 39.619709 2.110000 -1.000000 0.000000
50000 11 S 26.587645 20.500978 40.495956 1.800000 0.000000 0.000000
50000 12 C 24.404417 18.421692 42.288006 1.530000 0.000000 0.000000
50000 13 P 27.569334 18.364729 37.412640 2.110000 -1.000000 0.000000
50000 14 S 26.213900 14.717756 37.152664 1.800000 0.000000 0.000000
50000 15 T 22.640442 14.738767 37.290150 1.530000 0.000000 0.000000
50000 16 P 26.799826 12.806533 33.738922 2.110000 -1.000000 0.000000
50000 17 S 23.764305 10.253527 33.481407 1.800000 0.000000 0.000000
50000 18 A 22.042063 13.248377 32.537823 1.530000 0.000000 0.000000
50000 19 P 22.394258 8.197069 30.565519 2.110000 -1.000000 0.000000
50000 20 S 19.616598 10.956466 29.509825 1.800000 0.000000 0.000000
50000 21 G 21.113626 13.884730 27.997883 1.530000 0.000000 0.000000
50000 22 P 18.143461 9.619723 26.124891 2.110000 -1.000000 0.000000
50000 23 S 18.373100 12.597581 23.566662 1.800000 0.000000 0.000000
50000 24 T 21.871910 12.362045 23.256182 1.530000 0.000000 0.000000
50000 25 P 17.715975 12.725492 19.590839 2.110000 -1.000000 0.000000
50000 26 S 15.369317 14.019960 22.368443 1.800000 0.000000 0.000000
50000 27 T 17.591244 16.580147 23.417570 1.530000 0.000000 0.000000
50000 28 P 12.104246 16.073570 22.936165 2.110000 -1.000000 0.000000
50000 29 S 12.494476 17.127514 26.744373 1.800000 0.000000 0.000000
50000 30 A 14.832529 19.627350 26.659281 1.530000 0.000000 0.000000
50000 31 P 10.905617 19.779797 29.254320 2.110000 -1.000000 0.000000
50000 32 S 10.237378 16.329599 30.660530 1.800000 0.000000 0.000000
50000 33 T 13.678859 15.067835 31.477091 1.530000 0.000000 0.000000
50000 34 P 8.375567 16.512619 34.111584 2.110000 -1.000000 0.000000
50000 35 S 10.671800 14.210954 36.126762 1.800000 0.000000 0.000000
50000 36 A 13.691604 15.029779 37.494526 1.530000 0.000000 0.000000
50000 37 P 9.781306 13.571943 39.847820 2.110000 -1.000000 0.000000
50000 38 S 13.138795 11.955971 41.075180 1.800000 0.000000 0.000000
50000 39 G 15.947704 13.837537 42.106010 1.530000 0.000000 0.000000
50000 40 P 13.069564 11.572900 45.063469 2.110000 -1.000000 0.000000
50000 41 S 16.646105 12.038431 46.692348 1.800000 0.000000 0.000000
50000 42 G 17.202253 15.640211 46.659599 1.530000 0.000000 0.000000
50000 43 P 15.381993 11.747539 50.525795 2.110000 -1.000000 0.000000
50000 44 S 17.580029 13.893464 53.108578 1.800000 0.000000 0.000000
50000 45 A 17.175751 17.208881 52.775448 1.530000 0.000000 0.000000
50000 46 P 16.742840 14.549218 57.030895 2.110000 -1.000000 0.000000
50000 47 S 17.098713 18.504435 57.240795 1.800000 0.000000 0.000000
50000 48 T 13.671287 19.471600 56.087345 1.530000 0.000000 0.000000
50000 49 P 15.294410 19.644043 60.722889 2.110000 -1.000000 0.000000
