35000 1 P 8.269466 55.357956 105.610008 2.110000 -1.000000 0.000000
35000 2 S 10.621237 56.989010 108.261475 1.800000 0.000000 0.000000
35000 3 A 9.825980 60.449520 107.820961 1.530000 0.000000 0.000000
35000 4 P 13.016294 56.581467 105.249031 2.110000 -1.000000 0.000000
35000 5 S 16.760794 56.043793 106.476524 1.800000 0.000000 0.000000
35000 6 T 16.398407 52.717079 107.611359 1.530000 0.000000 0.000000
35000 7 P 19.387875 54.560028 103.423317 2.110000 -1.000000 0.000000
35000 8 S 21.289207 51.102486 103.350342 1.800000 0.000000 0.000000
35000 9 C 18.096954 49.411453 103.339699 1.530000 0.000000 0.000000
35000 10 P 23.010057 49.791630 100.226700 2.110000 -1.000000 0.000000
35000 11 S 21.671928 45.994183 100.352982 1.800000 0.000000 0.000000
35000 12 C 18.907825 43.873367 99.987503 1.530000 0.000000 0.000000
35000 13 P 23.134521 44.852386 96.729019 2.110000 -1.000000 0.000000
35000 14 S 21.173763 41.619034 95.284843 1.800000 0.000000 0.000000
35000 15 T 18.302219 42.498741 93.475800 1.530000 0.000000 0.000000
35000 16 P 23.024231 41.068024 91.866753 2.110000 -1.000000 0.000000
35000 17 S 19.475298 40.382854 90.094315 1.800000 0.000000 0.000000
35000 18 A 17.976139 43.481693 89.721687 1.530000 0.000000 0.000000
35000 19 P 19.412523 41.209404 86.296051 2.110000 -1.000000 0.000000
35000 20 S 16.180262 42.893623 85.062157 1.800000 0.000000 0.000000
35000 21 G 17.180660 46.342171 85.759430 1.530000 0.000000 0.000000
35000 22 P 17.627262 43.824459 81.435318 2.110000 -1.000000 0.000000
35000 23 S 17.060181 47.660538 81.775269 1.800000 0.000000 0.000000
35000 24 T 18.313248 49.662769 78.904419 1.530000 0.000000 0.000000
35000 25 P 18.952885 49.586269 84.763908 2.110000 -1.000000 0.000000
35000 26 S 16.203745 52.302044 85.532379 1.800000 0.000000 0.000000
35000 27 T 12.912097 52.890213 86.747192 1.530000 0.000000 0.000000
35000 28 P 17.855623 54.570343 88.312943 2.110000 -1.000000 0.000000
35000 29 S 14.099479 54.681866 89.685265 1.800000 0.000000 0.000000
35000 30 A 13.695353 51.280125 90.500488 1.530000 0.000000 0.000000
35000 31 P 13.339723 55.813942 93.470390 2.110000 -1.000000 0.000000
35000 32 S 10.175129 53.309589 93.477158 1.800000 0.000000 0.000000
35000 33 T 11.126473 50.066242 93.481979 1.530000 0.000000 0.000000
35000 34 P 8.578852 52.271923 96.875916 2.110000 -1.000000 0.000000
35000 35 S 7.193216 48.757336 95.722099 1.800000 0.000000 0.000000
35000 36 A 9.965718 46.637020 95.553925 1.530000 0.000000 0.000000
35000 37 P 5.292098 46.774612 98.462608 2.110000 -1.000000 0.000000
35000 38 S 7.694852 43.533104 98.496132 1.800000 0.000000 0.000000
35000 39 G 11.114591 42.485424 99.495216 1.530000 0.000000 0.000000
35000 40 P 6.549600 41.940041 102.039734 2.110000 -1.000000 0.000000
35000 41 S 9.838833 40.576870 103.860008 1.800000 0.000000 0.000000
35000 42 G 10.372801 43.899410 104.075073 1.530000 0.000000 0.000000
35000 43 P 9.740255 39.168507 107.510742 2.110000 -1.000000 0.000000
35000 44 S 11.422096 41.669632 110.199196 1.800000 0.000000 0.000000
35000 45 A 9.957824 44.884926 110.547432 1.530000 0.000000 0.000000
35000 46 P 10.877704 40.204170 113.739067 2.110000 -1.000000 0.000000
35000 47 S 9.827839 43.186943 115.913589 1.800000 0.000000 0.000000
35000 48 T 6.864853 44.603603 114.897560 1.530000 0.000000 0.000000
35000 49 P 8.242858 41.694614 119.186356 2.110000 -1.000000 0.000000
40000 1 P 17.892595 57.382740 104.548752 2.110000 -1.000000 0.000000
40000 2 S 21.650129 58.264133 104.320396 1.800000 0.000000 0.000000
40000 3 A 22.540981 61.775078 104.749840 1.530000 0.000000 0.000000
40000 4 P 24.028484 56.174232 102.085632 2.110000 -1.000000 0.000000
40000 5 S 27.207561 54.435772 103.967186 1.800000 0.000000 0.000000
40000 6 T 26.440828 52.062412 106.380547 1.530000 0.000000 0.000000
40000 7 P 29.608650 52.025639 101.956200 2.110000 -1.000000 0.000000
40000 8 S 31.456188 49.123108 103.967194 1.800000 0.000000 0.000000
40000 9 C 29.701859 46.287762 104.924042 1.530000 0.000000 0.000000
40000 10 P 33.491169 47.236053 100.906700 2.110000 -1.000000 0.000000
40000 11 S 32.826424 43.327759 100.320213 1.800000 0.000000 0.000000
40000 12 C 29.537947 43.363827 98.955421 1.530000 0.000000 0.000000
40000 13 P 34.359318 42.612816 96.724968 2.110000 -1.000000 0.000000
40000 14 S 31.192022 40.678589 95.247971 1.800000 0.000000 0.000000
40000 15 T 27.940517 41.771313 94.558449 1.530000 0.000000 0.000000
40000 16 P 32.233654 39.681717 91.465553 2.110000 -1.000000 0.000000
40000 17 S 28.608612 39.397346 89.967613 1.800000 0.000000 0.000000
40000 18 A 27.701372 43.004871 89.816368 1.530000 0.000000 0.000000
40000 19 P 28.320257 39.637028 86.023987 2.110000 -1.000000 0.000000
40000 20 S 24.690441 41.162621 85.623848 1.800000 0.000000 0.000000
40000 21 G 23.709826 44.541214 86.193626 1.530000 0.000000 0.000000
40000 22 P 26.784534 41.934788 82.247780 2.110000 -1.000000 0.000000
40000 23 S 25.667534 45.223438 80.510796 1.800000 0.000000 0.000000
40000 24 T 27.524687 48.170208 81.094513 1.530000 0.000000 0.000000
40000 25 P 26.308443 47.070595 84.236038 2.110000 -1.000000 0.000000
40000 26 S 23.620832 49.751278 85.118195 1.800000 0.000000 0.000000
40000 27 T 21.210026 47.372448 85.167686 1.530000 0.000000 0.000000
40000 28 P 24.051619 51.443481 88.649147 2.110000 -1.000000 0.000000
40000 29 S 20.373814 51.621082 90.021576 1.800000 0.000000 0.000000
40000 30 A 20.908936 47.969913 90.146507 1.530000 0.000000 0.000000
40000 31 P 18.678556 52.361805 93.446136 2.110000 -1.000000 0.000000
40000 32 S 16.844255 48.843662 93.822121 1.800000 0.000000 0.000000
40000 33 T 18.384813 45.717201 94.042831 1.530000 0.000000 0.000000
40000 34 P 15.416806 48.999935 97.508331 2.110000 -1.000000 0.000000
40000 35 S 16.387264 45.337399 98.376259 1.800000 0.000000 0.000000
40000 36 A 19.981840 44.771027 98.511093 1.530000 0.000000 0.000000
40000 37 P 15.480365 44.587471 102.194870 2.110000 -1.000000 0.000000
40000 38 S 18.341124 42.732845 104.295113 1.800000 0.000000 0.000000
40000 39 G 20.870729 45.248287 104.616852 1.530000 0.000000 0.000000
40000 40 P 18.329292 42.297386 108.270569 2.110000 -1.000000 0.000000
40000 41 S 21.489222 43.231991 110.303215 1.800000 0.000000 0.000000
40000 42 G 21.989321 46.617378 109.943008 1.530000 0.000000 0.000000
40000 43 P 20.984627 43.787704 114.070557 2.110000 -1.000000 0.000000
40000 44 S 22.632425 47.170254 115.112869 1.800000 0.000000 0.000000
40000 45 A 20.826143 49.559742 113.065308 1.530000 0.000000 0.000000
40000 46 P 22.518253 49.415581 118.265587 2.110000 -1.000000 0.000000
40000 47 S 22.045902 52.769413 116.260010 1.800000 0.000000 0.000000
40000 48 T 18.775328 51.632557 115.990211 1.530000 0.000000 0.000000
40000 49 P 21.337561 55.634705 118.849045 2.110000 -1.000000 0.000000
45000 1 P 19.949886 63.505878 119.750931 2.110000 -1.000000 0.000000
45000 2 S 23.862104 64.075020 119.370781 1.800000 0.000000 0.000000
45000 3 A 23.837034 67.302719 118.075890 1.530000 0.000000 0.000000
45000 4 P 25.007719 61.684807 116.374313 2.110000 -1.000000 0.000000
45000 5 S 28.713348 60.640251 117.293564 1.800000 0.000000 0.000000
45000 6 T 28.227207 59.047256 120.501846 1.530000 0.000000 0.000000
45000 7 P 31.310575 58.068245 115.827980 2.110000 -1.000000 0.000000
45000 8 S 33.651127 55.849960 118.102966 1.800000 0.000000 0.000000
45000 9 C 32.445221 53.307873 120.361176 1.530000 0.000000 0.000000
45000 10 P 35.014404 53.605492 115.119659 2.110000 -1.000000 0.000000
45000 11 S 35.592266 49.914070 114.219551 1.800000 0.000000 0.000000
45000 12 C 32.353104 48.803108 114.336182 1.530000 0.000000 0.000000
45000 13 P 36.818733 48.959366 110.683495 2.110000 -1.000000 0.000000
45000 14 S 34.761509 45.926548 109.234436 1.800000 0.000000 0.000000
45000 15 T 31.326756 46.250217 108.386368 1.530000 0.000000 0.000000
45000 16 P 35.733780 45.942669 105.184868 2.110000 -1.000000 0.000000
45000 17 S 32.991951 44.875931 102.569435 1.800000 0.000000 0.000000
45000 18 A 32.440605 47.750446 103.910736 1.530000 0.000000 0.000000
45000 19 P 35.049286 45.641449 99.156715 2.110000 -1.000000 0.000000
45000 20 S 33.422890 48.292042 96.920631 1.800000 0.000000 0.000000
45000 21 G 34.420269 51.033733 98.941566 1.530000 0.000000 0.000000
45000 22 P 36.003094 49.201763 94.152649 2.110000 -1.000000 0.000000
45000 23 S 35.408916 53.101627 94.289452 1.800000 0.000000 0.000000
45000 24 T 38.361115 53.299557 96.254623 1.530000 0.000000 0.000000
45000 25 P 35.080727 54.908367 97.669403 2.110000 -1.000000 0.000000
45000 26 S 33.437717 58.463650 97.160339 1.800000 0.000000 0.000000
45000 27 T 30.376602 58.240772 95.551933 1.530000 0.000000 0.000000
45000 28 P 32.486198 58.980724 100.838921 2.110000 -1.000000 0.000000
45000 29 S 28.881107 59.984554 100.272392 1.800000 0.000000 0.000000
45000 30 A 26.913376 57.321709 98.894745 1.530000 0.000000 0.000000
45000 31 P 26.596226 60.237488 103.403656 2.110000 -1.000000 0.000000
45000 32 S 23.764482 57.647659 102.294838 1.800000 0.000000 0.000000
45000 33 T 25.498066 54.570148 101.910263 1.530000 0.000000 0.000000
45000 34 P 21.790571 56.838791 105.541649 2.110000 -1.000000 0.000000
45000 35 S 20.100187 53.487148 107.008774 1.800000 0.000000 0.000000
45000 36 A 22.846636 51.941704 108.399918 1.530000 0.000000 0.000000
45000 37 P 19.003376 52.573151 110.571381 2.110000 -1.000000 0.000000
45000 38 S 20.841698 49.004208 110.821404 1.800000 0.000000 0.000000
45000 39 G 24.218149 49.479393 111.472580 1.530000 0.000000 0.000000
45000 40 P 20.310175 47.425465 114.346504 2.110000 -1.000000 0.000000
45000 41 S 23.585056 46.175529 116.322067 1.800000 0.000000 0.000000
45000 42 G 24.664095 49.476898 116.975243 1.530000 0.000000 0.000000
45000 43 P 22.160835 45.448719 119.896561 2.110000 -1.000000 0.000000
45000 44 S 24.217569 47.342888 122.687927 1.800000 0.000000 0.000000
45000 45 A 22.791769 50.390373 122.607254 1.530000 0.000000 0.000000
45000 46 P 22.174017 47.224884 126.146049 2.110000 -1.000000 0.000000
45000 47 S 22.087645 51.068607 127.386795 1.800000 0.000000 0.000000
45000 48 T 19.566599 52.815712 125.066254 1.530000 0.000000 0.000000
45000 49 P 20.138000 53.264282 129.854462 2.110000 -1.000000 0.000000
50000 1 P 19.089966 69.683678 121.738998 2.110000 -1.000000 0.000000
50000 2 S 21.537994 71.938957 123.871803 1.800000 0.000000 0.000000
50000 3 A 23.468512 74.665306 122.800301 1.530000 0.000000 0.000000
50000 4 P 24.944975 70.872597 122.555862 2.110000 -1.000000 0.000000
50000 5 S 27.443674 70.878571 125.594009 1.800000 0.000000 0.000000
50000 6 T 26.743044 68.247971 127.728287 1.530000 0.000000 0.000000
50000 7 P 30.981663 68.938065 125.176338 2.110000 -1.000000 0.000000
50000 8 S 32.310616 66.843193 128.369217 1.800000 0.000000 0.000000
50000 9 C 30.124039 64.013016 128.270294 1.530000 0.000000 0.000000
50000 10 P 34.834057 64.707329 125.962875 2.110000 -1.000000 0.000000
50000 11 S 34.124008 60.741547 125.583298 1.800000 0.000000 0.000000
50000 12 C 31.053183 60.504341 123.849472 1.530000 0.000000 0.000000
50000 13 P 35.554268 58.162846 122.981163 2.110000 -1.000000 0.000000
50000 14 S 32.997746 55.368546 122.132851 1.800000 0.000000 0.000000
50000 15 T 30.432981 54.865166 120.036537 1.530000 0.000000 0.000000
50000 16 P 34.983997 54.082291 119.055748 2.110000 -1.000000 0.000000
50000 17 S 32.327179 52.349888 116.963867 1.800000 0.000000 0.000000
50000 18 A 31.147488 55.500641 115.857994 1.530000 0.000000 0.000000
50000 19 P 34.714123 52.217175 114.095573 2.110000 -1.000000 0.000000
50000 20 S 32.959209 53.185165 110.673363 1.800000 0.000000 0.000000
50000 21 G 32.139736 56.918613 110.038544 1.530000 0.000000 0.000000
50000 22 P 35.424583 53.889763 107.721115 2.110000 -1.000000 0.000000
50000 23 S 35.050774 56.849346 105.198181 1.800000 0.000000 0.000000
50000 24 T 37.509373 59.428394 105.515007 1.530000 0.000000 0.000000
50000 25 P 34.936050 58.881927 108.424774 2.110000 -1.000000 0.000000
50000 26 S 32.830402 61.707359 106.649216 1.800000 0.000000 0.000000
50000 27 T 29.383017 61.366676 106.316109 1.530000 0.000000 0.000000
50000 28 P 31.651758 64.173073 109.601906 2.110000 -1.000000 0.000000
50000 29 S 27.778509 65.153458 109.887161 1.800000 0.000000 0.000000
50000 30 A 25.411169 62.582687 110.167831 1.530000 0.000000 0.000000
50000 31 P 27.145948 66.742523 113.688324 2.110000 -1.000000 0.000000
50000 32 S 23.434048 65.536148 114.660912 1.800000 0.000000 0.000000
50000 33 T 25.020395 62.253963 115.273438 1.530000 0.000000 0.000000
50000 34 P 21.686689 65.698830 118.183624 2.110000 -1.000000 0.000000
50000 35 S 20.876183 61.912605 118.265068 1.800000 0.000000 0.000000
50000 36 A 23.671009 60.106293 119.452927 1.530000 0.000000 0.000000
50000 37 P 19.421507 60.097061 121.287750 2.110000 -1.000000 0.000000
50000 38 S 20.262527 56.633240 122.975121 1.800000 0.000000 0.000000
50000 39 G 23.122444 56.786194 124.964050 1.530000 0.000000 0.000000
50000 40 P 18.407902 56.226589 126.491081 2.110000 -1.000000 0.000000
50000 41 S 20.608658 55.476372 129.651520 1.800000 0.000000 0.000000
50000 42 G 22.129782 58.580315 129.651474 1.530000 0.000000 0.000000
50000 43 P 18.032988 56.061874 132.492371 2.110000 -1.000000 0.000000
50000 44 S 19.925110 58.849617 134.459091 1.800000 0.000000 0.000000
50000 45 A 20.022566 61.824863 132.352539 1.530000 0.000000 0.000000
50000 46 P 18.679831 61.315758 137.393906 2.110000 -1.000000 0.000000
50000 47 S 20.438759 64.487617 135.533875 1.800000 0.000000 0.000000
50000 48 T 17.629837 65.257164 133.492416 1.530000 0.000000 0.000000
50000 49 P 20.369289 68.486687 136.191147 2.110000 -1.000000 0.000000
