35000 1 P 8.486697 8.172655 92.043320 2.110000 -1.000000 0.000000
35000 2 S 11.419822 6.507817 94.380760 1.800000 0.000000 0.000000
35000 3 A 11.086020 7.304304 97.918839 1.530000 0.000000 0.000000
35000 4 P 15.096256 7.260038 93.168259 2.110000 -1.000000 0.000000
35000 5 S 17.495140 4.168241 93.421585 1.800000 0.000000 0.000000
35000 6 T 16.565275 1.570351 90.888168 1.530000 0.000000 0.000000
35000 7 P 21.146427 5.074717 91.763908 2.110000 -1.000000 0.000000
35000 8 S 22.174335 2.268004 89.161491 1.800000 0.000000 0.000000
35000 9 C 19.467928 2.506321 86.646049 1.530000 0.000000 0.000000
35000 10 P 24.968115 3.750749 87.057526 2.110000 -1.000000 0.000000
35000 11 S 24.856640 2.362639 83.436775 1.800000 0.000000 0.000000
35000 12 C 21.808729 3.596169 81.962402 1.530000 0.000000 0.000000
35000 13 P 27.066511 3.849339 80.485924 2.110000 -1.000000 0.000000
35000 14 S 24.728170 3.647589 77.595581 1.800000 0.000000 0.000000
35000 15 T 22.302557 5.996791 78.135895 1.530000 0.000000 0.000000
35000 16 P 26.867998 5.464090 75.087448 2.110000 -1.000000 0.000000
35000 17 S 24.547184 8.474361 73.915253 1.800000 0.000000 0.000000
35000 18 A 24.137896 10.713985 76.544914 1.530000 0.000000 0.000000
35000 19 P 26.484562 11.033953 71.631599 2.110000 -1.000000 0.000000
35000 20 S 25.804131 14.244475 73.956177 1.800000 0.000000 0.000000
35000 21 G 27.887383 14.166143 76.945816 1.530000 0.000000 0.000000
35000 22 P 27.931688 17.172440 72.255257 2.110000 -1.000000 0.000000
35000 23 S 29.155642 17.188366 76.114578 1.800000 0.000000 0.000000
35000 24 T 31.300646 14.618912 74.532906 1.530000 0.000000 0.000000
35000 25 P 32.101543 18.488461 78.679276 2.110000 -1.000000 0.000000
35000 26 S 28.584637 19.903172 79.721313 1.800000 0.000000 0.000000
35000 27 T 27.660149 16.648153 80.606644 1.530000 0.000000 0.000000
35000 28 P 26.408516 22.032301 82.471458 2.110000 -1.000000 0.000000
35000 29 S 24.576706 18.636524 83.163895 1.800000 0.000000 0.000000
35000 30 A 26.501074 16.811884 85.274452 1.530000 0.000000 0.000000
35000 31 P 22.184841 17.020243 85.966377 2.110000 -1.000000 0.000000
35000 32 S 19.526205 17.779827 83.304695 1.800000 0.000000 0.000000
35000 33 T 20.183365 14.952412 80.873184 1.530000 0.000000 0.000000
35000 34 P 15.951211 16.112722 83.916458 2.110000 -1.000000 0.000000
35000 35 S 14.045770 14.541915 80.753181 1.800000 0.000000 0.000000
35000 36 A 15.271790 11.781871 78.686272 1.530000 0.000000 0.000000
35000 37 P 10.484322 12.746016 81.498596 2.110000 -1.000000 0.000000
35000 38 S 9.967743 9.233290 79.554428 1.800000 0.000000 0.000000
35000 39 G 12.379325 7.855332 81.745148 1.530000 0.000000 0.000000
35000 40 P 7.311488 6.269454 79.790405 2.110000 -1.000000 0.000000
35000 41 S 9.731744 3.039485 79.539856 1.800000 0.000000 0.000000
35000 42 G 11.944853 3.237775 82.332466 1.530000 0.000000 0.000000
35000 43 P 7.714931 -0.431257 79.785126 2.110000 -1.000000 0.000000
35000 44 S 10.739716 -1.827133 81.875961 1.800000 0.000000 0.000000
35000 45 A 10.205889 0.041174 84.978653 1.530000 0.000000 0.000000
35000 46 P 10.129442 -5.057017 83.916016 2.110000 -1.000000 0.000000
35000 47 S 10.802174 -4.055161 87.566788 1.800000 0.000000 0.000000
35000 48 T 7.740799 -2.608261 87.824844 1.530000 0.000000 0.000000
35000 49 P 8.581738 -7.250484 88.507881 2.110000 -1.000000 0.000000
40000 1 P 14.093532 5.081282 86.357445 2.110000 -1.000000 0.000000
40000 2 S 17.472937 4.846568 84.547798 1.800000 0.000000 0.000000
40000 3 A 20.150043 5.661494 86.991776 1.530000 0.000000 0.000000
40000 4 P 19.187929 7.154117 81.827202 2.110000 -1.000000 0.000000
40000 5 S 21.503393 4.252616 80.248268 1.800000 0.000000 0.000000
40000 6 T 19.556282 1.595353 78.958832 1.530000 0.000000 0.000000
40000 7 P 23.642241 4.667469 76.858711 2.110000 -1.000000 0.000000
40000 8 S 24.440025 2.157860 73.802818 1.800000 0.000000 0.000000
40000 9 C 21.612425 1.711667 71.920898 1.530000 0.000000 0.000000
40000 10 P 26.577734 3.258583 70.718246 2.110000 -1.000000 0.000000
40000 11 S 25.464809 0.852030 67.860382 1.800000 0.000000 0.000000
40000 12 C 22.210634 1.480098 66.372757 1.530000 0.000000 0.000000
40000 13 P 26.538076 1.880841 64.256317 2.110000 -1.000000 0.000000
40000 14 S 22.934980 1.662134 62.693584 1.800000 0.000000 0.000000
40000 15 T 20.503044 4.065392 63.155685 1.530000 0.000000 0.000000
40000 16 P 24.343191 3.671083 59.548874 2.110000 -1.000000 0.000000
40000 17 S 22.481806 6.928344 58.311184 1.800000 0.000000 0.000000
40000 18 A 23.682598 8.833238 61.133373 1.530000 0.000000 0.000000
40000 19 P 24.817442 9.185203 55.851948 2.110000 -1.000000 0.000000
40000 20 S 24.872946 12.691442 57.708588 1.800000 0.000000 0.000000
40000 21 G 26.983000 12.315828 60.515484 1.530000 0.000000 0.000000
40000 22 P 26.738333 16.203163 57.482277 2.110000 -1.000000 0.000000
40000 23 S 27.629301 16.925138 61.429688 1.800000 0.000000 0.000000
40000 24 T 30.553509 14.722125 61.227016 1.530000 0.000000 0.000000
40000 25 P 30.236242 19.234673 62.883610 2.110000 -1.000000 0.000000
40000 26 S 27.364342 18.690870 65.292778 1.800000 0.000000 0.000000
40000 27 T 28.762840 15.748140 65.920609 1.530000 0.000000 0.000000
40000 28 P 25.804186 19.279020 68.913887 2.110000 -1.000000 0.000000
40000 29 S 25.057062 15.497226 68.801323 1.800000 0.000000 0.000000
40000 30 A 28.180378 13.819320 69.824432 1.530000 0.000000 0.000000
40000 31 P 23.870150 14.594871 72.338554 2.110000 -1.000000 0.000000
40000 32 S 20.165770 14.281638 71.071220 1.800000 0.000000 0.000000
40000 33 T 19.972757 11.438212 69.343269 1.530000 0.000000 0.000000
40000 34 P 17.203867 12.779429 73.303810 2.110000 -1.000000 0.000000
40000 35 S 15.530887 11.599905 69.920372 1.800000 0.000000 0.000000
40000 36 A 16.238636 8.558801 68.255089 1.530000 0.000000 0.000000
40000 37 P 12.339818 9.728457 70.673500 2.110000 -1.000000 0.000000
40000 38 S 12.283509 6.059357 69.386131 1.800000 0.000000 0.000000
40000 39 G 14.705392 3.933331 70.927795 1.530000 0.000000 0.000000
40000 40 P 8.976109 4.181339 70.399887 2.110000 -1.000000 0.000000
40000 41 S 10.622093 0.690731 70.798920 1.800000 0.000000 0.000000
40000 42 G 12.983040 0.765676 73.461685 1.530000 0.000000 0.000000
40000 43 P 9.698359 -2.982200 72.116707 2.110000 -1.000000 0.000000
40000 44 S 11.559351 -5.518553 74.518486 1.800000 0.000000 0.000000
40000 45 A 11.302392 -4.417314 77.993858 1.530000 0.000000 0.000000
40000 46 P 8.812954 -8.196522 75.297623 2.110000 -1.000000 0.000000
40000 47 S 9.263435 -8.971190 79.160873 1.800000 0.000000 0.000000
40000 48 T 7.450434 -5.785583 79.465736 1.530000 0.000000 0.000000
40000 49 P 6.751105 -10.687781 81.775757 2.110000 -1.000000 0.000000
45000 1 P 13.578333 7.802620 86.052933 2.110000 -1.000000 0.000000
45000 2 S 17.618849 7.593445 86.312363 1.800000 0.000000 0.000000
45000 3 A 19.464079 9.010451 89.170593 1.530000 0.000000 0.000000
45000 4 P 19.716499 9.325253 83.429565 2.110000 -1.000000 0.000000
45000 5 S 22.393570 6.474642 82.357307 1.800000 0.000000 0.000000
45000 6 T 19.407276 4.839139 81.569107 1.530000 0.000000 0.000000
45000 7 P 24.548048 6.857485 78.988853 2.110000 -1.000000 0.000000
45000 8 S 24.509888 3.159592 77.388344 1.800000 0.000000 0.000000
45000 9 C 21.317852 2.215042 75.981636 1.530000 0.000000 0.000000
45000 10 P 26.341923 3.460578 73.915253 2.110000 -1.000000 0.000000
45000 11 S 24.332346 1.548528 71.469368 1.800000 0.000000 0.000000
45000 12 C 21.852211 3.990717 71.435333 1.530000 0.000000 0.000000
45000 13 P 26.003923 2.419484 68.053200 2.110000 -1.000000 0.000000
45000 14 S 23.655594 3.161274 64.857292 1.800000 0.000000 0.000000
45000 15 T 21.433334 6.083416 65.296509 1.530000 0.000000 0.000000
45000 16 P 25.542156 4.404174 61.630119 2.110000 -1.000000 0.000000
45000 17 S 23.303669 7.502270 62.081791 1.800000 0.000000 0.000000
45000 18 A 23.259861 9.894055 64.909737 1.530000 0.000000 0.000000
45000 19 P 24.382635 10.752531 59.878944 2.110000 -1.000000 0.000000
45000 20 S 23.404676 13.293585 62.782238 1.800000 0.000000 0.000000
45000 21 G 24.870455 13.503757 66.048561 1.530000 0.000000 0.000000
45000 22 P 24.472975 17.069860 61.792667 2.110000 -1.000000 0.000000
45000 23 S 25.499050 17.306219 65.684654 1.800000 0.000000 0.000000
45000 24 T 28.245913 15.515833 65.173271 1.530000 0.000000 0.000000
45000 25 P 27.312788 20.397135 67.405258 2.110000 -1.000000 0.000000
45000 26 S 23.822861 19.123775 68.665161 1.800000 0.000000 0.000000
45000 27 T 25.239378 16.146387 69.943008 1.530000 0.000000 0.000000
45000 28 P 22.202183 20.585726 72.115196 2.110000 -1.000000 0.000000
45000 29 S 20.791279 17.057987 73.179276 1.800000 0.000000 0.000000
45000 30 A 24.229549 17.278994 74.158218 1.530000 0.000000 0.000000
45000 31 P 19.565437 15.527523 76.601738 2.110000 -1.000000 0.000000
45000 32 S 16.471214 14.666224 74.288429 1.800000 0.000000 0.000000
45000 33 T 18.064146 12.080247 72.462120 1.530000 0.000000 0.000000
45000 34 P 13.555792 12.125022 75.678131 2.110000 -1.000000 0.000000
45000 35 S 12.080260 10.009923 72.600410 1.800000 0.000000 0.000000
45000 36 A 14.621220 7.924390 71.312073 1.530000 0.000000 0.000000
45000 37 P 9.974925 6.767841 73.551888 2.110000 -1.000000 0.000000
45000 38 S 10.851703 3.722181 71.143478 1.800000 0.000000 0.000000
45000 39 G 13.886813 4.073539 72.663574 1.530000 0.000000 0.000000
45000 40 P 9.347447 0.416126 72.697998 2.110000 -1.000000 0.000000
45000 41 S 12.404163 -2.025094 73.071053 1.800000 0.000000 0.000000
45000 42 G 14.727092 -0.857666 75.562927 1.530000 0.000000 0.000000
45000 43 P 10.839183 -4.758018 75.336128 2.110000 -1.000000 0.000000
45000 44 S 12.302159 -4.726137 78.980499 1.800000 0.000000 0.000000
45000 45 A 12.047264 -1.705904 80.725952 1.530000 0.000000 0.000000
45000 46 P 9.953134 -6.771970 81.551041 2.110000 -1.000000 0.000000
45000 47 S 9.998109 -3.451231 83.649666 1.800000 0.000000 0.000000
45000 48 T 8.044811 -2.128819 81.000725 1.530000 0.000000 0.000000
45000 49 P 7.125674 -3.627136 86.523705 2.110000 -1.000000 0.000000
50000 1 P 11.266472 9.627199 79.637749 2.110000 -1.000000 0.000000
50000 2 S 12.135210 5.950517 80.854218 1.800000 0.000000 0.000000
50000 3 A 14.935405 6.006360 83.171768 1.530000 0.000000 0.000000
50000 4 P 14.984124 6.131538 78.176056 2.110000 -1.000000 0.000000
50000 5 S 15.950373 2.226386 77.152939 1.800000 0.000000 0.000000
50000 6 T 13.767590 -0.173246 74.912895 1.530000 0.000000 0.000000
50000 7 P 18.425358 2.941907 74.258652 2.110000 -1.000000 0.000000
50000 8 S 18.484730 -0.037100 71.843353 1.800000 0.000000 0.000000
50000 9 C 16.048912 -1.290642 69.690102 1.530000 0.000000 0.000000
50000 10 P 20.679983 0.775582 68.753204 2.110000 -1.000000 0.000000
50000 11 S 19.289902 -0.579765 65.281631 1.800000 0.000000 0.000000
50000 12 C 16.449837 1.543719 65.036644 1.530000 0.000000 0.000000
50000 13 P 20.774105 0.549541 61.882092 2.110000 -1.000000 0.000000
50000 14 S 18.408106 1.691908 58.940067 1.800000 0.000000 0.000000
50000 15 T 16.859585 4.275866 60.985153 1.530000 0.000000 0.000000
50000 16 P 19.936720 3.480941 55.699726 2.110000 -1.000000 0.000000
50000 17 S 18.446814 7.196289 55.658600 1.800000 0.000000 0.000000
50000 18 A 19.548115 8.980668 58.462822 1.530000 0.000000 0.000000
50000 19 P 19.908630 9.252762 52.744938 2.110000 -1.000000 0.000000
50000 20 S 20.163248 12.829971 54.584980 1.800000 0.000000 0.000000
50000 21 G 22.865793 12.464976 56.860588 1.530000 0.000000 0.000000
50000 22 P 21.884672 16.217581 53.459507 2.110000 -1.000000 0.000000
50000 23 S 24.207510 16.474348 56.788837 1.800000 0.000000 0.000000
50000 24 T 26.709972 14.057372 56.241501 1.530000 0.000000 0.000000
50000 25 P 27.046118 18.926403 58.176720 2.110000 -1.000000 0.000000
50000 26 S 23.954466 19.626486 60.424953 1.800000 0.000000 0.000000
50000 27 T 23.723766 16.800190 62.506466 1.530000 0.000000 0.000000
50000 28 P 24.502459 21.623590 63.694908 2.110000 -1.000000 0.000000
50000 29 S 23.061481 18.462486 65.716339 1.800000 0.000000 0.000000
50000 30 A 26.134567 16.784311 65.761559 1.530000 0.000000 0.000000
50000 31 P 21.994940 16.470049 69.142548 2.110000 -1.000000 0.000000
50000 32 S 18.322275 16.959057 67.687706 1.800000 0.000000 0.000000
50000 33 T 18.125515 15.160131 64.591141 1.530000 0.000000 0.000000
50000 34 P 14.624390 15.504734 68.109360 2.110000 -1.000000 0.000000
50000 35 S 12.770045 14.812840 64.695740 1.800000 0.000000 0.000000
50000 36 A 14.868971 11.993770 64.281799 1.530000 0.000000 0.000000
50000 37 P 9.356371 13.324224 64.671700 2.110000 -1.000000 0.000000
50000 38 S 10.048143 10.086457 62.385876 1.800000 0.000000 0.000000
50000 39 G 11.814438 7.912818 64.447701 1.530000 0.000000 0.000000
50000 40 P 6.544127 8.524856 63.041466 2.110000 -1.000000 0.000000
50000 41 S 6.902142 4.665695 63.651886 1.800000 0.000000 0.000000
50000 42 G 8.383924 4.657490 66.956520 1.530000 0.000000 0.000000
50000 43 P 3.708494 2.338856 64.457962 2.110000 -1.000000 0.000000
50000 44 S 4.164383 -0.389991 67.354294 1.800000 0.000000 0.000000
50000 45 A 4.293432 2.164299 70.036285 1.530000 0.000000 0.000000
50000 46 P 1.684181 -3.236784 68.601715 2.110000 -1.000000 0.000000
50000 47 S -2.064494 -1.540908 68.781036 1.800000 0.000000 0.000000
50000 48 T -0.768886 -1.984525 65.452164 1.530000 0.000000 0.000000
50000 49 P -5.883852 -2.864222 68.683891 2.110000 -1.000000 0.000000
