35000 1 P 25.254408 -12.112418 104.476425 2.110000 -1.000000 0.000000
35000 2 S 28.708916 -13.288324 102.576126 1.800000 0.000000 0.000000
35000 3 A 30.004799 -13.110806 105.758499 1.530000 0.000000 0.000000
35000 4 P 30.940399 -11.208860 100.149353 2.110000 -1.000000 0.000000
35000 5 S 32.617023 -14.275000 98.314240 1.800000 0.000000 0.000000
35000 6 T 30.426289 -16.068405 96.080933 1.530000 0.000000 0.000000
35000 7 P 35.250130 -14.040433 95.547119 2.110000 -1.000000 0.000000
35000 8 S 34.370598 -17.037308 93.161880 1.800000 0.000000 0.000000
35000 9 C 31.280323 -16.243032 91.784737 1.530000 0.000000 0.000000
35000 10 P 36.792747 -16.434500 90.378059 2.110000 -1.000000 0.000000
35000 11 S 35.216034 -18.100777 87.243202 1.800000 0.000000 0.000000
35000 12 C 32.928684 -15.621346 86.335876 1.530000 0.000000 0.000000
35000 13 P 35.604618 -17.880640 83.237900 2.110000 -1.000000 0.000000
35000 14 S 33.044849 -16.843508 80.536118 1.800000 0.000000 0.000000
35000 15 T 32.352501 -13.188471 80.618217 1.530000 0.000000 0.000000
35000 16 P 34.706253 -16.382580 77.043991 2.110000 -1.000000 0.000000
35000 17 S 33.170879 -13.905846 74.365875 1.800000 0.000000 0.000000
35000 18 A 33.586349 -10.798162 76.229919 1.530000 0.000000 0.000000
35000 19 P 35.788807 -12.688002 71.776817 2.110000 -1.000000 0.000000
35000 20 S 35.774818 -8.797243 71.898125 1.800000 0.000000 0.000000
35000 21 G 37.816418 -7.833217 74.493591 1.530000 0.000000 0.000000
35000 22 P 38.799221 -8.726857 69.481255 2.110000 -1.000000 0.000000
35000 23 S 40.175514 -5.352437 71.125229 1.800000 0.000000 0.000000
35000 24 T 40.796085 -8.495074 72.616234 1.530000 0.000000 0.000000
35000 25 P 40.308151 -4.990985 74.965912 2.110000 -1.000000 0.000000
35000 26 S 39.107208 -1.300867 75.346466 1.800000 0.000000 0.000000
35000 27 T 35.838387 -1.793533 74.495445 1.530000 0.000000 0.000000
35000 28 P 39.022324 -1.222856 79.445129 2.110000 -1.000000 0.000000
35000 29 S 35.973633 1.367133 79.137154 1.800000 0.000000 0.000000
35000 30 A 32.949265 0.732438 77.382881 1.530000 0.000000 0.000000
35000 31 P 35.112900 0.091512 82.989334 2.110000 -1.000000 0.000000
35000 32 S 31.215752 -0.192365 82.406288 1.800000 0.000000 0.000000
35000 33 T 30.424709 -2.629131 79.702415 1.530000 0.000000 0.000000
35000 34 P 28.782440 -1.015591 85.264198 2.110000 -1.000000 0.000000
35000 35 S 25.878298 -2.971618 83.700699 1.800000 0.000000 0.000000
35000 36 A 27.503195 -6.023964 83.100822 1.530000 0.000000 0.000000
35000 37 P 23.042728 -4.964474 85.733795 2.110000 -1.000000 0.000000
35000 38 S 22.847004 -8.449935 83.996498 1.800000 0.000000 0.000000
35000 39 G 25.383451 -10.858942 83.779518 1.530000 0.000000 0.000000
35000 40 P 20.442101 -11.325242 85.217728 2.110000 -1.000000 0.000000
35000 41 S 21.208387 -15.088398 84.461700 1.800000 0.000000 0.000000
35000 42 G 24.074299 -16.299122 86.169212 1.530000 0.000000 0.000000
35000 43 P 19.301916 -17.730543 86.533318 2.110000 -1.000000 0.000000
35000 44 S 21.761679 -20.341967 88.140785 1.800000 0.000000 0.000000
35000 45 A 23.462479 -19.160641 90.941269 1.530000 0.000000 0.000000
35000 46 P 21.140568 -23.068493 90.996826 2.110000 -1.000000 0.000000
35000 47 S 17.746880 -21.291637 91.930824 1.800000 0.000000 0.000000
35000 48 T 16.525537 -22.275255 88.746101 1.530000 0.000000 0.000000
35000 49 P 15.813809 -24.254520 93.801521 2.110000 -1.000000 0.000000
40000 1 P 22.961582 -15.020866 109.977852 2.110000 -1.000000 0.000000
40000 2 S 26.663733 -13.960259 110.406693 1.800000 0.000000 0.000000
40000 3 A 27.518320 -14.099614 113.910652 1.530000 0.000000 0.000000
40000 4 P 28.686197 -10.974197 108.969063 2.110000 -1.000000 0.000000
40000 5 S 32.088108 -12.301187 107.594147 1.800000 0.000000 0.000000
40000 6 T 30.658155 -14.444674 105.011009 1.530000 0.000000 0.000000
40000 7 P 35.162159 -10.912466 105.283165 2.110000 -1.000000 0.000000
40000 8 S 35.500721 -14.317880 103.059097 1.800000 0.000000 0.000000
40000 9 C 32.424683 -14.906299 101.400513 1.530000 0.000000 0.000000
40000 10 P 37.674648 -14.503749 99.653336 2.110000 -1.000000 0.000000
40000 11 S 35.512665 -17.062424 97.514214 1.800000 0.000000 0.000000
40000 12 C 32.941921 -15.066782 96.499237 1.530000 0.000000 0.000000
40000 13 P 36.894077 -17.221434 93.946419 2.110000 -1.000000 0.000000
40000 14 S 34.334583 -17.580463 91.100243 1.800000 0.000000 0.000000
40000 15 T 32.646076 -14.569976 91.813110 1.530000 0.000000 0.000000
40000 16 P 34.899143 -17.250555 87.144005 2.110000 -1.000000 0.000000
40000 17 S 31.566376 -15.360280 86.161057 1.800000 0.000000 0.000000
40000 18 A 32.331108 -12.548068 88.058907 1.530000 0.000000 0.000000
40000 19 P 32.589890 -14.375258 82.381020 2.110000 -1.000000 0.000000
40000 20 S 33.794865 -11.364470 80.191734 1.800000 0.000000 0.000000
40000 21 G 36.730560 -9.776013 81.473137 1.530000 0.000000 0.000000
40000 22 P 34.900616 -12.794802 76.544899 2.110000 -1.000000 0.000000
40000 23 S 38.560680 -10.992585 76.809967 1.800000 0.000000 0.000000
40000 24 T 40.881630 -12.141074 74.279602 1.530000 0.000000 0.000000
40000 25 P 40.259659 -11.389210 80.605453 2.110000 -1.000000 0.000000
40000 26 S 42.429890 -8.507497 82.351906 1.800000 0.000000 0.000000
40000 27 T 40.556450 -5.697291 83.155258 1.530000 0.000000 0.000000
40000 28 P 43.243885 -8.866725 86.115669 2.110000 -1.000000 0.000000
40000 29 S 41.816463 -5.406151 87.234444 1.800000 0.000000 0.000000
40000 30 A 38.334370 -5.840769 86.630936 1.530000 0.000000 0.000000
40000 31 P 40.393452 -3.827150 90.692711 2.110000 -1.000000 0.000000
40000 32 S 36.998234 -2.186662 89.848526 1.800000 0.000000 0.000000
40000 33 T 34.926884 -5.031710 89.172028 1.530000 0.000000 0.000000
40000 34 P 34.294746 -1.580615 92.448059 2.110000 -1.000000 0.000000
40000 35 S 30.835302 -2.448336 90.728645 1.800000 0.000000 0.000000
40000 36 A 30.986862 -5.783180 89.779282 1.530000 0.000000 0.000000
40000 37 P 26.999683 -2.921946 91.583557 2.110000 -1.000000 0.000000
40000 38 S 27.097807 -6.642315 89.898880 1.800000 0.000000 0.000000
40000 39 G 29.158331 -8.860222 91.839508 1.530000 0.000000 0.000000
40000 40 P 24.264128 -9.286138 90.174942 2.110000 -1.000000 0.000000
40000 41 S 26.100922 -12.392705 91.889954 1.800000 0.000000 0.000000
40000 42 G 26.964958 -12.845533 95.430946 1.530000 0.000000 0.000000
40000 43 P 23.944382 -15.700173 92.486244 2.110000 -1.000000 0.000000
40000 44 S 25.288363 -16.802528 95.958298 1.800000 0.000000 0.000000
40000 45 A 23.856894 -14.097007 97.738091 1.530000 0.000000 0.000000
40000 46 P 23.782593 -19.064194 98.858521 2.110000 -1.000000 0.000000
40000 47 S 20.085135 -19.354427 97.277626 1.800000 0.000000 0.000000
40000 48 T 20.621286 -21.841032 94.834511 1.530000 0.000000 0.000000
40000 49 P 18.164959 -22.016367 99.608658 2.110000 -1.000000 0.000000
45000 1 P 35.513680 -8.765655 108.716484 2.110000 -1.000000 0.000000
45000 2 S 37.447258 -12.134558 109.554245 1.800000 0.000000 0.000000
45000 3 A 37.860558 -11.621867 113.026047 1.530000 0.000000 0.000000
45000 4 P 40.648163 -12.557508 107.447098 2.110000 -1.000000 0.000000
45000 5 S 41.169659 -16.568193 107.437164 1.800000 0.000000 0.000000
45000 6 T 39.232620 -18.634176 105.393555 1.530000 0.000000 0.000000
45000 7 P 43.834789 -16.780840 104.725685 2.110000 -1.000000 0.000000
45000 8 S 43.031460 -20.306850 103.199738 1.800000 0.000000 0.000000
45000 9 C 39.787033 -20.156475 101.577721 1.530000 0.000000 0.000000
45000 10 P 44.823544 -20.961075 99.633324 2.110000 -1.000000 0.000000
45000 11 S 42.132351 -23.196701 97.960434 1.800000 0.000000 0.000000
45000 12 C 39.521416 -20.980211 97.499100 1.530000 0.000000 0.000000
45000 13 P 43.548534 -23.396420 94.256592 2.110000 -1.000000 0.000000
45000 14 S 41.199638 -23.428164 91.104279 1.800000 0.000000 0.000000
45000 15 T 39.246414 -20.503284 91.968224 1.530000 0.000000 0.000000
45000 16 P 43.114925 -22.410975 87.788940 2.110000 -1.000000 0.000000
45000 17 S 40.507580 -20.095936 85.798355 1.800000 0.000000 0.000000
45000 18 A 40.503849 -16.793940 87.127998 1.530000 0.000000 0.000000
45000 19 P 42.571949 -18.647190 82.574303 2.110000 -1.000000 0.000000
45000 20 S 43.084259 -15.174526 80.929749 1.800000 0.000000 0.000000
45000 21 G 45.265331 -13.245622 83.322517 1.530000 0.000000 0.000000
45000 22 P 46.022312 -15.735638 78.245392 2.110000 -1.000000 0.000000
45000 23 S 48.923866 -12.853682 78.448853 1.800000 0.000000 0.000000
45000 24 T 52.357136 -13.889118 79.710869 1.530000 0.000000 0.000000
45000 25 P 49.054443 -13.039427 82.415749 2.110000 -1.000000 0.000000
45000 26 S 49.494350 -9.314729 83.699974 1.800000 0.000000 0.000000
45000 27 T 46.688576 -7.628983 82.452888 1.530000 0.000000 0.000000
45000 28 P 48.657623 -9.121033 87.486015 2.110000 -1.000000 0.000000
45000 29 S 46.043747 -6.136500 87.773361 1.800000 0.000000 0.000000
45000 30 A 43.162605 -7.382154 86.591011 1.530000 0.000000 0.000000
45000 31 P 44.691769 -6.307608 91.460754 2.110000 -1.000000 0.000000
45000 32 S 40.997532 -5.333065 90.481117 1.800000 0.000000 0.000000
45000 33 T 39.566971 -8.030500 89.083939 1.530000 0.000000 0.000000
45000 34 P 38.531696 -5.545057 93.523941 2.110000 -1.000000 0.000000
45000 35 S 35.892502 -7.704895 91.489006 1.800000 0.000000 0.000000
45000 36 A 36.354630 -11.343691 90.844551 1.530000 0.000000 0.000000
45000 37 P 33.452072 -9.416766 93.817642 2.110000 -1.000000 0.000000
45000 38 S 32.355942 -13.079018 92.259331 1.800000 0.000000 0.000000
45000 39 G 34.127396 -16.183802 92.283104 1.530000 0.000000 0.000000
45000 40 P 29.776152 -14.708115 94.755913 2.110000 -1.000000 0.000000
45000 41 S 30.245825 -18.497417 95.623589 1.800000 0.000000 0.000000
45000 42 G 33.172134 -18.901545 97.470734 1.530000 0.000000 0.000000
45000 43 P 27.327452 -19.104502 98.441551 2.110000 -1.000000 0.000000
45000 44 S 29.676067 -21.453163 100.533287 1.800000 0.000000 0.000000
45000 45 A 31.543783 -18.796833 102.300713 1.530000 0.000000 0.000000
45000 46 P 27.863199 -22.152822 103.997810 2.110000 -1.000000 0.000000
45000 47 S 25.154839 -19.588165 105.009743 1.800000 0.000000 0.000000
45000 48 T 22.665102 -20.702723 102.413574 1.530000 0.000000 0.000000
45000 49 P 23.014269 -20.898010 107.938011 2.110000 -1.000000 0.000000
50000 1 P 36.853416 -23.760931 114.223145 2.110000 -1.000000 0.000000
50000 2 S 40.641533 -24.768948 113.658455 1.800000 0.000000 0.000000
50000 3 A 42.532211 -23.466093 116.410408 1.530000 0.000000 0.000000
50000 4 P 42.688183 -22.476128 111.056427 2.110000 -1.000000 0.000000
50000 5 S 44.693913 -25.310610 109.191231 1.800000 0.000000 0.000000
50000 6 T 42.635441 -27.275862 106.999382 1.530000 0.000000 0.000000
50000 7 P 46.775600 -24.480213 106.025734 2.110000 -1.000000 0.000000
50000 8 S 46.521488 -27.396614 103.471329 1.800000 0.000000 0.000000
50000 9 C 43.195538 -27.147137 102.276695 1.530000 0.000000 0.000000
50000 10 P 47.810764 -27.977684 99.880440 2.110000 -1.000000 0.000000
50000 11 S 46.062572 -30.543734 97.373001 1.800000 0.000000 0.000000
50000 12 C 43.162239 -29.100889 96.206421 1.530000 0.000000 0.000000
50000 13 P 46.645435 -31.149263 93.457855 2.110000 -1.000000 0.000000
50000 14 S 43.393177 -30.963312 91.217682 1.800000 0.000000 0.000000
50000 15 T 41.808044 -27.620825 92.034744 1.530000 0.000000 0.000000
50000 16 P 44.881527 -30.051172 87.774292 2.110000 -1.000000 0.000000
50000 17 S 43.076035 -27.031563 85.834709 1.800000 0.000000 0.000000
50000 18 A 43.772213 -24.597923 88.365898 1.530000 0.000000 0.000000
50000 19 P 45.373730 -25.570801 82.992378 2.110000 -1.000000 0.000000
50000 20 S 46.248245 -21.841082 82.743690 1.800000 0.000000 0.000000
50000 21 G 48.872936 -21.410469 85.292267 1.530000 0.000000 0.000000
50000 22 P 49.732937 -21.626667 80.664261 2.110000 -1.000000 0.000000
50000 23 S 53.120926 -19.939156 82.041245 1.800000 0.000000 0.000000
50000 24 T 55.307739 -21.814871 83.923431 1.530000 0.000000 0.000000
50000 25 P 52.081341 -21.503023 85.484131 2.110000 -1.000000 0.000000
50000 26 S 52.596386 -18.271152 87.674911 1.800000 0.000000 0.000000
50000 27 T 49.873043 -16.466139 86.483772 1.530000 0.000000 0.000000
50000 28 P 50.731407 -19.040627 91.293709 2.110000 -1.000000 0.000000
50000 29 S 48.454521 -16.124968 92.677444 1.800000 0.000000 0.000000
50000 30 A 46.173199 -16.301018 89.915657 1.530000 0.000000 0.000000
50000 31 P 45.865059 -16.135710 95.724525 2.110000 -1.000000 0.000000
50000 32 S 42.238464 -14.731598 95.553177 1.800000 0.000000 0.000000
50000 33 T 40.510441 -16.719610 93.340073 1.530000 0.000000 0.000000
50000 34 P 39.286877 -16.122204 97.955345 2.110000 -1.000000 0.000000
50000 35 S 36.242783 -17.166576 95.620285 1.800000 0.000000 0.000000
50000 36 A 37.466061 -19.815548 93.652496 1.530000 0.000000 0.000000
50000 37 P 33.362492 -19.118376 97.392143 2.110000 -1.000000 0.000000
50000 38 S 31.790108 -22.514009 96.125336 1.800000 0.000000 0.000000
50000 39 G 34.011929 -25.084948 96.843964 1.530000 0.000000 0.000000
50000 40 P 29.923113 -24.848150 98.665489 2.110000 -1.000000 0.000000
50000 41 S 31.794285 -28.306654 98.088608 1.800000 0.000000 0.000000
50000 42 G 35.196049 -28.981251 98.810951 1.530000 0.000000 0.000000
50000 43 P 30.439688 -30.025728 101.413757 2.110000 -1.000000 0.000000
50000 44 S 33.773556 -31.233686 102.999069 1.800000 0.000000 0.000000
50000 45 A 35.091270 -28.023941 104.553459 1.530000 0.000000 0.000000
50000 46 P 32.888058 -32.697807 106.354088 2.110000 -1.000000 0.000000
50000 47 S 29.918478 -30.174953 106.202675 1.800000 0.000000 0.000000
50000 48 T 28.156202 -32.318661 103.757698 1.530000 0.000000 0.000000
50000 49 P 27.029129 -29.287603 108.530640 2.110000 -1.000000 0.000000
