35000 1 P 7.632668 -7.423242 93.608398 2.110000 -1.000000 0.000000
35000 2 S 11.493856 -7.409606 94.473099 1.800000 0.000000 0.000000
35000 3 A 12.973524 -7.150366 97.700562 1.530000 0.000000 0.000000
35000 4 P 13.788230 -4.097806 94.221474 2.110000 -1.000000 0.000000
35000 5 S 17.315849 -5.583447 94.164650 1.800000 0.000000 0.000000
35000 6 T 16.027601 -6.655747 90.877029 1.530000 0.000000 0.000000
35000 7 P 20.183910 -3.406997 92.935905 2.110000 -1.000000 0.000000
35000 8 S 22.415047 -4.902727 90.328453 1.800000 0.000000 0.000000
35000 9 C 20.909353 -5.363868 87.365356 1.530000 0.000000 0.000000
35000 10 P 25.117332 -2.468098 88.782486 2.110000 -1.000000 0.000000
35000 11 S 24.148579 -3.166467 84.985344 1.800000 0.000000 0.000000
35000 12 C 21.056940 -1.720858 83.968605 1.530000 0.000000 0.000000
35000 13 P 26.003298 0.310831 84.220764 2.110000 -1.000000 0.000000
35000 14 S 24.043890 2.432326 81.689835 1.800000 0.000000 0.000000
35000 15 T 21.048965 3.783606 82.440292 1.530000 0.000000 0.000000
35000 16 P 25.311220 6.173041 81.289001 2.110000 -1.000000 0.000000
35000 17 S 22.066841 8.381339 80.606163 1.800000 0.000000 0.000000
35000 18 A 20.746063 9.024090 83.540833 1.530000 0.000000 0.000000
35000 19 P 23.132656 12.304719 80.997894 2.110000 -1.000000 0.000000
35000 20 S 20.387844 13.875453 83.264114 1.800000 0.000000 0.000000
35000 21 G 19.956505 12.652155 86.604713 1.530000 0.000000 0.000000
35000 22 P 22.069019 17.385218 84.203224 2.110000 -1.000000 0.000000
35000 23 S 21.021862 19.419901 87.519165 1.800000 0.000000 0.000000
35000 24 T 22.014877 18.890614 90.818375 1.530000 0.000000 0.000000
35000 25 P 20.106909 16.067955 89.312271 2.110000 -1.000000 0.000000
35000 26 S 16.379114 17.096230 90.011818 1.800000 0.000000 0.000000
35000 27 T 14.945562 17.223799 86.932877 1.530000 0.000000 0.000000
35000 28 P 14.267528 14.082957 91.169144 2.110000 -1.000000 0.000000
35000 29 S 11.152820 15.219679 88.760674 1.800000 0.000000 0.000000
35000 30 A 12.072293 15.130662 85.355019 1.530000 0.000000 0.000000
35000 31 P 8.597117 12.067571 88.490372 2.110000 -1.000000 0.000000
35000 32 S 8.078090 11.881498 84.618187 1.800000 0.000000 0.000000
35000 33 T 10.543126 10.743819 82.323593 1.530000 0.000000 0.000000
35000 34 P 6.570219 8.375827 84.140350 2.110000 -1.000000 0.000000
35000 35 S 8.401806 8.014512 80.538559 1.800000 0.000000 0.000000
35000 36 A 11.955756 7.019917 81.327034 1.530000 0.000000 0.000000
35000 37 P 7.671687 4.410591 78.939972 2.110000 -1.000000 0.000000
35000 38 S 11.345684 2.630393 78.409218 1.800000 0.000000 0.000000
35000 39 G 12.771974 2.317031 81.466248 1.530000 0.000000 0.000000
35000 40 P 12.185597 -0.961922 77.107239 2.110000 -1.000000 0.000000
35000 41 S 14.481815 -3.052854 79.731667 1.800000 0.000000 0.000000
35000 42 G 13.589960 -4.189150 83.086716 1.530000 0.000000 0.000000
35000 43 P 15.142957 -6.854436 79.432732 2.110000 -1.000000 0.000000
35000 44 S 15.293633 -9.561199 82.285011 1.800000 0.000000 0.000000
35000 45 A 12.566298 -10.377625 84.175400 1.530000 0.000000 0.000000
35000 46 P 15.407557 -12.866790 80.175926 2.110000 -1.000000 0.000000
35000 47 S 14.005111 -16.260700 81.984207 1.800000 0.000000 0.000000
35000 48 T 10.632456 -14.929420 82.163200 1.530000 0.000000 0.000000
35000 49 P 13.375851 -19.541225 79.967438 2.110000 -1.000000 0.000000
40000 1 P 14.001471 -3.050422 97.839355 2.110000 -1.000000 0.000000
40000 2 S 18.062302 -3.441665 98.003433 1.800000 0.000000 0.000000
40000 3 A 19.393389 -2.766007 101.170105 1.530000 0.000000 0.000000
40000 4 P 20.207806 -0.525071 96.422028 2.110000 -1.000000 0.000000
40000 5 S 22.227612 -3.949115 95.804047 1.800000 0.000000 0.000000
40000 6 T 19.696760 -5.385561 93.591667 1.530000 0.000000 0.000000
40000 7 P 24.986614 -3.290513 93.209290 2.110000 -1.000000 0.000000
40000 8 S 25.972012 -5.743636 90.127846 1.800000 0.000000 0.000000
40000 9 C 23.109140 -6.043477 88.031723 1.530000 0.000000 0.000000
40000 10 P 28.374571 -3.656054 87.644203 2.110000 -1.000000 0.000000
40000 11 S 28.381371 -3.797578 83.660698 1.800000 0.000000 0.000000
40000 12 C 25.447733 -2.315350 82.303726 1.530000 0.000000 0.000000
40000 13 P 30.667883 -0.519477 84.238937 2.110000 -1.000000 0.000000
40000 14 S 29.978142 2.644272 82.106285 1.800000 0.000000 0.000000
40000 15 T 26.838739 4.002678 82.641533 1.530000 0.000000 0.000000
40000 16 P 31.480377 6.225194 82.997215 2.110000 -1.000000 0.000000
40000 17 S 29.258789 9.632249 82.995407 1.800000 0.000000 0.000000
40000 18 A 27.156038 10.141455 85.719170 1.530000 0.000000 0.000000
40000 19 P 30.731249 12.933154 84.743149 2.110000 -1.000000 0.000000
40000 20 S 27.999998 14.789202 86.605049 1.800000 0.000000 0.000000
40000 21 G 26.535578 13.343823 89.428818 1.530000 0.000000 0.000000
40000 22 P 29.914396 17.385880 89.101837 2.110000 -1.000000 0.000000
40000 23 S 27.639032 17.899387 92.221397 1.800000 0.000000 0.000000
40000 24 T 27.689926 16.246605 95.363327 1.530000 0.000000 0.000000
40000 25 P 26.601854 14.202776 92.867004 2.110000 -1.000000 0.000000
40000 26 S 22.899424 15.451507 93.446014 1.800000 0.000000 0.000000
40000 27 T 20.478046 16.218420 90.732384 1.530000 0.000000 0.000000
40000 28 P 20.564892 12.208484 94.021782 2.110000 -1.000000 0.000000
40000 29 S 17.236420 11.887719 91.839096 1.800000 0.000000 0.000000
40000 30 A 16.552343 11.193793 88.341438 1.530000 0.000000 0.000000
40000 31 P 15.180707 8.645012 91.183838 2.110000 -1.000000 0.000000
40000 32 S 14.428041 8.994300 87.376778 1.800000 0.000000 0.000000
40000 33 T 18.012243 8.064202 86.529922 1.530000 0.000000 0.000000
40000 34 P 12.568572 6.835209 84.603004 2.110000 -1.000000 0.000000
40000 35 S 14.748435 6.354334 81.467056 1.800000 0.000000 0.000000
40000 36 A 17.526094 4.337167 82.478104 1.530000 0.000000 0.000000
40000 37 P 13.339129 3.816459 78.808174 2.110000 -1.000000 0.000000
40000 38 S 16.452919 1.738848 78.007874 1.800000 0.000000 0.000000
40000 39 G 17.614870 -0.606810 80.433876 1.530000 0.000000 0.000000
40000 40 P 15.464848 -2.055613 77.035118 2.110000 -1.000000 0.000000
40000 41 S 17.299498 -5.292774 78.618073 1.800000 0.000000 0.000000
40000 42 G 17.183626 -5.810380 82.134872 1.530000 0.000000 0.000000
40000 43 P 15.482226 -8.647484 78.716705 2.110000 -1.000000 0.000000
40000 44 S 17.022770 -9.959395 82.263992 1.800000 0.000000 0.000000
40000 45 A 16.037449 -8.390370 85.485176 1.530000 0.000000 0.000000
40000 46 P 15.420448 -13.169472 83.727478 2.110000 -1.000000 0.000000
40000 47 S 14.749660 -13.364305 87.476509 1.800000 0.000000 0.000000
40000 48 T 12.148893 -11.297945 86.315994 1.530000 0.000000 0.000000
40000 49 P 12.484505 -16.635725 87.856316 2.110000 -1.000000 0.000000
45000 1 P 11.280282 -1.215494 93.683327 2.110000 -1.000000 0.000000
45000 2 S 13.583638 -3.595890 95.870422 1.800000 0.000000 0.000000
45000 3 A 13.895178 -3.031515 99.461845 1.530000 0.000000 0.000000
45000 4 P 16.635508 -2.992198 93.454193 2.110000 -1.000000 0.000000
45000 5 S 19.156679 -5.607513 92.148552 1.800000 0.000000 0.000000
45000 6 T 17.021112 -7.265513 90.126831 1.530000 0.000000 0.000000
45000 7 P 21.645538 -5.445484 89.069130 2.110000 -1.000000 0.000000
45000 8 S 21.700090 -8.218813 86.203941 1.800000 0.000000 0.000000
45000 9 C 18.397280 -8.492998 84.240288 1.530000 0.000000 0.000000
45000 10 P 23.382214 -6.806023 82.910721 2.110000 -1.000000 0.000000
45000 11 S 21.579075 -6.590015 79.349388 1.800000 0.000000 0.000000
45000 12 C 19.413198 -3.761449 79.693680 1.530000 0.000000 0.000000
45000 13 P 24.001534 -3.811203 78.118988 2.110000 -1.000000 0.000000
45000 14 S 22.207651 -1.030720 76.080093 1.800000 0.000000 0.000000
45000 15 T 19.997627 0.706474 78.129356 1.530000 0.000000 0.000000
45000 16 P 24.987892 1.906661 76.608139 2.110000 -1.000000 0.000000
45000 17 S 22.887234 5.089447 77.513214 1.800000 0.000000 0.000000
45000 18 A 20.953972 6.122686 80.341576 1.530000 0.000000 0.000000
45000 19 P 25.434549 7.515458 79.307289 2.110000 -1.000000 0.000000
45000 20 S 24.142601 9.821356 82.319931 1.800000 0.000000 0.000000
45000 21 G 22.829416 8.411577 85.264709 1.530000 0.000000 0.000000
45000 22 P 27.213165 11.122295 84.395729 2.110000 -1.000000 0.000000
45000 23 S 24.701872 10.099138 87.272705 1.800000 0.000000 0.000000
45000 24 T 26.695808 7.693859 85.956863 1.530000 0.000000 0.000000
45000 25 P 22.795565 6.863902 88.761307 2.110000 -1.000000 0.000000
45000 26 S 18.868784 7.007312 89.444206 1.800000 0.000000 0.000000
45000 27 T 18.610134 7.237941 85.920494 1.530000 0.000000 0.000000
45000 28 P 15.271024 5.174931 90.274368 2.110000 -1.000000 0.000000
45000 29 S 13.620664 6.319449 87.063599 1.800000 0.000000 0.000000
45000 30 A 15.538723 4.449000 84.762344 1.530000 0.000000 0.000000
45000 31 P 10.593787 3.792799 86.187225 2.110000 -1.000000 0.000000
45000 32 S 10.377890 3.514069 82.154297 1.800000 0.000000 0.000000
45000 33 T 11.512099 2.001378 79.026596 1.530000 0.000000 0.000000
45000 34 P 7.702658 0.946102 81.670425 2.110000 -1.000000 0.000000
45000 35 S 8.885382 0.072261 77.872681 1.800000 0.000000 0.000000
45000 36 A 11.446128 -1.833810 76.817223 1.530000 0.000000 0.000000
45000 37 P 6.626410 -3.006900 79.034019 2.110000 -1.000000 0.000000
45000 38 S 8.343760 -5.598382 76.684486 1.800000 0.000000 0.000000
45000 39 G 11.647422 -5.914777 77.971542 1.530000 0.000000 0.000000
45000 40 P 6.771552 -9.206013 77.071785 2.110000 -1.000000 0.000000
45000 41 S 10.409523 -10.673451 76.786797 1.800000 0.000000 0.000000
45000 42 G 12.257173 -9.909413 79.886726 1.530000 0.000000 0.000000
45000 43 P 9.916161 -14.490601 77.794785 2.110000 -1.000000 0.000000
45000 44 S 13.137032 -14.683522 79.834831 1.800000 0.000000 0.000000
45000 45 A 13.478849 -12.881985 82.703613 1.530000 0.000000 0.000000
45000 46 P 13.159201 -18.013296 81.894768 2.110000 -1.000000 0.000000
45000 47 S 14.898750 -16.578142 85.288628 1.800000 0.000000 0.000000
45000 48 T 12.351988 -14.569926 86.981293 1.530000 0.000000 0.000000
45000 49 P 14.540114 -19.232597 88.119568 2.110000 -1.000000 0.000000
50000 1 P 21.261538 -12.252527 89.929062 2.110000 -1.000000 0.000000
50000 2 S 25.216259 -11.609962 89.925621 1.800000 0.000000 0.000000
50000 3 A 26.516727 -11.676849 93.161705 1.530000 0.000000 0.000000
50000 4 P 26.768803 -8.288149 88.652031 2.110000 -1.000000 0.000000
50000 5 S 30.165813 -9.471468 86.768669 1.800000 0.000000 0.000000
50000 6 T 29.031504 -11.863511 84.307060 1.530000 0.000000 0.000000
50000 7 P 30.526733 -6.399713 84.569374 2.110000 -1.000000 0.000000
50000 8 S 31.531105 -5.577909 80.948677 1.800000 0.000000 0.000000
50000 9 C 29.125736 -6.960308 78.682175 1.530000 0.000000 0.000000
50000 10 P 31.977175 -2.194994 78.811432 2.110000 -1.000000 0.000000
50000 11 S 30.744560 -2.219813 75.055138 1.800000 0.000000 0.000000
50000 12 C 27.351536 -3.272002 75.389076 1.530000 0.000000 0.000000
50000 13 P 30.692747 1.577949 73.842049 2.110000 -1.000000 0.000000
50000 14 S 27.837452 3.151088 71.798050 1.800000 0.000000 0.000000
50000 15 T 25.649319 3.620744 74.570831 1.530000 0.000000 0.000000
50000 16 P 29.381300 6.630506 72.461792 2.110000 -1.000000 0.000000
50000 17 S 27.157225 9.705128 73.137291 1.800000 0.000000 0.000000
50000 18 A 26.082788 9.159718 76.394142 1.530000 0.000000 0.000000
50000 19 P 28.830027 12.936573 74.670219 2.110000 -1.000000 0.000000
50000 20 S 26.334810 13.432336 77.658005 1.800000 0.000000 0.000000
50000 21 G 25.911200 11.414178 80.898727 1.530000 0.000000 0.000000
50000 22 P 28.616961 15.803847 79.990646 2.110000 -1.000000 0.000000
50000 23 S 26.852663 14.365531 83.192650 1.800000 0.000000 0.000000
50000 24 T 29.535906 12.175871 82.237526 1.530000 0.000000 0.000000
50000 25 P 26.429913 10.774091 84.412964 2.110000 -1.000000 0.000000
50000 26 S 22.413063 10.620955 85.150864 1.800000 0.000000 0.000000
50000 27 T 20.854368 10.733178 81.968437 1.530000 0.000000 0.000000
50000 28 P 20.166203 7.326617 85.722733 2.110000 -1.000000 0.000000
50000 29 S 17.267872 8.745813 83.372528 1.800000 0.000000 0.000000
50000 30 A 17.804684 9.147425 80.120575 1.530000 0.000000 0.000000
50000 31 P 15.806843 5.056088 83.308792 2.110000 -1.000000 0.000000
50000 32 S 13.981605 3.951324 80.030502 1.800000 0.000000 0.000000
50000 33 T 16.710613 3.483468 77.917656 1.530000 0.000000 0.000000
50000 34 P 13.210015 0.170439 79.518089 2.110000 -1.000000 0.000000
50000 35 S 13.684040 -1.566435 76.077591 1.800000 0.000000 0.000000
50000 36 A 16.836905 -1.277043 74.597290 1.530000 0.000000 0.000000
50000 37 P 13.894055 -5.406613 75.718369 2.110000 -1.000000 0.000000
50000 38 S 16.534445 -7.047832 73.075272 1.800000 0.000000 0.000000
50000 39 G 19.510155 -6.606458 74.809265 1.530000 0.000000 0.000000
50000 40 P 16.557133 -10.961852 73.237679 2.110000 -1.000000 0.000000
50000 41 S 20.301645 -11.957564 73.109695 1.800000 0.000000 0.000000
50000 42 G 22.844179 -11.828808 75.651741 1.530000 0.000000 0.000000
50000 43 P 20.406803 -15.740582 73.718330 2.110000 -1.000000 0.000000
50000 44 S 24.076088 -16.763065 74.899246 1.800000 0.000000 0.000000
50000 45 A 24.899832 -16.062315 78.154686 1.530000 0.000000 0.000000
50000 46 P 25.401447 -20.133877 76.358238 2.110000 -1.000000 0.000000
50000 47 S 26.893129 -19.250885 79.914467 1.800000 0.000000 0.000000
50000 48 T 23.665075 -18.820538 81.542160 1.530000 0.000000 0.000000
50000 49 P 28.067774 -21.673874 83.018364 2.110000 -1.000000 0.000000
