35000 1 P 2.565961 21.974741 66.696335 2.110000 -1.000000 0.000000
35000 2 S 6.532008 22.538738 67.002060 1.800000 0.000000 0.000000
35000 3 A 8.331036 21.431482 69.882797 1.530000 0.000000 0.000000
35000 4 P 8.744235 25.622072 67.584419 2.110000 -1.000000 0.000000
35000 5 S 11.078703 24.264324 64.726028 1.800000 0.000000 0.000000
35000 6 T 9.051913 24.048042 61.534164 1.530000 0.000000 0.000000
35000 7 P 14.022008 26.413395 63.237206 2.110000 -1.000000 0.000000
35000 8 S 13.608095 25.115501 59.386478 1.800000 0.000000 0.000000
35000 9 C 10.575787 26.280733 58.155094 1.530000 0.000000 0.000000
35000 10 P 15.718371 26.481384 56.264046 2.110000 -1.000000 0.000000
35000 11 S 14.003342 25.676798 52.618729 1.800000 0.000000 0.000000
35000 12 C 10.884565 27.394402 52.773640 1.530000 0.000000 0.000000
35000 13 P 15.342064 27.018539 49.138695 2.110000 -1.000000 0.000000
35000 14 S 12.402404 28.754490 46.929893 1.800000 0.000000 0.000000
35000 15 T 11.191005 31.827047 48.216515 1.530000 0.000000 0.000000
35000 16 P 14.826388 30.020891 44.113380 2.110000 -1.000000 0.000000
35000 17 S 12.901638 33.551815 44.240662 1.800000 0.000000 0.000000
35000 18 A 13.933354 35.528538 47.365131 1.530000 0.000000 0.000000
35000 19 P 15.287090 36.088051 42.505077 2.110000 -1.000000 0.000000
35000 20 S 15.849987 39.820179 43.560505 1.800000 0.000000 0.000000
35000 21 G 16.952515 39.240406 46.796566 1.530000 0.000000 0.000000
35000 22 P 19.159664 41.677074 42.552406 2.110000 -1.000000 0.000000
35000 23 S 20.524324 41.314243 46.268311 1.800000 0.000000 0.000000
35000 24 T 20.546944 38.574013 43.870602 1.530000 0.000000 0.000000
35000 25 P 20.705280 38.225075 48.729527 2.110000 -1.000000 0.000000
35000 26 S 20.853279 41.596226 50.967102 1.800000 0.000000 0.000000
35000 27 T 17.729809 42.991306 50.957592 1.530000 0.000000 0.000000
35000 28 P 19.460388 39.431595 53.947136 2.110000 -1.000000 0.000000
35000 29 S 16.505856 40.855980 56.268658 1.800000 0.000000 0.000000
35000 30 A 13.941191 40.720646 54.023537 1.530000 0.000000 0.000000
35000 31 P 14.981440 38.352692 58.985607 2.110000 -1.000000 0.000000
35000 32 S 11.284479 39.596928 58.166866 1.800000 0.000000 0.000000
35000 33 T 10.269438 39.094662 54.860939 1.530000 0.000000 0.000000
35000 34 P 8.251974 37.750397 59.608315 2.110000 -1.000000 0.000000
35000 35 S 4.780537 37.334957 58.167366 1.800000 0.000000 0.000000
35000 36 A 3.662138 35.648392 55.170193 1.530000 0.000000 0.000000
35000 37 P 2.755523 34.747326 60.356300 2.110000 -1.000000 0.000000
35000 38 S 0.317909 33.457844 57.442074 1.800000 0.000000 0.000000
35000 39 G 2.789793 31.423237 55.863625 1.530000 0.000000 0.000000
35000 40 P -2.163366 30.569889 58.112511 2.110000 -1.000000 0.000000
35000 41 S -2.509488 27.448187 55.707043 1.800000 0.000000 0.000000
35000 42 G 0.680416 25.977514 56.175659 1.530000 0.000000 0.000000
35000 43 P -4.760427 24.385408 56.394001 2.110000 -1.000000 0.000000
35000 44 S -2.176022 21.412840 56.088551 1.800000 0.000000 0.000000
35000 45 A 0.752138 20.788424 58.230106 1.530000 0.000000 0.000000
35000 46 P -3.123678 17.614450 56.691708 2.110000 -1.000000 0.000000
35000 47 S -5.851160 18.173771 59.349598 1.800000 0.000000 0.000000
35000 48 T -8.272836 19.374155 56.978607 1.530000 0.000000 0.000000
35000 49 P -7.784550 14.974928 60.435078 2.110000 -1.000000 0.000000
40000 1 P 4.086556 23.268820 45.162918 2.110000 -1.000000 0.000000
40000 2 S 8.027861 23.001436 45.714142 1.800000 0.000000 0.000000
40000 3 A 8.783405 22.871487 49.173714 1.530000 0.000000 0.000000
40000 4 P 10.188695 26.078148 45.519169 2.110000 -1.000000 0.000000
40000 5 S 13.590216 24.741962 43.898785 1.800000 0.000000 0.000000
40000 6 T 12.557734 24.864292 40.481369 1.530000 0.000000 0.000000
40000 7 P 16.755672 26.738029 42.568760 2.110000 -1.000000 0.000000
40000 8 S 17.153755 24.999350 39.083511 1.800000 0.000000 0.000000
40000 9 C 14.268306 26.174913 37.213017 1.530000 0.000000 0.000000
40000 10 P 20.102909 26.837923 36.948723 2.110000 -1.000000 0.000000
40000 11 S 18.077730 25.986855 33.993267 1.800000 0.000000 0.000000
40000 12 C 15.434330 28.141785 33.949036 1.530000 0.000000 0.000000
40000 13 P 19.466909 28.238546 30.908918 2.110000 -1.000000 0.000000
40000 14 S 17.303745 30.761993 28.683872 1.800000 0.000000 0.000000
40000 15 T 16.648211 33.489582 30.344109 1.530000 0.000000 0.000000
40000 16 P 20.489910 32.703110 27.796282 2.110000 -1.000000 0.000000
40000 17 S 18.983440 36.188770 28.122128 1.800000 0.000000 0.000000
40000 18 A 18.391153 36.585709 31.539024 1.530000 0.000000 0.000000
40000 19 P 21.969030 38.958000 28.143293 2.110000 -1.000000 0.000000
40000 20 S 22.050892 41.094196 31.349455 1.800000 0.000000 0.000000
40000 21 G 23.082893 39.335850 34.180779 1.530000 0.000000 0.000000
40000 22 P 25.879530 42.381248 31.024691 2.110000 -1.000000 0.000000
40000 23 S 26.452852 42.517960 34.944340 1.800000 0.000000 0.000000
40000 24 T 26.775686 39.862595 32.728542 1.530000 0.000000 0.000000
40000 25 P 26.386091 39.892498 37.692497 2.110000 -1.000000 0.000000
40000 26 S 25.160439 42.060234 40.701878 1.800000 0.000000 0.000000
40000 27 T 21.723215 43.095730 40.689991 1.530000 0.000000 0.000000
40000 28 P 23.854704 38.908489 42.778057 2.110000 -1.000000 0.000000
40000 29 S 19.967257 39.412415 44.163483 1.800000 0.000000 0.000000
40000 30 A 17.790686 38.584057 41.338951 1.530000 0.000000 0.000000
40000 31 P 17.466145 36.611649 45.071667 2.110000 -1.000000 0.000000
40000 32 S 14.127048 38.305286 43.679398 1.800000 0.000000 0.000000
40000 33 T 14.263316 38.135784 40.047077 1.530000 0.000000 0.000000
40000 34 P 10.480459 37.161736 43.135681 2.110000 -1.000000 0.000000
40000 35 S 8.029683 37.713024 40.083813 1.800000 0.000000 0.000000
40000 36 A 9.770179 35.311447 38.325500 1.530000 0.000000 0.000000
40000 37 P 4.731319 35.552742 39.885956 2.110000 -1.000000 0.000000
40000 38 S 4.553591 34.747578 36.120934 1.800000 0.000000 0.000000
40000 39 G 7.191888 32.460800 35.174751 1.530000 0.000000 0.000000
40000 40 P 1.801436 32.425835 34.570965 2.110000 -1.000000 0.000000
40000 41 S 3.668780 30.498806 31.773687 1.800000 0.000000 0.000000
40000 42 G 6.558553 28.531223 32.716949 1.530000 0.000000 0.000000
40000 43 P 1.396460 27.571871 30.678066 2.110000 -1.000000 0.000000
40000 44 S 4.619969 25.248491 31.251978 1.800000 0.000000 0.000000
40000 45 A 5.722877 25.463013 34.617329 1.530000 0.000000 0.000000
40000 46 P 3.554291 21.399422 30.850468 2.110000 -1.000000 0.000000
40000 47 S 0.251670 21.511749 33.054302 1.800000 0.000000 0.000000
40000 48 T -1.806892 23.936422 31.709496 1.530000 0.000000 0.000000
40000 49 P -1.935515 18.240280 32.534744 2.110000 -1.000000 0.000000
45000 1 P 9.727415 23.548920 38.671009 2.110000 -1.000000 0.000000
45000 2 S 13.642075 24.043539 38.601429 1.800000 0.000000 0.000000
45000 3 A 14.237893 23.723150 42.004707 1.530000 0.000000 0.000000
45000 4 P 16.273096 27.015394 37.842041 2.110000 -1.000000 0.000000
45000 5 S 19.483421 25.183229 36.619213 1.800000 0.000000 0.000000
45000 6 T 19.194794 24.104925 33.206856 1.530000 0.000000 0.000000
45000 7 P 22.908295 27.123268 35.720573 2.110000 -1.000000 0.000000
45000 8 S 23.818727 25.691383 32.106434 1.800000 0.000000 0.000000
45000 9 C 21.296055 26.692184 30.070028 1.530000 0.000000 0.000000
45000 10 P 26.569611 28.054058 30.164328 2.110000 -1.000000 0.000000
45000 11 S 24.880974 28.342417 26.604074 1.800000 0.000000 0.000000
45000 12 C 22.201784 30.596968 26.749268 1.530000 0.000000 0.000000
45000 13 P 26.285711 31.316992 24.411512 2.110000 -1.000000 0.000000
45000 14 S 23.191269 33.453026 22.997812 1.800000 0.000000 0.000000
45000 15 T 22.187489 35.668194 25.871803 1.530000 0.000000 0.000000
45000 16 P 26.019585 35.932907 21.848803 2.110000 -1.000000 0.000000
45000 17 S 25.456589 39.653133 23.501482 1.800000 0.000000 0.000000
45000 18 A 26.433464 40.410458 26.675831 1.530000 0.000000 0.000000
45000 19 P 29.017218 41.266857 23.388523 2.110000 -1.000000 0.000000
45000 20 S 29.487171 43.180069 26.858835 1.800000 0.000000 0.000000
45000 21 G 29.441519 40.323387 29.313763 1.530000 0.000000 0.000000
45000 22 P 33.335506 44.497894 27.612576 2.110000 -1.000000 0.000000
45000 23 S 33.884842 42.857956 31.193878 1.800000 0.000000 0.000000
45000 24 T 34.170925 40.618713 28.552454 1.530000 0.000000 0.000000
45000 25 P 33.710835 39.495659 33.141991 2.110000 -1.000000 0.000000
45000 26 S 31.144550 40.792721 35.903038 1.800000 0.000000 0.000000
45000 27 T 27.830841 40.806000 34.707329 1.530000 0.000000 0.000000
45000 28 P 29.725805 37.860619 38.111683 2.110000 -1.000000 0.000000
45000 29 S 25.974506 38.472038 39.337063 1.800000 0.000000 0.000000
45000 30 A 24.814663 37.920197 35.795223 1.530000 0.000000 0.000000
45000 31 P 24.043791 35.305645 40.369366 2.110000 -1.000000 0.000000
45000 32 S 20.453047 36.491413 39.102043 1.800000 0.000000 0.000000
45000 33 T 21.202045 36.649429 35.518517 1.530000 0.000000 0.000000
45000 34 P 17.304625 34.216362 38.538227 2.110000 -1.000000 0.000000
45000 35 S 14.734839 34.498814 35.559460 1.800000 0.000000 0.000000
45000 36 A 15.679422 33.655537 32.151821 1.530000 0.000000 0.000000
45000 37 P 11.779531 31.681654 34.864094 2.110000 -1.000000 0.000000
45000 38 S 10.841968 30.959433 31.158955 1.800000 0.000000 0.000000
45000 39 G 13.553121 29.045397 29.855057 1.530000 0.000000 0.000000
45000 40 P 8.270754 27.926880 30.858860 2.110000 -1.000000 0.000000
45000 41 S 9.537558 25.247660 28.389032 1.800000 0.000000 0.000000
45000 42 G 12.191088 24.357857 30.779577 1.530000 0.000000 0.000000
45000 43 P 7.284194 22.089769 27.354427 2.110000 -1.000000 0.000000
45000 44 S 9.035126 18.740021 28.508385 1.800000 0.000000 0.000000
45000 45 A 8.934284 18.518507 32.096142 1.530000 0.000000 0.000000
45000 46 P 6.968417 15.307175 27.859529 2.110000 -1.000000 0.000000
45000 47 S 3.276595 17.129488 27.419497 1.800000 0.000000 0.000000
45000 48 T 4.059540 18.414000 24.100857 1.530000 0.000000 0.000000
45000 49 P -0.138225 15.486257 26.271599 2.110000 -1.000000 0.000000
50000 1 P 11.875919 24.868166 38.794254 2.110000 -1.000000 0.000000
50000 2 S 15.236647 22.769922 38.603764 1.800000 0.000000 0.000000
50000 3 A 14.704302 23.010649 42.024849 1.530000 0.000000 0.000000
50000 4 P 18.409048 24.946157 37.702995 2.110000 -1.000000 0.000000
50000 5 S 20.649078 22.038265 36.370121 1.800000 0.000000 0.000000
50000 6 T 19.373056 20.763769 33.321941 1.530000 0.000000 0.000000
50000 7 P 23.572578 24.358576 34.852001 2.110000 -1.000000 0.000000
50000 8 S 24.665037 23.400957 31.225693 1.800000 0.000000 0.000000
50000 9 C 21.931200 24.387907 29.156569 1.530000 0.000000 0.000000
50000 10 P 27.271482 26.086416 29.709900 2.110000 -1.000000 0.000000
50000 11 S 25.212740 26.236504 26.437843 1.800000 0.000000 0.000000
50000 12 C 22.095341 27.780180 26.565073 1.530000 0.000000 0.000000
50000 13 P 26.992708 29.412697 25.158222 2.110000 -1.000000 0.000000
50000 14 S 24.917303 32.458126 23.834238 1.800000 0.000000 0.000000
50000 15 T 23.974352 33.187183 27.162985 1.530000 0.000000 0.000000
50000 16 P 27.561213 35.103184 22.911840 2.110000 -1.000000 0.000000
50000 17 S 26.969988 38.500969 24.571104 1.800000 0.000000 0.000000
50000 18 A 28.516611 36.867825 27.218922 1.530000 0.000000 0.000000
50000 19 P 30.326656 40.221478 23.572115 2.110000 -1.000000 0.000000
50000 20 S 31.583357 42.551598 26.414211 1.800000 0.000000 0.000000
50000 21 G 32.577766 40.916325 29.248604 1.530000 0.000000 0.000000
50000 22 P 35.252926 44.156914 26.566351 2.110000 -1.000000 0.000000
50000 23 S 35.704006 43.959217 30.496693 1.800000 0.000000 0.000000
50000 24 T 39.133041 44.006466 31.305101 1.530000 0.000000 0.000000
50000 25 P 34.944046 40.529549 32.224442 2.110000 -1.000000 0.000000
50000 26 S 33.363178 41.168621 35.784264 1.800000 0.000000 0.000000
50000 27 T 30.101025 42.632019 34.600136 1.530000 0.000000 0.000000
50000 28 P 30.983978 38.533146 37.775181 2.110000 -1.000000 0.000000
50000 29 S 27.840780 40.533829 39.260410 1.800000 0.000000 0.000000
50000 30 A 25.547245 41.546837 36.539043 1.530000 0.000000 0.000000
50000 31 P 24.735912 38.501472 40.256260 2.110000 -1.000000 0.000000
50000 32 S 21.855536 40.604080 38.357296 1.800000 0.000000 0.000000
50000 33 T 21.831566 39.634613 35.021584 1.530000 0.000000 0.000000
50000 34 P 18.698963 38.509144 38.674713 2.110000 -1.000000 0.000000
50000 35 S 17.821455 38.803593 34.890903 1.800000 0.000000 0.000000
50000 36 A 19.990784 37.140907 32.853527 1.530000 0.000000 0.000000
50000 37 P 14.443095 36.865593 33.785664 2.110000 -1.000000 0.000000
50000 38 S 13.896388 35.831860 30.005547 1.800000 0.000000 0.000000
50000 39 G 15.986874 33.505722 28.777479 1.530000 0.000000 0.000000
50000 40 P 10.895558 33.466557 28.765392 2.110000 -1.000000 0.000000
50000 41 S 12.758647 31.256380 26.063654 1.800000 0.000000 0.000000
50000 42 G 14.524364 28.968695 27.701738 1.530000 0.000000 0.000000
50000 43 P 10.516665 28.152061 24.590124 2.110000 -1.000000 0.000000
50000 44 S 12.564761 24.834421 24.833128 1.800000 0.000000 0.000000
50000 45 A 12.148414 24.538958 28.358692 1.530000 0.000000 0.000000
50000 46 P 12.285846 20.971800 23.898937 2.110000 -1.000000 0.000000
50000 47 S 8.281408 20.386499 23.758018 1.800000 0.000000 0.000000
50000 48 T 8.331469 21.990946 20.594337 1.530000 0.000000 0.000000
50000 49 P 6.524329 17.205769 22.229282 2.110000 -1.000000 0.000000
