35000 1 P 7.583376 -7.534739 135.526169 2.110000 -1.000000 0.000000
35000 2 S 11.349432 -6.823357 135.666748 1.800000 0.000000 0.000000
35000 3 A 13.650460 -8.121051 138.126938 1.530000 0.000000 0.000000
35000 4 P 12.841927 -3.431898 134.334686 2.110000 -1.000000 0.000000
35000 5 S 15.825702 -3.574857 131.723907 1.800000 0.000000 0.000000
35000 6 T 14.544726 -5.358543 129.169495 1.530000 0.000000 0.000000
35000 7 P 18.190948 -1.292246 129.625504 2.110000 -1.000000 0.000000
35000 8 S 19.655615 -3.086456 126.429008 1.800000 0.000000 0.000000
35000 9 C 16.645405 -2.812779 124.452568 1.530000 0.000000 0.000000
35000 10 P 21.195482 -1.077315 123.504059 2.110000 -1.000000 0.000000
35000 11 S 19.492994 -3.846196 121.172729 1.800000 0.000000 0.000000
35000 12 C 15.982102 -4.447589 120.609840 1.530000 0.000000 0.000000
35000 13 P 20.254238 -1.895631 117.638428 2.110000 -1.000000 0.000000
35000 14 S 17.575468 -3.634675 115.250015 1.800000 0.000000 0.000000
35000 15 T 14.091614 -3.569456 114.306145 1.530000 0.000000 0.000000
35000 16 P 17.033754 -1.522837 112.038864 2.110000 -1.000000 0.000000
35000 17 S 15.185496 0.041584 108.967651 1.800000 0.000000 0.000000
35000 18 A 12.610858 2.078759 110.024185 1.530000 0.000000 0.000000
35000 19 P 17.836018 2.483902 107.387093 2.110000 -1.000000 0.000000
35000 20 S 16.882431 6.132026 106.261795 1.800000 0.000000 0.000000
35000 21 G 16.948231 6.649657 109.881493 1.530000 0.000000 0.000000
35000 22 P 19.345448 8.928342 105.128197 2.110000 -1.000000 0.000000
35000 23 S 18.194876 11.994606 107.344963 1.800000 0.000000 0.000000
35000 24 T 19.719303 12.970718 110.359268 1.530000 0.000000 0.000000
35000 25 P 18.229950 10.028314 110.804024 2.110000 -1.000000 0.000000
35000 26 S 15.717386 11.428456 113.649651 1.800000 0.000000 0.000000
35000 27 T 13.290141 10.457756 111.204521 1.530000 0.000000 0.000000
35000 28 P 13.930172 10.373393 116.994049 2.110000 -1.000000 0.000000
35000 29 S 10.075122 11.180564 116.915085 1.800000 0.000000 0.000000
35000 30 A 9.545875 9.362167 113.882904 1.530000 0.000000 0.000000
35000 31 P 8.252646 9.091901 119.850182 2.110000 -1.000000 0.000000
35000 32 S 5.210639 6.945414 118.795807 1.800000 0.000000 0.000000
35000 33 T 7.454493 4.621447 117.697914 1.530000 0.000000 0.000000
35000 34 P 3.144032 4.239542 120.955376 2.110000 -1.000000 0.000000
35000 35 S 2.276339 1.598502 118.272911 1.800000 0.000000 0.000000
35000 36 A 4.755329 -0.565613 117.114723 1.530000 0.000000 0.000000
35000 37 P 1.267907 -1.735988 120.268524 2.110000 -1.000000 0.000000
35000 38 S 3.474205 -4.309039 118.139267 1.800000 0.000000 0.000000
35000 39 G 6.625323 -3.393253 119.633308 1.530000 0.000000 0.000000
35000 40 P 4.319534 -8.138874 118.546165 2.110000 -1.000000 0.000000
35000 41 S 8.153767 -8.803948 117.965286 1.800000 0.000000 0.000000
35000 42 G 11.063615 -7.966823 119.872948 1.530000 0.000000 0.000000
35000 43 P 8.447827 -12.558826 119.189209 2.110000 -1.000000 0.000000
35000 44 S 11.678203 -13.724443 121.334114 1.800000 0.000000 0.000000
35000 45 A 10.934540 -12.735076 124.705055 1.530000 0.000000 0.000000
35000 46 P 11.836633 -17.359972 122.995316 2.110000 -1.000000 0.000000
35000 47 S 8.626081 -19.582670 123.313927 1.800000 0.000000 0.000000
35000 48 T 8.224678 -20.474863 119.741310 1.530000 0.000000 0.000000
35000 49 P 9.222799 -23.298145 124.544098 2.110000 -1.000000 0.000000
40000 1 P 7.198615 -1.249992 140.371796 2.110000 -1.000000 0.000000
40000 2 S 10.866505 -1.572859 138.606689 1.800000 0.000000 0.000000
40000 3 A 13.155715 0.524077 140.529175 1.530000 0.000000 0.000000
40000 4 P 11.626166 1.887152 136.904938 2.110000 -1.000000 0.000000
40000 5 S 14.177108 -0.056623 134.661453 1.800000 0.000000 0.000000
40000 6 T 12.137953 -2.044243 132.886871 1.530000 0.000000 0.000000
40000 7 P 15.666515 2.221422 131.714493 2.110000 -1.000000 0.000000
40000 8 S 16.081364 -0.675022 129.045227 1.800000 0.000000 0.000000
40000 9 C 12.910743 -1.681348 128.094208 1.530000 0.000000 0.000000
40000 10 P 16.985132 -0.202189 125.245247 2.110000 -1.000000 0.000000
40000 11 S 15.750254 -2.757144 122.665009 1.800000 0.000000 0.000000
40000 12 C 12.228894 -2.364849 122.219536 1.530000 0.000000 0.000000
40000 13 P 15.984428 -1.937462 118.976059 2.110000 -1.000000 0.000000
40000 14 S 12.497053 -2.908550 117.547241 1.800000 0.000000 0.000000
40000 15 T 9.691256 -0.860899 118.600220 1.530000 0.000000 0.000000
40000 16 P 12.884027 -1.476629 113.680801 2.110000 -1.000000 0.000000
40000 17 S 10.103268 0.601728 111.647972 1.800000 0.000000 0.000000
40000 18 A 10.708408 3.525388 113.421051 1.530000 0.000000 0.000000
40000 19 P 12.508368 2.189713 108.731194 2.110000 -1.000000 0.000000
40000 20 S 12.316697 6.306610 109.148109 1.800000 0.000000 0.000000
40000 21 G 13.860684 6.941400 112.267876 1.530000 0.000000 0.000000
40000 22 P 14.670460 8.864708 107.040405 2.110000 -1.000000 0.000000
40000 23 S 15.081964 11.304833 110.082375 1.800000 0.000000 0.000000
40000 24 T 17.480478 8.843372 110.202782 1.530000 0.000000 0.000000
40000 25 P 16.203255 10.960656 114.001907 2.110000 -1.000000 0.000000
40000 26 S 13.958968 13.070298 116.236084 1.800000 0.000000 0.000000
40000 27 T 10.366959 12.366091 116.838287 1.530000 0.000000 0.000000
40000 28 P 14.535398 12.429372 120.070892 2.110000 -1.000000 0.000000
40000 29 S 10.862329 12.875073 121.126709 1.800000 0.000000 0.000000
40000 30 A 8.211176 10.781423 120.315956 1.530000 0.000000 0.000000
40000 31 P 10.019360 11.453122 124.673279 2.110000 -1.000000 0.000000
40000 32 S 6.309103 10.579055 124.039040 1.800000 0.000000 0.000000
40000 33 T 5.916226 7.858891 121.463539 1.530000 0.000000 0.000000
40000 34 P 4.489653 8.001419 126.335060 2.110000 -1.000000 0.000000
40000 35 S 1.940848 5.546348 124.932388 1.800000 0.000000 0.000000
40000 36 A 3.128007 3.469344 122.353836 1.530000 0.000000 0.000000
40000 37 P -0.033180 2.348632 126.389397 2.110000 -1.000000 0.000000
40000 38 S 0.551610 -0.436936 123.646500 1.800000 0.000000 0.000000
40000 39 G 3.935868 -1.398208 123.965553 1.530000 0.000000 0.000000
40000 40 P -0.688960 -4.118444 124.146011 2.110000 -1.000000 0.000000
40000 41 S 2.882366 -5.801819 123.570808 1.800000 0.000000 0.000000
40000 42 G 5.126320 -5.083858 125.838455 1.530000 0.000000 0.000000
40000 43 P 3.582073 -9.659613 124.218636 2.110000 -1.000000 0.000000
40000 44 S 7.357844 -9.526114 125.212769 1.800000 0.000000 0.000000
40000 45 A 7.375522 -7.762111 128.109421 1.530000 0.000000 0.000000
40000 46 P 8.019449 -13.271116 126.730278 2.110000 -1.000000 0.000000
40000 47 S 4.807875 -15.062796 128.106415 1.800000 0.000000 0.000000
40000 48 T 2.469229 -16.668447 125.690819 1.530000 0.000000 0.000000
40000 49 P 6.029047 -18.807364 128.067017 2.110000 -1.000000 0.000000
45000 1 P 5.335301 -4.046004 135.590881 2.110000 -1.000000 0.000000
45000 2 S 9.198914 -2.957574 135.135910 1.800000 0.000000 0.000000
45000 3 A 10.782108 -2.721636 138.275879 1.530000 0.000000 0.000000
45000 4 P 10.203996 -0.217311 132.238007 2.110000 -1.000000 0.000000
45000 5 S 13.460517 -0.493869 130.018936 1.800000 0.000000 0.000000
45000 6 T 13.117816 -3.357738 128.012924 1.530000 0.000000 0.000000
45000 7 P 14.774378 1.700117 126.795776 2.110000 -1.000000 0.000000
45000 8 S 16.180906 -1.152025 124.404129 1.800000 0.000000 0.000000
45000 9 C 13.115816 -2.178062 123.404259 1.530000 0.000000 0.000000
45000 10 P 17.613525 -0.829687 120.730812 2.110000 -1.000000 0.000000
45000 11 S 16.275707 -3.566613 118.106499 1.800000 0.000000 0.000000
45000 12 C 13.096454 -1.724891 117.728958 1.530000 0.000000 0.000000
45000 13 P 17.129118 -1.466384 114.885658 2.110000 -1.000000 0.000000
45000 14 S 13.976624 -0.603163 112.669891 1.800000 0.000000 0.000000
45000 15 T 12.918669 1.615368 114.945503 1.530000 0.000000 0.000000
45000 16 P 14.908146 1.664905 109.520012 2.110000 -1.000000 0.000000
45000 17 S 12.698612 4.744026 110.334518 1.800000 0.000000 0.000000
45000 18 A 14.782420 6.708548 112.644577 1.530000 0.000000 0.000000
45000 19 P 14.799598 6.147205 107.175613 2.110000 -1.000000 0.000000
45000 20 S 15.783811 10.026193 107.714912 1.800000 0.000000 0.000000
45000 21 G 17.793980 10.188018 110.763428 1.530000 0.000000 0.000000
45000 22 P 18.652224 12.471519 106.120331 2.110000 -1.000000 0.000000
45000 23 S 19.495907 12.896079 109.986229 1.800000 0.000000 0.000000
45000 24 T 20.578609 10.064457 108.304764 1.530000 0.000000 0.000000
45000 25 P 20.625355 10.358499 112.587242 2.110000 -1.000000 0.000000
45000 26 S 18.845978 11.923524 115.697533 1.800000 0.000000 0.000000
45000 27 T 15.654286 11.516891 114.526939 1.530000 0.000000 0.000000
45000 28 P 18.513079 10.057442 119.198830 2.110000 -1.000000 0.000000
45000 29 S 14.796177 11.082078 120.084038 1.800000 0.000000 0.000000
45000 30 A 11.623599 9.834397 118.714653 1.530000 0.000000 0.000000
45000 31 P 13.828804 9.069954 123.431656 2.110000 -1.000000 0.000000
45000 32 S 10.039977 8.321217 123.816460 1.800000 0.000000 0.000000
45000 33 T 9.169692 6.372224 121.437981 1.530000 0.000000 0.000000
45000 34 P 7.681588 6.098363 126.128311 2.110000 -1.000000 0.000000
45000 35 S 4.993408 5.277667 123.295830 1.800000 0.000000 0.000000
45000 36 A 6.359905 3.027484 120.872292 1.530000 0.000000 0.000000
45000 37 P 2.590159 2.560825 124.720520 2.110000 -1.000000 0.000000
45000 38 S 1.576419 0.024508 121.755798 1.800000 0.000000 0.000000
45000 39 G 4.472460 -1.861100 121.565437 1.530000 0.000000 0.000000
45000 40 P -0.476573 -3.035311 122.423279 2.110000 -1.000000 0.000000
45000 41 S 1.552744 -6.400357 121.745964 1.800000 0.000000 0.000000
45000 42 G 3.888044 -6.817899 124.671547 1.530000 0.000000 0.000000
45000 43 P 1.177263 -10.308393 122.007401 2.110000 -1.000000 0.000000
45000 44 S 4.060021 -12.423745 123.410316 1.800000 0.000000 0.000000
45000 45 A 4.015645 -11.771392 127.130379 1.530000 0.000000 0.000000
45000 46 P 2.701821 -15.945189 124.467659 2.110000 -1.000000 0.000000
45000 47 S -1.262043 -16.128971 123.921951 1.800000 0.000000 0.000000
45000 48 T -1.444193 -16.461475 120.373642 1.530000 0.000000 0.000000
45000 49 P -0.980988 -20.031015 124.661171 2.110000 -1.000000 0.000000
50000 1 P 6.321376 -1.731040 131.084335 2.110000 -1.000000 0.000000
50000 2 S 9.958823 -2.459702 129.682724 1.800000 0.000000 0.000000
50000 3 A 11.965953 0.554022 130.072800 1.530000 0.000000 0.000000
50000 4 P 10.683521 -1.678771 125.881401 2.110000 -1.000000 0.000000
50000 5 S 13.866259 -4.121495 125.620415 1.800000 0.000000 0.000000
50000 6 T 13.327017 -7.582801 125.378891 1.530000 0.000000 0.000000
50000 7 P 15.509793 -3.477728 121.950401 2.110000 -1.000000 0.000000
50000 8 S 16.317026 -6.730308 119.871239 1.800000 0.000000 0.000000
50000 9 C 13.006089 -7.928677 119.221329 1.530000 0.000000 0.000000
50000 10 P 16.786905 -6.396502 115.989464 2.110000 -1.000000 0.000000
50000 11 S 13.949060 -8.322777 113.945595 1.800000 0.000000 0.000000
50000 12 C 10.888601 -6.428693 114.231262 1.530000 0.000000 0.000000
50000 13 P 14.130342 -7.402624 110.194313 2.110000 -1.000000 0.000000
50000 14 S 10.218688 -6.792997 109.442825 1.800000 0.000000 0.000000
50000 15 T 8.750463 -4.166135 110.674500 1.530000 0.000000 0.000000
50000 16 P 10.794621 -4.374226 106.131401 2.110000 -1.000000 0.000000
50000 17 S 7.747653 -1.853194 105.879845 1.800000 0.000000 0.000000
50000 18 A 8.545882 0.229047 108.406433 1.530000 0.000000 0.000000
50000 19 P 7.564014 0.996807 103.067986 2.110000 -1.000000 0.000000
50000 20 S 6.371575 4.326828 105.172638 1.800000 0.000000 0.000000
50000 21 G 8.953078 5.371300 107.411842 1.530000 0.000000 0.000000
50000 22 P 7.857625 6.490378 101.943344 2.110000 -1.000000 0.000000
50000 23 S 9.471395 10.036510 101.686470 1.800000 0.000000 0.000000
50000 24 T 12.846753 8.967681 101.787331 1.530000 0.000000 0.000000
50000 25 P 10.990546 7.946208 104.619652 2.110000 -1.000000 0.000000
50000 26 S 11.137326 10.656738 107.590782 1.800000 0.000000 0.000000
50000 27 T 8.492005 11.999248 109.728935 1.530000 0.000000 0.000000
50000 28 P 12.634409 8.973100 110.843849 2.110000 -1.000000 0.000000
50000 29 S 10.892544 9.269662 114.301575 1.800000 0.000000 0.000000
50000 30 A 8.391828 7.133582 113.073570 1.530000 0.000000 0.000000
50000 31 P 11.592671 7.210198 117.854301 2.110000 -1.000000 0.000000
50000 32 S 7.532726 6.962617 117.968597 1.800000 0.000000 0.000000
50000 33 T 5.994859 4.735058 115.686180 1.530000 0.000000 0.000000
50000 34 P 5.561824 5.073995 120.768555 2.110000 -1.000000 0.000000
50000 35 S 2.588840 2.671498 119.940994 1.800000 0.000000 0.000000
50000 36 A 3.065396 -0.484989 118.431778 1.530000 0.000000 0.000000
50000 37 P 0.631656 0.795500 122.681992 2.110000 -1.000000 0.000000
50000 38 S 0.275118 -2.597875 120.590042 1.800000 0.000000 0.000000
50000 39 G 3.337559 -4.438328 119.746231 1.530000 0.000000 0.000000
50000 40 P -0.909657 -5.232000 123.350601 2.110000 -1.000000 0.000000
50000 41 S 0.377628 -8.416847 121.420174 1.800000 0.000000 0.000000
50000 42 G 3.792789 -8.020798 121.964684 1.530000 0.000000 0.000000
50000 43 P 0.110857 -11.500527 123.929146 2.110000 -1.000000 0.000000
50000 44 S 3.052007 -14.125198 124.308853 1.800000 0.000000 0.000000
50000 45 A 4.972269 -12.089043 126.157333 1.530000 0.000000 0.000000
50000 46 P 3.986417 -17.134054 126.557503 2.110000 -1.000000 0.000000
50000 47 S 1.496079 -16.752373 129.460022 1.800000 0.000000 0.000000
50000 48 T -0.985804 -17.627928 127.376030 1.530000 0.000000 0.000000
50000 49 P 0.252159 -19.439728 132.117737 2.110000 -1.000000 0.000000
