35000 1 P 7.480872 -3.896262 83.011711 2.110000 -1.000000 0.000000
35000 2 S 11.536503 -3.286829 82.520317 1.800000 0.000000 0.000000
35000 3 A 12.883099 -3.728594 85.849617 1.530000 0.000000 0.000000
35000 4 P 11.868424 0.577267 81.731445 2.110000 -1.000000 0.000000
35000 5 S 15.354134 0.196514 80.004234 1.800000 0.000000 0.000000
35000 6 T 13.984154 -1.458748 77.249130 1.530000 0.000000 0.000000
35000 7 P 17.906471 2.254559 77.794685 2.110000 -1.000000 0.000000
35000 8 S 18.823124 -1.075319 76.001640 1.800000 0.000000 0.000000
35000 9 C 16.488560 -1.337036 73.646294 1.530000 0.000000 0.000000
35000 10 P 20.505903 -0.208630 72.598183 2.110000 -1.000000 0.000000
35000 11 S 20.331472 -0.961622 68.741219 1.800000 0.000000 0.000000
35000 12 C 17.833973 0.155685 66.253769 1.530000 0.000000 0.000000
35000 13 P 22.480503 2.095006 67.741997 2.110000 -1.000000 0.000000
35000 14 S 21.429361 3.236207 64.100349 1.800000 0.000000 0.000000
35000 15 T 18.374945 4.359823 65.052582 1.530000 0.000000 0.000000
35000 16 P 21.967003 6.313103 61.655998 2.110000 -1.000000 0.000000
35000 17 S 18.612047 8.279968 61.252777 1.800000 0.000000 0.000000
35000 18 A 17.449183 9.714524 64.240982 1.530000 0.000000 0.000000
35000 19 P 19.564009 11.564579 59.366783 2.110000 -1.000000 0.000000
35000 20 S 17.728111 13.953439 61.807114 1.800000 0.000000 0.000000
35000 21 G 19.803339 13.448411 64.606636 1.530000 0.000000 0.000000
35000 22 P 18.903503 17.607731 60.705105 2.110000 -1.000000 0.000000
35000 23 S 19.282999 19.110497 64.312157 1.800000 0.000000 0.000000
35000 24 T 22.391024 17.422489 65.065529 1.530000 0.000000 0.000000
35000 25 P 20.511290 21.463490 67.021133 2.110000 -1.000000 0.000000
35000 26 S 16.605738 21.224228 67.010941 1.800000 0.000000 0.000000
35000 27 T 16.391636 17.705423 67.967453 1.530000 0.000000 0.000000
35000 28 P 15.532644 22.974833 70.319809 2.110000 -1.000000 0.000000
35000 29 S 13.764424 19.331488 70.353630 1.800000 0.000000 0.000000
35000 30 A 16.551498 18.291941 72.075211 1.530000 0.000000 0.000000
35000 31 P 11.824512 16.819256 72.597916 2.110000 -1.000000 0.000000
35000 32 S 9.620852 15.797244 69.538193 1.800000 0.000000 0.000000
35000 33 T 11.480466 14.630634 66.935417 1.530000 0.000000 0.000000
35000 34 P 7.200171 12.961656 69.044792 2.110000 -1.000000 0.000000
35000 35 S 8.057091 11.814516 65.454483 1.800000 0.000000 0.000000
35000 36 A 11.286673 10.004970 65.675308 1.530000 0.000000 0.000000
35000 37 P 5.377194 8.921988 65.852753 2.110000 -1.000000 0.000000
35000 38 S 6.926508 5.626798 64.324707 1.800000 0.000000 0.000000
35000 39 G 9.166674 4.930278 67.004082 1.530000 0.000000 0.000000
35000 40 P 5.546604 1.892962 64.150955 2.110000 -1.000000 0.000000
35000 41 S 8.859728 -0.270847 64.803238 1.800000 0.000000 0.000000
35000 42 G 9.307086 -0.195384 68.250450 1.530000 0.000000 0.000000
35000 43 P 7.356077 -3.896211 65.784714 2.110000 -1.000000 0.000000
35000 44 S 8.745656 -5.587492 69.160828 1.800000 0.000000 0.000000
35000 45 A 6.608872 -3.918244 71.302269 1.530000 0.000000 0.000000
35000 46 P 6.582911 -8.833185 69.954521 2.110000 -1.000000 0.000000
35000 47 S 5.994777 -8.069221 73.844398 1.800000 0.000000 0.000000
35000 48 T 3.029575 -6.035769 73.164307 1.530000 0.000000 0.000000
35000 49 P 4.110933 -9.588755 77.052086 2.110000 -1.000000 0.000000
40000 1 P 11.259994 5.458961 75.538834 2.110000 -1.000000 0.000000
40000 2 S 14.657364 5.439747 77.582565 1.800000 0.000000 0.000000
40000 3 A 15.606823 7.230525 80.523819 1.530000 0.000000 0.000000
40000 4 P 17.803339 7.313922 76.043312 2.110000 -1.000000 0.000000
40000 5 S 21.224232 5.375508 75.821411 1.800000 0.000000 0.000000
40000 6 T 21.010422 2.868914 73.449196 1.530000 0.000000 0.000000
40000 7 P 24.096989 7.010384 73.533630 2.110000 -1.000000 0.000000
40000 8 S 25.179045 4.207200 71.012520 1.800000 0.000000 0.000000
40000 9 C 22.321779 4.928859 69.087296 1.530000 0.000000 0.000000
40000 10 P 26.799320 4.720091 67.680824 2.110000 -1.000000 0.000000
40000 11 S 25.632608 2.759323 64.360191 1.800000 0.000000 0.000000
40000 12 C 22.651533 4.173101 63.348259 1.530000 0.000000 0.000000
40000 13 P 27.898876 5.026142 61.852955 2.110000 -1.000000 0.000000
40000 14 S 24.944229 6.020137 59.374088 1.800000 0.000000 0.000000
40000 15 T 22.857327 8.345707 61.296562 1.530000 0.000000 0.000000
40000 16 P 26.338898 8.770154 57.011936 2.110000 -1.000000 0.000000
40000 17 S 22.843962 10.820184 56.792072 1.800000 0.000000 0.000000
40000 18 A 23.266445 12.357608 60.042145 1.530000 0.000000 0.000000
40000 19 P 25.188126 13.590231 55.518120 2.110000 -1.000000 0.000000
40000 20 S 24.775805 16.831043 57.682915 1.800000 0.000000 0.000000
40000 21 G 26.005613 14.892571 60.009232 1.530000 0.000000 0.000000
40000 22 P 26.823248 20.279495 58.196861 2.110000 -1.000000 0.000000
40000 23 S 26.238813 20.394411 62.063576 1.800000 0.000000 0.000000
40000 24 T 28.590273 18.340315 60.427711 1.530000 0.000000 0.000000
40000 25 P 28.747890 22.552410 64.327286 2.110000 -1.000000 0.000000
40000 26 S 25.581615 22.640911 66.831070 1.800000 0.000000 0.000000
40000 27 T 24.670799 19.133659 67.379509 1.530000 0.000000 0.000000
40000 28 P 25.623003 23.627127 70.535049 2.110000 -1.000000 0.000000
40000 29 S 24.208725 19.873083 70.405502 1.800000 0.000000 0.000000
40000 30 A 27.484379 18.502195 70.273560 1.530000 0.000000 0.000000
40000 31 P 22.767315 17.509306 73.149796 2.110000 -1.000000 0.000000
40000 32 S 19.117298 17.109980 71.474701 1.800000 0.000000 0.000000
40000 33 T 21.126291 14.766744 69.558662 1.530000 0.000000 0.000000
40000 34 P 16.217884 14.658328 72.505394 2.110000 -1.000000 0.000000
40000 35 S 14.290332 13.803282 69.249649 1.800000 0.000000 0.000000
40000 36 A 16.374226 11.429972 67.062920 1.530000 0.000000 0.000000
40000 37 P 11.553964 11.000134 69.081497 2.110000 -1.000000 0.000000
40000 38 S 12.096155 8.493562 66.097305 1.800000 0.000000 0.000000
40000 39 G 14.727300 6.617722 67.836464 1.530000 0.000000 0.000000
40000 40 P 9.795587 5.336655 65.898804 2.110000 -1.000000 0.000000
40000 41 S 11.315346 1.750489 65.208969 1.800000 0.000000 0.000000
40000 42 G 13.328523 0.418909 67.883591 1.530000 0.000000 0.000000
40000 43 P 9.160719 -1.496487 66.176392 2.110000 -1.000000 0.000000
40000 44 S 11.024699 -4.600188 68.068069 1.800000 0.000000 0.000000
40000 45 A 12.486645 -3.797151 71.211517 1.530000 0.000000 0.000000
40000 46 P 7.935565 -6.886346 69.254898 2.110000 -1.000000 0.000000
40000 47 S 9.079216 -7.044392 73.047661 1.800000 0.000000 0.000000
40000 48 T 7.536555 -3.800307 71.889297 1.530000 0.000000 0.000000
40000 49 P 6.769678 -8.321260 76.027763 2.110000 -1.000000 0.000000
45000 1 P 12.046425 12.140167 78.589325 2.110000 -1.000000 0.000000
45000 2 S 13.907586 8.813204 79.833733 1.800000 0.000000 0.000000
45000 3 A 15.386313 7.818794 82.651054 1.530000 0.000000 0.000000
45000 4 P 17.076412 8.429414 77.953514 2.110000 -1.000000 0.000000
45000 5 S 17.709812 4.572470 77.365807 1.800000 0.000000 0.000000
45000 6 T 15.528522 2.896198 74.937195 1.530000 0.000000 0.000000
45000 7 P 20.703539 4.521289 74.735413 2.110000 -1.000000 0.000000
45000 8 S 21.509134 1.595879 72.310280 1.800000 0.000000 0.000000
45000 9 C 19.685329 0.340322 69.201530 1.530000 0.000000 0.000000
45000 10 P 24.492165 3.307627 70.286469 2.110000 -1.000000 0.000000
45000 11 S 23.469997 1.390267 66.773941 1.800000 0.000000 0.000000
45000 12 C 20.569771 3.064181 65.730606 1.530000 0.000000 0.000000
45000 13 P 25.328144 2.212622 63.343685 2.110000 -1.000000 0.000000
45000 14 S 22.715952 2.382751 60.249111 1.800000 0.000000 0.000000
45000 15 T 20.973566 4.875869 61.829498 1.530000 0.000000 0.000000
45000 16 P 24.470589 3.500063 56.934639 2.110000 -1.000000 0.000000
45000 17 S 22.905575 7.066077 56.143208 1.800000 0.000000 0.000000
45000 18 A 23.689798 9.237122 58.704464 1.530000 0.000000 0.000000
45000 19 P 25.261431 9.445977 53.945061 2.110000 -1.000000 0.000000
45000 20 S 24.307806 13.092300 54.860878 1.800000 0.000000 0.000000
45000 21 G 25.530325 13.168292 58.205364 1.530000 0.000000 0.000000
45000 22 P 26.535362 16.120625 53.445587 2.110000 -1.000000 0.000000
45000 23 S 27.321678 17.936934 56.896503 1.800000 0.000000 0.000000
45000 24 T 29.907532 16.095512 57.927170 1.530000 0.000000 0.000000
45000 25 P 29.426729 21.370274 56.870972 2.110000 -1.000000 0.000000
45000 26 S 25.577915 21.635088 58.013382 1.800000 0.000000 0.000000
45000 27 T 26.193525 19.229391 60.563248 1.530000 0.000000 0.000000
45000 28 P 22.971767 24.552174 59.301155 2.110000 -1.000000 0.000000
45000 29 S 21.983986 21.792295 62.025063 1.800000 0.000000 0.000000
45000 30 A 25.155281 22.290346 63.934628 1.530000 0.000000 0.000000
45000 31 P 19.894310 21.221056 65.514900 2.110000 -1.000000 0.000000
45000 32 S 17.606060 19.790936 62.552811 1.800000 0.000000 0.000000
45000 33 T 19.763700 17.496004 61.111202 1.530000 0.000000 0.000000
45000 34 P 14.182174 18.057419 63.181316 2.110000 -1.000000 0.000000
45000 35 S 14.763176 15.466809 60.185188 1.800000 0.000000 0.000000
45000 36 A 17.051598 13.001350 60.171101 1.530000 0.000000 0.000000
45000 37 P 12.091550 12.629240 60.003136 2.110000 -1.000000 0.000000
45000 38 S 13.785647 9.823954 57.875961 1.800000 0.000000 0.000000
45000 39 G 15.704266 8.956818 60.703941 1.530000 0.000000 0.000000
45000 40 P 10.787216 7.306525 58.168232 2.110000 -1.000000 0.000000
45000 41 S 12.263229 4.181287 59.520893 1.800000 0.000000 0.000000
45000 42 G 12.819868 4.724106 63.008755 1.530000 0.000000 0.000000
45000 43 P 9.108036 1.863737 60.326046 2.110000 -1.000000 0.000000
45000 44 S 9.786614 0.372019 63.996967 1.800000 0.000000 0.000000
45000 45 A 10.493938 2.842214 66.296097 1.530000 0.000000 0.000000
45000 46 P 6.766886 -1.535756 65.961349 2.110000 -1.000000 0.000000
45000 47 S 7.709869 -0.576676 69.698303 1.800000 0.000000 0.000000
45000 48 T 6.468337 2.647949 68.569847 1.530000 0.000000 0.000000
45000 49 P 5.241310 -1.404011 72.656883 2.110000 -1.000000 0.000000
50000 1 P 18.310606 1.372403 81.786453 2.110000 -1.000000 0.000000
50000 2 S 22.048750 2.560940 81.865685 1.800000 0.000000 0.000000
50000 3 A 23.595594 2.561633 84.969521 1.530000 0.000000 0.000000
50000 4 P 22.835367 6.456416 81.435448 2.110000 -1.000000 0.000000
50000 5 S 26.349928 5.434841 80.102303 1.800000 0.000000 0.000000
50000 6 T 25.246988 3.858504 77.098129 1.530000 0.000000 0.000000
50000 7 P 28.965975 8.069989 78.717079 2.110000 -1.000000 0.000000
50000 8 S 30.127943 5.086485 76.293976 1.800000 0.000000 0.000000
50000 9 C 27.447596 6.834610 74.681267 1.530000 0.000000 0.000000
50000 10 P 32.140388 6.201651 73.337257 2.110000 -1.000000 0.000000
50000 11 S 30.621588 3.902375 70.424438 1.800000 0.000000 0.000000
50000 12 C 27.152822 4.674295 70.189751 1.530000 0.000000 0.000000
50000 13 P 31.535999 4.666422 66.702156 2.110000 -1.000000 0.000000
50000 14 S 29.268461 4.777775 63.402386 1.800000 0.000000 0.000000
50000 15 T 26.334709 7.030193 62.899422 1.530000 0.000000 0.000000
50000 16 P 31.038397 6.939205 60.490032 2.110000 -1.000000 0.000000
50000 17 S 27.691961 8.599059 59.101467 1.800000 0.000000 0.000000
50000 18 A 27.203737 11.180681 61.784847 1.530000 0.000000 0.000000
50000 19 P 27.456034 11.424504 56.343510 2.110000 -1.000000 0.000000
50000 20 S 24.765030 13.976554 57.849514 1.800000 0.000000 0.000000
50000 21 G 26.978096 15.436780 60.277065 1.530000 0.000000 0.000000
50000 22 P 24.799145 17.321182 55.922230 2.110000 -1.000000 0.000000
50000 23 S 25.626066 20.288513 58.390991 1.800000 0.000000 0.000000
50000 24 T 29.012932 19.497047 58.697269 1.530000 0.000000 0.000000
50000 25 P 26.802124 23.543669 56.594196 2.110000 -1.000000 0.000000
50000 26 S 23.384708 23.077080 58.251221 1.800000 0.000000 0.000000
50000 27 T 24.715900 22.704842 61.286045 1.530000 0.000000 0.000000
50000 28 P 20.132545 24.948021 59.734341 2.110000 -1.000000 0.000000
50000 29 S 20.588709 22.431086 62.870628 1.800000 0.000000 0.000000
50000 30 A 23.265539 24.079834 64.619637 1.530000 0.000000 0.000000
50000 31 P 19.089005 21.353670 66.368423 2.110000 -1.000000 0.000000
50000 32 S 17.735188 18.938721 63.647015 1.800000 0.000000 0.000000
50000 33 T 20.662994 17.447191 62.581512 1.530000 0.000000 0.000000
50000 34 P 15.679151 15.590915 63.941441 2.110000 -1.000000 0.000000
50000 35 S 18.082682 13.901404 61.333836 1.800000 0.000000 0.000000
50000 36 A 21.768282 13.014472 61.649200 1.530000 0.000000 0.000000
50000 37 P 17.916533 9.893317 61.110413 2.110000 -1.000000 0.000000
50000 38 S 21.792244 9.289282 61.042328 1.800000 0.000000 0.000000
50000 39 G 22.909475 9.870893 64.423248 1.530000 0.000000 0.000000
50000 40 P 21.605658 5.424033 61.166679 2.110000 -1.000000 0.000000
50000 41 S 24.747738 4.216527 63.132584 1.800000 0.000000 0.000000
50000 42 G 24.147999 5.571641 66.330330 1.530000 0.000000 0.000000
50000 43 P 26.284138 0.782582 64.329544 2.110000 -1.000000 0.000000
50000 44 S 26.876087 2.281702 68.022049 1.800000 0.000000 0.000000
50000 45 A 23.670605 2.555549 69.837090 1.530000 0.000000 0.000000
50000 46 P 28.387224 -0.424003 70.473251 2.110000 -1.000000 0.000000
50000 47 S 25.244770 -1.056944 72.837173 1.800000 0.000000 0.000000
50000 48 T 24.056583 -2.681199 69.863503 1.530000 0.000000 0.000000
50000 49 P 24.437901 -4.099132 75.272217 2.110000 -1.000000 0.000000
