35000 1 P 21.233238 28.647139 132.152069 2.110000 -1.000000 0.000000
35000 2 S 24.704727 27.631470 130.565323 1.800000 0.000000 0.000000
35000 3 A 25.561092 24.454342 131.314743 1.530000 0.000000 0.000000
35000 4 P 27.804226 29.922659 130.952362 2.110000 -1.000000 0.000000
35000 5 S 30.661160 30.190216 128.051041 1.800000 0.000000 0.000000
35000 6 T 28.864468 32.032784 125.603508 1.530000 0.000000 0.000000
35000 7 P 33.799496 31.893930 126.662781 2.110000 -1.000000 0.000000
35000 8 S 33.826313 32.696636 122.765877 1.800000 0.000000 0.000000
35000 9 C 31.409582 35.243179 123.368980 1.530000 0.000000 0.000000
35000 10 P 36.062210 34.786270 120.037773 2.110000 -1.000000 0.000000
35000 11 S 37.489929 31.905514 117.795952 1.800000 0.000000 0.000000
35000 12 C 34.728313 31.311680 115.635330 1.530000 0.000000 0.000000
35000 13 P 39.267685 32.072975 114.513985 2.110000 -1.000000 0.000000
35000 14 S 38.525608 30.241711 111.018051 1.800000 0.000000 0.000000
35000 15 T 35.735249 32.080334 110.015938 1.530000 0.000000 0.000000
35000 16 P 40.995438 32.079807 108.434532 2.110000 -1.000000 0.000000
35000 17 S 39.368210 33.863453 105.317589 1.800000 0.000000 0.000000
35000 18 A 37.670475 36.563454 106.364311 1.530000 0.000000 0.000000
35000 19 P 41.960938 36.290550 103.912384 2.110000 -1.000000 0.000000
35000 20 S 40.320045 39.690315 103.608139 1.800000 0.000000 0.000000
35000 21 G 39.308800 42.111355 105.926781 1.530000 0.000000 0.000000
35000 22 P 43.850639 41.191978 103.009224 2.110000 -1.000000 0.000000
35000 23 S 45.111725 44.529305 104.608986 1.800000 0.000000 0.000000
35000 24 T 46.084610 45.419434 107.681389 1.530000 0.000000 0.000000
35000 25 P 44.663822 42.080502 107.578224 2.110000 -1.000000 0.000000
35000 26 S 43.437206 44.038162 110.836670 1.800000 0.000000 0.000000
35000 27 T 40.294186 45.051033 110.129982 1.530000 0.000000 0.000000
35000 28 P 41.948185 42.782242 114.174004 2.110000 -1.000000 0.000000
35000 29 S 38.706371 44.832691 114.464256 1.800000 0.000000 0.000000
35000 30 A 36.271156 44.194675 112.124840 1.530000 0.000000 0.000000
35000 31 P 36.102360 44.256546 117.055817 2.110000 -1.000000 0.000000
35000 32 S 32.975319 44.924133 114.777412 1.800000 0.000000 0.000000
35000 33 T 33.018345 42.462650 112.397919 1.530000 0.000000 0.000000
35000 34 P 29.023523 44.448956 115.126015 2.110000 -1.000000 0.000000
35000 35 S 28.255287 43.245277 111.436966 1.800000 0.000000 0.000000
35000 36 A 29.425611 39.897614 111.040894 1.530000 0.000000 0.000000
35000 37 P 24.628551 41.752682 112.300255 2.110000 -1.000000 0.000000
35000 38 S 25.527988 38.178898 110.730118 1.800000 0.000000 0.000000
35000 39 G 27.155760 36.066639 113.064545 1.530000 0.000000 0.000000
35000 40 P 22.472046 36.072380 112.039406 2.110000 -1.000000 0.000000
35000 41 S 24.068871 32.630344 113.185020 1.800000 0.000000 0.000000
35000 42 G 25.592138 33.248558 116.332008 1.530000 0.000000 0.000000
35000 43 P 20.880045 30.877237 114.827789 2.110000 -1.000000 0.000000
35000 44 S 22.629667 30.465464 118.248352 1.800000 0.000000 0.000000
35000 45 A 22.953655 33.886105 119.194611 1.530000 0.000000 0.000000
35000 46 P 21.017504 29.165970 121.588203 2.110000 -1.000000 0.000000
35000 47 S 22.567463 32.476028 123.521858 1.800000 0.000000 0.000000
35000 48 T 21.249472 35.382305 122.242409 1.530000 0.000000 0.000000
35000 49 P 21.788231 32.813164 127.407120 2.110000 -1.000000 0.000000
40000 1 P 31.985098 15.185294 131.923706 2.110000 -1.000000 0.000000
40000 2 S 32.478519 15.382670 127.986221 1.800000 0.000000 0.000000
40000 3 A 32.330704 12.160103 126.817665 1.530000 0.000000 0.000000
40000 4 P 34.942913 17.390598 125.742119 2.110000 -1.000000 0.000000
40000 5 S 31.904926 18.667961 123.455521 1.800000 0.000000 0.000000
40000 6 T 29.717234 20.999004 125.041710 1.530000 0.000000 0.000000
40000 7 P 34.656841 21.103098 122.136116 2.110000 -1.000000 0.000000
40000 8 S 33.733448 24.861380 121.589455 1.800000 0.000000 0.000000
40000 9 C 33.399334 26.188995 124.816238 1.530000 0.000000 0.000000
40000 10 P 36.845139 27.159378 120.881477 2.110000 -1.000000 0.000000
40000 11 S 36.198421 26.396175 117.060867 1.800000 0.000000 0.000000
40000 12 C 33.664688 28.684948 116.444130 1.530000 0.000000 0.000000
40000 13 P 38.888409 28.389782 114.807449 2.110000 -1.000000 0.000000
40000 14 S 36.567493 29.873743 111.961456 1.800000 0.000000 0.000000
40000 15 T 34.793278 32.208225 113.468353 1.530000 0.000000 0.000000
40000 16 P 38.510151 32.357014 109.542534 2.110000 -1.000000 0.000000
40000 17 S 37.900814 35.824993 107.914543 1.800000 0.000000 0.000000
40000 18 A 37.788628 39.031155 109.765617 1.530000 0.000000 0.000000
40000 19 P 40.931458 37.490646 105.970001 2.110000 -1.000000 0.000000
40000 20 S 41.250416 41.125031 107.322990 1.800000 0.000000 0.000000
40000 21 G 41.838524 39.654575 110.374870 1.530000 0.000000 0.000000
40000 22 P 44.391850 43.153900 105.976227 2.110000 -1.000000 0.000000
40000 23 S 46.063591 44.588345 109.295479 1.800000 0.000000 0.000000
40000 24 T 46.909714 41.033195 109.098251 1.530000 0.000000 0.000000
40000 25 P 46.661427 43.344395 113.025116 2.110000 -1.000000 0.000000
40000 26 S 45.749176 46.364498 115.704948 1.800000 0.000000 0.000000
40000 27 T 42.499073 46.509079 114.760056 1.530000 0.000000 0.000000
40000 28 P 45.218647 44.275093 118.916092 2.110000 -1.000000 0.000000
40000 29 S 41.856625 46.487789 119.610558 1.800000 0.000000 0.000000
40000 30 A 39.213440 46.364872 117.361938 1.530000 0.000000 0.000000
40000 31 P 39.156269 45.571968 122.320808 2.110000 -1.000000 0.000000
40000 32 S 35.875336 46.347046 120.107567 1.800000 0.000000 0.000000
40000 33 T 35.649807 44.137836 117.296600 1.530000 0.000000 0.000000
40000 34 P 32.293915 45.175327 121.469551 2.110000 -1.000000 0.000000
40000 35 S 29.931740 43.089050 118.865715 1.800000 0.000000 0.000000
40000 36 A 32.107464 40.239651 118.354927 1.530000 0.000000 0.000000
40000 37 P 26.786203 40.997524 119.991951 2.110000 -1.000000 0.000000
40000 38 S 25.755625 37.433876 118.895447 1.800000 0.000000 0.000000
40000 39 G 28.144707 35.123131 119.789108 1.530000 0.000000 0.000000
40000 40 P 23.092207 36.049740 121.371193 2.110000 -1.000000 0.000000
40000 41 S 22.895329 32.125660 122.079544 1.800000 0.000000 0.000000
40000 42 G 25.815853 31.113117 123.974632 1.530000 0.000000 0.000000
40000 43 P 20.653406 31.385582 125.298126 2.110000 -1.000000 0.000000
40000 44 S 22.305061 28.352125 127.237320 1.800000 0.000000 0.000000
40000 45 A 25.437008 29.338758 128.678055 1.530000 0.000000 0.000000
40000 46 P 21.870138 26.908365 130.959976 2.110000 -1.000000 0.000000
40000 47 S 25.531366 25.695173 132.031982 1.800000 0.000000 0.000000
40000 48 T 26.773935 29.041389 132.211975 1.530000 0.000000 0.000000
40000 49 P 26.123020 24.929762 135.968155 2.110000 -1.000000 0.000000
45000 1 P 31.373362 23.696997 129.706665 2.110000 -1.000000 0.000000
45000 2 S 32.781750 22.371397 126.026009 1.800000 0.000000 0.000000
45000 3 A 34.753242 19.755846 127.303116 1.530000 0.000000 0.000000
45000 4 P 35.565258 24.435829 124.064606 2.110000 -1.000000 0.000000
45000 5 S 35.136810 22.678947 120.660027 1.800000 0.000000 0.000000
45000 6 T 31.838367 24.133875 119.480362 1.530000 0.000000 0.000000
45000 7 P 37.636787 24.940828 118.344803 2.110000 -1.000000 0.000000
45000 8 S 36.327259 27.011738 115.275887 1.800000 0.000000 0.000000
45000 9 C 35.228691 29.351685 117.596992 1.530000 0.000000 0.000000
45000 10 P 39.468681 29.120562 114.175880 2.110000 -1.000000 0.000000
45000 11 S 38.983959 27.735865 110.649902 1.800000 0.000000 0.000000
45000 12 C 36.586502 29.290728 108.562599 1.530000 0.000000 0.000000
45000 13 P 40.966270 28.651991 107.451645 2.110000 -1.000000 0.000000
45000 14 S 38.723568 28.529415 104.111969 1.800000 0.000000 0.000000
45000 15 T 36.456646 31.167749 103.578400 1.530000 0.000000 0.000000
45000 16 P 41.277542 30.743845 101.919579 2.110000 -1.000000 0.000000
45000 17 S 39.159641 33.782875 100.887512 1.800000 0.000000 0.000000
45000 18 A 39.449886 35.284866 103.961678 1.530000 0.000000 0.000000
45000 19 P 42.188015 35.895840 99.626923 2.110000 -1.000000 0.000000
45000 20 S 41.946503 39.507103 101.169662 1.800000 0.000000 0.000000
45000 21 G 42.381699 39.711731 104.501984 1.530000 0.000000 0.000000
45000 22 P 45.921001 39.181744 101.152809 2.110000 -1.000000 0.000000
45000 23 S 46.915619 39.529369 105.120560 1.800000 0.000000 0.000000
45000 24 T 45.813099 36.323929 103.868523 1.530000 0.000000 0.000000
45000 25 P 44.891933 37.445637 107.731140 2.110000 -1.000000 0.000000
45000 26 S 44.746769 39.559860 111.056236 1.800000 0.000000 0.000000
45000 27 T 42.279026 41.678734 109.880798 1.530000 0.000000 0.000000
45000 28 P 41.981003 38.120708 113.407158 2.110000 -1.000000 0.000000
45000 29 S 39.241989 40.857506 114.094017 1.800000 0.000000 0.000000
45000 30 A 38.250572 41.469414 110.600922 1.530000 0.000000 0.000000
45000 31 P 36.462330 39.359421 116.372215 2.110000 -1.000000 0.000000
45000 32 S 34.329056 40.829273 113.333221 1.800000 0.000000 0.000000
45000 33 T 34.352814 39.468491 109.999207 1.530000 0.000000 0.000000
45000 34 P 30.606079 39.847713 113.468918 2.110000 -1.000000 0.000000
45000 35 S 29.244972 39.126831 109.700012 1.800000 0.000000 0.000000
45000 36 A 30.914886 35.706909 109.766495 1.530000 0.000000 0.000000
45000 37 P 25.903957 37.661663 111.154869 2.110000 -1.000000 0.000000
45000 38 S 25.169413 33.956821 109.593887 1.800000 0.000000 0.000000
45000 39 G 27.076773 31.176674 110.236259 1.530000 0.000000 0.000000
45000 40 P 22.585846 31.457293 111.414238 2.110000 -1.000000 0.000000
45000 41 S 23.555481 27.734804 111.736732 1.800000 0.000000 0.000000
45000 42 G 25.994217 27.432163 114.709076 1.530000 0.000000 0.000000
45000 43 P 20.600580 25.559916 113.307373 2.110000 -1.000000 0.000000
45000 44 S 21.635633 22.606920 115.767509 1.800000 0.000000 0.000000
45000 45 A 22.835817 24.350489 118.537628 1.530000 0.000000 0.000000
45000 46 P 20.121374 19.982752 118.210159 2.110000 -1.000000 0.000000
45000 47 S 22.754406 19.853792 121.076492 1.800000 0.000000 0.000000
45000 48 T 21.008007 22.571873 122.690758 1.530000 0.000000 0.000000
45000 49 P 22.231443 17.989697 124.574097 2.110000 -1.000000 0.000000
50000 1 P 29.586716 18.847076 130.120880 2.110000 -1.000000 0.000000
50000 2 S 31.038334 17.012968 127.056465 1.800000 0.000000 0.000000
50000 3 A 31.959148 13.738948 127.898041 1.530000 0.000000 0.000000
50000 4 P 34.827145 18.199390 125.796768 2.110000 -1.000000 0.000000
50000 5 S 33.730789 17.497070 122.051346 1.800000 0.000000 0.000000
50000 6 T 31.822716 18.922535 119.473495 1.530000 0.000000 0.000000
50000 7 P 36.841713 19.489939 120.223587 2.110000 -1.000000 0.000000
50000 8 S 35.939045 21.107185 116.747375 1.800000 0.000000 0.000000
50000 9 C 34.400898 22.621523 119.629280 1.530000 0.000000 0.000000
50000 10 P 38.652271 23.417776 115.117950 2.110000 -1.000000 0.000000
50000 11 S 40.216614 22.624683 111.523178 1.800000 0.000000 0.000000
50000 12 C 37.210854 22.984858 109.856659 1.530000 0.000000 0.000000
50000 13 P 42.549545 25.041035 109.207031 2.110000 -1.000000 0.000000
50000 14 S 39.513515 25.005228 106.716728 1.800000 0.000000 0.000000
50000 15 T 36.758453 26.965967 107.564529 1.530000 0.000000 0.000000
50000 16 P 41.350597 27.677958 104.396912 2.110000 -1.000000 0.000000
50000 17 S 39.534737 30.158863 102.267647 1.800000 0.000000 0.000000
50000 18 A 37.865707 32.182903 105.045639 1.530000 0.000000 0.000000
50000 19 P 42.975616 31.770845 101.333969 2.110000 -1.000000 0.000000
50000 20 S 44.136635 35.249222 102.567345 1.800000 0.000000 0.000000
50000 21 G 44.379829 34.330425 106.017136 1.530000 0.000000 0.000000
50000 22 P 47.874622 36.639076 102.159569 2.110000 -1.000000 0.000000
50000 23 S 49.441917 39.018513 104.977966 1.800000 0.000000 0.000000
50000 24 T 51.153725 37.927135 107.880257 1.530000 0.000000 0.000000
50000 25 P 47.805157 36.376610 107.396111 2.110000 -1.000000 0.000000
50000 26 S 45.479725 37.451794 110.387054 1.800000 0.000000 0.000000
50000 27 T 42.634705 38.364723 108.225899 1.530000 0.000000 0.000000
50000 28 P 43.118908 35.882488 113.009270 2.110000 -1.000000 0.000000
50000 29 S 39.902367 38.177452 113.384262 1.800000 0.000000 0.000000
50000 30 A 38.605026 36.895527 110.340218 1.530000 0.000000 0.000000
50000 31 P 36.630924 37.478466 115.414566 2.110000 -1.000000 0.000000
50000 32 S 32.931877 38.622581 114.362938 1.800000 0.000000 0.000000
50000 33 T 31.892733 37.313396 111.169106 1.530000 0.000000 0.000000
50000 34 P 30.444267 36.361404 116.574112 2.110000 -1.000000 0.000000
50000 35 S 28.881931 35.837849 112.977165 1.800000 0.000000 0.000000
50000 36 A 31.647255 33.200207 112.724358 1.530000 0.000000 0.000000
50000 37 P 26.071590 33.487602 111.840691 2.110000 -1.000000 0.000000
50000 38 S 28.347961 31.235214 109.613045 1.800000 0.000000 0.000000
50000 39 G 30.761433 28.986658 111.323334 1.530000 0.000000 0.000000
50000 40 P 26.930080 27.980688 108.174553 2.110000 -1.000000 0.000000
50000 41 S 28.540447 24.381275 108.009377 1.800000 0.000000 0.000000
50000 42 G 28.392242 24.130651 111.372810 1.530000 0.000000 0.000000
50000 43 P 26.634521 21.249647 106.551132 2.110000 -1.000000 0.000000
50000 44 S 28.214645 19.256121 109.466721 1.800000 0.000000 0.000000
50000 45 A 27.971474 19.213327 112.952705 1.530000 0.000000 0.000000
50000 46 P 27.837152 15.430606 109.736824 2.110000 -1.000000 0.000000
50000 47 S 23.982994 15.499629 108.933495 1.800000 0.000000 0.000000
50000 48 T 25.156881 15.891557 105.612373 1.530000 0.000000 0.000000
50000 49 P 21.550793 12.826295 107.506401 2.110000 -1.000000 0.000000
