35000 1 P 42.189877 -11.199362 96.779121 2.110000 -1.000000 0.000000
35000 2 S 44.558899 -8.516045 98.388199 1.800000 0.000000 0.000000
35000 3 A 46.759052 -8.596460 101.208855 1.530000 0.000000 0.000000
35000 4 P 43.736290 -4.587969 98.273941 2.110000 -1.000000 0.000000
35000 5 S 46.146881 -2.026464 96.449326 1.800000 0.000000 0.000000
35000 6 T 46.303761 -3.302700 93.085159 1.530000 0.000000 0.000000
35000 7 P 44.609901 1.515060 96.097839 2.110000 -1.000000 0.000000
35000 8 S 45.988548 2.792218 92.495026 1.800000 0.000000 0.000000
35000 9 C 44.304714 0.412810 90.757744 1.530000 0.000000 0.000000
35000 10 P 46.186043 5.161613 89.260139 2.110000 -1.000000 0.000000
35000 11 S 46.763809 3.346619 85.691101 1.800000 0.000000 0.000000
35000 12 C 43.888313 1.529092 84.460564 1.530000 0.000000 0.000000
35000 13 P 46.866531 6.128639 82.547592 2.110000 -1.000000 0.000000
35000 14 S 44.245270 5.725193 79.551392 1.800000 0.000000 0.000000
35000 15 T 40.924133 6.125320 80.892670 1.530000 0.000000 0.000000
35000 16 P 43.409805 8.345647 76.568825 2.110000 -1.000000 0.000000
35000 17 S 39.480762 8.229353 76.131516 1.800000 0.000000 0.000000
35000 18 A 38.054733 9.507054 79.112053 1.530000 0.000000 0.000000
35000 19 P 36.824459 10.269029 73.866280 2.110000 -1.000000 0.000000
35000 20 S 33.200413 11.834741 74.299332 1.800000 0.000000 0.000000
35000 21 G 34.700085 13.619982 76.707024 1.530000 0.000000 0.000000
35000 22 P 31.862762 14.199577 71.592560 2.110000 -1.000000 0.000000
35000 23 S 30.329485 17.494848 73.038330 1.800000 0.000000 0.000000
35000 24 T 33.756382 16.945904 73.314026 1.530000 0.000000 0.000000
35000 25 P 31.815506 20.280706 75.360504 2.110000 -1.000000 0.000000
35000 26 S 29.814026 22.646280 77.535278 1.800000 0.000000 0.000000
35000 27 T 28.360289 20.412712 79.762993 1.530000 0.000000 0.000000
35000 28 P 32.308620 23.978645 80.511490 2.110000 -1.000000 0.000000
35000 29 S 34.973244 20.975824 80.855316 1.800000 0.000000 0.000000
35000 30 A 37.170589 21.469110 77.989250 1.530000 0.000000 0.000000
35000 31 P 38.252804 20.695326 83.063507 2.110000 -1.000000 0.000000
35000 32 S 35.197952 18.955454 85.134270 1.800000 0.000000 0.000000
35000 33 T 33.673225 16.342609 83.267174 1.530000 0.000000 0.000000
35000 34 P 35.844398 16.206446 88.111816 2.110000 -1.000000 0.000000
35000 35 S 33.169563 13.609831 86.471664 1.800000 0.000000 0.000000
35000 36 A 35.568676 12.490648 83.974823 1.530000 0.000000 0.000000
35000 37 P 33.177010 9.876505 87.861877 2.110000 -1.000000 0.000000
35000 38 S 32.837795 7.727966 84.609528 1.800000 0.000000 0.000000
35000 39 G 35.527649 7.829333 82.313950 1.530000 0.000000 0.000000
35000 40 P 33.131775 3.714510 84.805641 2.110000 -1.000000 0.000000
35000 41 S 35.052906 0.695966 83.283531 1.800000 0.000000 0.000000
35000 42 G 38.239819 1.470197 84.846016 1.530000 0.000000 0.000000
35000 43 P 34.544132 -2.669250 85.396149 2.110000 -1.000000 0.000000
35000 44 S 38.017296 -2.427595 87.291031 1.800000 0.000000 0.000000
35000 45 A 37.139400 0.444410 88.990921 1.530000 0.000000 0.000000
35000 46 P 38.924122 -4.178847 90.634842 2.110000 -1.000000 0.000000
35000 47 S 39.975880 -1.351713 93.232521 1.800000 0.000000 0.000000
35000 48 T 36.744392 0.191057 93.773865 1.530000 0.000000 0.000000
35000 49 P 40.277893 -2.501120 97.120789 2.110000 -1.000000 0.000000
40000 1 P 35.778069 -7.893247 86.166008 2.110000 -1.000000 0.000000
40000 2 S 39.132645 -6.059010 87.225952 1.800000 0.000000 0.000000
40000 3 A 39.697952 -6.577395 90.735054 1.530000 0.000000 0.000000
40000 4 P 39.447697 -2.077289 86.967628 2.110000 -1.000000 0.000000
40000 5 S 42.884430 -0.205292 86.125710 1.800000 0.000000 0.000000
40000 6 T 43.169437 -1.538595 82.615295 1.530000 0.000000 0.000000
40000 7 P 43.228722 3.741202 85.859306 2.110000 -1.000000 0.000000
40000 8 S 45.707153 3.537360 82.622940 1.800000 0.000000 0.000000
40000 9 C 44.911449 2.499909 79.420746 1.530000 0.000000 0.000000
40000 10 P 46.383144 7.045766 80.970184 2.110000 -1.000000 0.000000
40000 11 S 45.929077 6.270713 77.083733 1.800000 0.000000 0.000000
40000 12 C 42.913612 5.210587 75.746284 1.530000 0.000000 0.000000
40000 13 P 45.514801 9.511471 74.673927 2.110000 -1.000000 0.000000
40000 14 S 43.280449 7.459652 72.149246 1.800000 0.000000 0.000000
40000 15 T 39.962368 7.406950 74.130592 1.530000 0.000000 0.000000
40000 16 P 41.939308 10.509507 70.154961 2.110000 -1.000000 0.000000
40000 17 S 38.208145 9.822171 69.377968 1.800000 0.000000 0.000000
40000 18 A 36.467136 10.034705 72.389740 1.530000 0.000000 0.000000
40000 19 P 35.959255 12.736998 67.885529 2.110000 -1.000000 0.000000
40000 20 S 32.353500 13.966237 69.021858 1.800000 0.000000 0.000000
40000 21 G 32.552902 15.086024 72.385689 1.530000 0.000000 0.000000
40000 22 P 33.016720 17.372387 66.952408 2.110000 -1.000000 0.000000
40000 23 S 32.000618 20.623745 69.072250 1.800000 0.000000 0.000000
40000 24 T 34.666851 18.332397 69.763565 1.530000 0.000000 0.000000
40000 25 P 33.414989 22.752422 72.129738 2.110000 -1.000000 0.000000
40000 26 S 30.519550 25.250149 72.902695 1.800000 0.000000 0.000000
40000 27 T 28.710690 23.233082 74.923882 1.530000 0.000000 0.000000
40000 28 P 30.398359 27.191229 76.261826 2.110000 -1.000000 0.000000
40000 29 S 33.114273 24.237085 76.073158 1.800000 0.000000 0.000000
40000 30 A 35.077812 25.982702 73.716660 1.530000 0.000000 0.000000
40000 31 P 36.187813 22.727112 78.157120 2.110000 -1.000000 0.000000
40000 32 S 34.578400 19.958858 80.470947 1.800000 0.000000 0.000000
40000 33 T 33.797894 18.013710 77.413292 1.530000 0.000000 0.000000
40000 34 P 35.133919 16.634766 82.409576 2.110000 -1.000000 0.000000
40000 35 S 32.341145 14.405547 80.954407 1.800000 0.000000 0.000000
40000 36 A 33.077984 13.329608 77.741089 1.530000 0.000000 0.000000
40000 37 P 32.606186 10.569919 81.686523 2.110000 -1.000000 0.000000
40000 38 S 32.227325 9.454503 77.854675 1.800000 0.000000 0.000000
40000 39 G 35.597111 10.094665 77.640633 1.530000 0.000000 0.000000
40000 40 P 32.170235 6.154530 75.884926 2.110000 -1.000000 0.000000
40000 41 S 34.048687 4.123936 73.101967 1.800000 0.000000 0.000000
40000 42 G 37.036495 3.763876 74.923653 1.530000 0.000000 0.000000
40000 43 P 33.865463 0.426823 71.658447 2.110000 -1.000000 0.000000
40000 44 S 37.742870 0.796529 71.591812 1.800000 0.000000 0.000000
40000 45 A 39.960880 0.866090 74.344078 1.530000 0.000000 0.000000
40000 46 P 39.334576 -2.363129 69.964287 2.110000 -1.000000 0.000000
40000 47 S 43.168163 -3.170421 70.560143 1.800000 0.000000 0.000000
40000 48 T 42.041725 -3.878669 73.875786 1.530000 0.000000 0.000000
40000 49 P 45.332546 -6.496624 70.213661 2.110000 -1.000000 0.000000
45000 1 P 22.463682 10.131795 103.350693 2.110000 -1.000000 0.000000
45000 2 S 26.244659 9.672935 104.487717 1.800000 0.000000 0.000000
45000 3 A 25.510347 10.761028 107.819725 1.530000 0.000000 0.000000
45000 4 P 29.633688 11.692415 103.732590 2.110000 -1.000000 0.000000
45000 5 S 32.703724 9.550316 104.453827 1.800000 0.000000 0.000000
45000 6 T 33.826836 7.112267 102.193367 1.530000 0.000000 0.000000
45000 7 P 34.617573 12.656923 102.994217 2.110000 -1.000000 0.000000
45000 8 S 37.329697 10.613431 100.835548 1.800000 0.000000 0.000000
45000 9 C 37.968929 8.447292 98.018440 1.530000 0.000000 0.000000
45000 10 P 38.766045 13.110355 98.013176 2.110000 -1.000000 0.000000
45000 11 S 39.602463 11.580701 94.598892 1.800000 0.000000 0.000000
45000 12 C 36.252232 11.582753 93.668549 1.530000 0.000000 0.000000
45000 13 P 40.553196 13.283465 91.099251 2.110000 -1.000000 0.000000
45000 14 S 38.080448 11.957790 88.306366 1.800000 0.000000 0.000000
45000 15 T 34.813431 12.923634 89.133064 1.530000 0.000000 0.000000
45000 16 P 37.709316 13.930224 84.721237 2.110000 -1.000000 0.000000
45000 17 S 34.010952 13.649141 83.399826 1.800000 0.000000 0.000000
45000 18 A 31.513176 15.133676 85.622238 1.530000 0.000000 0.000000
45000 19 P 31.976551 15.054504 80.160896 2.110000 -1.000000 0.000000
45000 20 S 28.046310 15.475711 80.642632 1.800000 0.000000 0.000000
45000 21 G 27.976332 18.236235 83.187988 1.530000 0.000000 0.000000
45000 22 P 26.655556 17.990046 77.847588 2.110000 -1.000000 0.000000
45000 23 S 24.440952 20.994730 79.265106 1.800000 0.000000 0.000000
45000 24 T 27.827505 21.010262 79.987442 1.530000 0.000000 0.000000
45000 25 P 24.922686 23.760403 81.945518 2.110000 -1.000000 0.000000
45000 26 S 21.412777 24.260897 83.264557 1.800000 0.000000 0.000000
45000 27 T 20.055012 21.112902 84.392525 1.530000 0.000000 0.000000
45000 28 P 20.754242 26.472261 86.536903 2.110000 -1.000000 0.000000
45000 29 S 23.967924 24.487944 87.322784 1.800000 0.000000 0.000000
45000 30 A 25.783178 26.142555 84.663940 1.530000 0.000000 0.000000
45000 31 P 26.543638 24.910894 90.402542 2.110000 -1.000000 0.000000
45000 32 S 24.262398 21.819729 91.371017 1.800000 0.000000 0.000000
45000 33 T 24.942122 18.776083 89.740356 1.530000 0.000000 0.000000
45000 34 P 25.010555 19.220638 94.177643 2.110000 -1.000000 0.000000
45000 35 S 24.331486 15.471881 93.072647 1.800000 0.000000 0.000000
45000 36 A 27.201275 15.071746 90.938210 1.530000 0.000000 0.000000
45000 37 P 24.717741 11.778453 94.221375 2.110000 -1.000000 0.000000
45000 38 S 25.837345 10.571189 90.577911 1.800000 0.000000 0.000000
45000 39 G 28.830658 10.915041 89.000481 1.530000 0.000000 0.000000
45000 40 P 26.488987 6.747839 91.705658 2.110000 -1.000000 0.000000
45000 41 S 29.044828 6.012679 88.809067 1.800000 0.000000 0.000000
45000 42 G 31.699596 7.772190 90.372528 1.530000 0.000000 0.000000
45000 43 P 30.120331 2.503726 90.048744 2.110000 -1.000000 0.000000
45000 44 S 34.041977 1.846529 90.350784 1.800000 0.000000 0.000000
45000 45 A 35.231258 3.673288 93.170311 1.530000 0.000000 0.000000
45000 46 P 35.236210 -1.655836 91.545189 2.110000 -1.000000 0.000000
45000 47 S 37.938251 -2.062696 94.272675 1.800000 0.000000 0.000000
45000 48 T 35.526543 -1.279823 96.793549 1.530000 0.000000 0.000000
45000 49 P 38.315338 -5.600180 95.876335 2.110000 -1.000000 0.000000
50000 1 P 16.409836 12.343529 105.250099 2.110000 -1.000000 0.000000
50000 2 S 19.888187 12.570053 107.171616 1.800000 0.000000 0.000000
50000 3 A 20.240850 14.623607 110.143074 1.530000 0.000000 0.000000
50000 4 P 21.870531 15.674006 105.983238 2.110000 -1.000000 0.000000
50000 5 S 25.696880 14.908023 106.321884 1.800000 0.000000 0.000000
50000 6 T 26.693411 12.072783 104.139160 1.530000 0.000000 0.000000
50000 7 P 27.733976 17.389040 104.359428 2.110000 -1.000000 0.000000
50000 8 S 30.890572 16.101412 102.511574 1.800000 0.000000 0.000000
50000 9 C 30.638235 13.813634 99.637085 1.530000 0.000000 0.000000
50000 10 P 32.098770 19.099194 99.958580 2.110000 -1.000000 0.000000
50000 11 S 34.150749 17.183079 97.256470 1.800000 0.000000 0.000000
50000 12 C 32.003765 15.380492 95.119675 1.530000 0.000000 0.000000
50000 13 P 35.311554 18.756641 93.920616 2.110000 -1.000000 0.000000
50000 14 S 34.642601 16.593184 90.703964 1.800000 0.000000 0.000000
50000 15 T 31.873272 15.202783 89.130081 1.530000 0.000000 0.000000
50000 16 P 35.288765 18.112534 87.026276 2.110000 -1.000000 0.000000
50000 17 S 32.704323 16.752041 84.166473 1.800000 0.000000 0.000000
50000 18 A 29.443295 18.096457 84.828018 1.530000 0.000000 0.000000
50000 19 P 32.816280 19.109142 80.839760 2.110000 -1.000000 0.000000
50000 20 S 30.194700 21.906109 79.716682 1.800000 0.000000 0.000000
50000 21 G 30.806419 25.039518 81.915779 1.530000 0.000000 0.000000
50000 22 P 30.632433 24.625093 76.901497 2.110000 -1.000000 0.000000
50000 23 S 28.734646 27.888145 78.185005 1.800000 0.000000 0.000000
50000 24 T 29.564840 29.709558 75.182648 1.530000 0.000000 0.000000
50000 25 P 30.717123 29.617352 81.319695 2.110000 -1.000000 0.000000
50000 26 S 26.911392 30.862406 82.053139 1.800000 0.000000 0.000000
50000 27 T 25.017164 28.188845 83.007195 1.530000 0.000000 0.000000
50000 28 P 26.537270 31.604109 85.898384 2.110000 -1.000000 0.000000
50000 29 S 27.974913 28.563726 87.943848 1.800000 0.000000 0.000000
50000 30 A 31.638771 29.005329 86.792946 1.530000 0.000000 0.000000
50000 31 P 28.576817 28.202358 91.798073 2.110000 -1.000000 0.000000
50000 32 S 24.825909 26.780338 92.242401 1.800000 0.000000 0.000000
50000 33 T 24.250025 23.856153 90.438423 1.530000 0.000000 0.000000
50000 34 P 22.788082 24.750433 95.247177 2.110000 -1.000000 0.000000
50000 35 S 21.031206 21.488838 93.970924 1.800000 0.000000 0.000000
50000 36 A 24.059832 19.445601 93.673630 1.530000 0.000000 0.000000
50000 37 P 19.477585 18.508518 96.055077 2.110000 -1.000000 0.000000
50000 38 S 20.635681 15.496688 93.918198 1.800000 0.000000 0.000000
50000 39 G 23.826431 13.726718 93.168747 1.530000 0.000000 0.000000
50000 40 P 19.455618 11.709604 94.669792 2.110000 -1.000000 0.000000
50000 41 S 22.549992 9.628195 93.187836 1.800000 0.000000 0.000000
50000 42 G 25.625917 9.862773 94.957375 1.530000 0.000000 0.000000
50000 43 P 22.142000 6.167995 94.508850 2.110000 -1.000000 0.000000
50000 44 S 25.737478 4.585173 94.899498 1.800000 0.000000 0.000000
50000 45 A 26.885126 6.525344 97.424911 1.530000 0.000000 0.000000
50000 46 P 27.404457 1.574638 96.953049 2.110000 -1.000000 0.000000
50000 47 S 30.498060 3.666897 98.101242 1.800000 0.000000 0.000000
50000 48 T 29.298830 5.805881 100.693794 1.530000 0.000000 0.000000
50000 49 P 32.756512 2.010745 101.143501 2.110000 -1.000000 0.000000
