35000 1 P 5.793612 10.255848 79.533783 2.110000 -1.000000 0.000000
35000 2 S 9.504179 9.494565 78.684639 1.800000 0.000000 0.000000
35000 3 A 10.878549 9.987396 82.051331 1.530000 0.000000 0.000000
35000 4 P 9.193087 13.069122 77.144104 2.110000 -1.000000 0.000000
35000 5 S 11.936107 14.093086 74.588928 1.800000 0.000000 0.000000
35000 6 T 12.047219 13.078132 71.164627 1.530000 0.000000 0.000000
35000 7 P 11.975296 17.497015 72.668388 2.110000 -1.000000 0.000000
35000 8 S 13.318858 16.534241 68.901634 1.800000 0.000000 0.000000
35000 9 C 10.491121 14.519588 67.997383 1.530000 0.000000 0.000000
35000 10 P 13.245459 19.660412 66.518356 2.110000 -1.000000 0.000000
35000 11 S 11.798714 20.281944 62.896290 1.800000 0.000000 0.000000
35000 12 C 8.404943 20.614412 62.683804 1.530000 0.000000 0.000000
35000 13 P 10.872668 23.686047 60.988510 2.110000 -1.000000 0.000000
35000 14 S 7.952849 25.123085 58.547874 1.800000 0.000000 0.000000
35000 15 T 5.378314 25.207726 60.684811 1.530000 0.000000 0.000000
35000 16 P 7.510531 28.959019 57.587402 2.110000 -1.000000 0.000000
35000 17 S 3.731000 29.815308 58.075081 1.800000 0.000000 0.000000
35000 18 A 3.614080 28.840048 61.536087 1.530000 0.000000 0.000000
35000 19 P 3.646947 33.934467 57.960716 2.110000 -1.000000 0.000000
35000 20 S 1.842963 34.490219 61.476318 1.800000 0.000000 0.000000
35000 21 G 4.599399 33.057163 63.070419 1.530000 0.000000 0.000000
35000 22 P 0.952774 37.840420 63.322262 2.110000 -1.000000 0.000000
35000 23 S 2.500565 37.843563 66.985054 1.800000 0.000000 0.000000
35000 24 T 5.849406 37.602791 66.186951 1.530000 0.000000 0.000000
35000 25 P 2.275764 41.068779 69.279022 2.110000 -1.000000 0.000000
35000 26 S 0.116750 37.991016 70.575996 1.800000 0.000000 0.000000
35000 27 T 3.361499 35.978867 70.850891 1.530000 0.000000 0.000000
35000 28 P -1.478294 36.577469 73.852905 2.110000 -1.000000 0.000000
35000 29 S -0.223520 32.793617 73.324295 1.800000 0.000000 0.000000
35000 30 A 2.775733 33.306255 74.873756 1.530000 0.000000 0.000000
35000 31 P -0.523297 30.011854 76.226593 2.110000 -1.000000 0.000000
35000 32 S -2.720934 29.373014 72.814789 1.800000 0.000000 0.000000
35000 33 T -0.810769 28.253687 69.880409 1.530000 0.000000 0.000000
35000 34 P -4.486305 25.865883 71.852669 2.110000 -1.000000 0.000000
35000 35 S -4.803887 24.526363 68.093056 1.800000 0.000000 0.000000
35000 36 A -1.455506 23.596872 67.160088 1.530000 0.000000 0.000000
35000 37 P -6.168592 20.964100 67.619186 2.110000 -1.000000 0.000000
35000 38 S -3.796693 19.431501 64.772659 1.800000 0.000000 0.000000
35000 39 G -0.460473 18.813242 65.570854 1.530000 0.000000 0.000000
35000 40 P -4.952035 15.639581 64.300255 2.110000 -1.000000 0.000000
35000 41 S -1.847332 14.050959 62.600880 1.800000 0.000000 0.000000
35000 42 G 0.251123 14.129374 65.448486 1.530000 0.000000 0.000000
35000 43 P -1.232571 10.245463 61.902004 2.110000 -1.000000 0.000000
35000 44 S 2.644827 9.949240 63.010998 1.800000 0.000000 0.000000
35000 45 A 2.235717 9.857138 66.483498 1.530000 0.000000 0.000000
35000 46 P 3.346450 6.171127 62.969227 2.110000 -1.000000 0.000000
35000 47 S 4.747321 5.150327 66.443756 1.800000 0.000000 0.000000
35000 48 T 3.021118 4.982457 69.770836 1.530000 0.000000 0.000000
35000 49 P 4.328260 1.381608 65.737457 2.110000 -1.000000 0.000000
40000 1 P -9.485916 24.699444 80.560349 2.110000 -1.000000 0.000000
40000 2 S -5.755322 23.524895 80.588547 1.800000 0.000000 0.000000
40000 3 A -4.018508 22.733850 83.511559 1.530000 0.000000 0.000000
40000 4 P -2.859263 25.977064 79.150902 2.110000 -1.000000 0.000000
40000 5 S -0.509035 23.815886 76.802559 1.800000 0.000000 0.000000
40000 6 T -1.385389 22.268505 73.863403 1.530000 0.000000 0.000000
40000 7 P 1.817002 26.520878 75.050102 2.110000 -1.000000 0.000000
40000 8 S 2.480335 25.396263 71.449028 1.800000 0.000000 0.000000
40000 9 C -0.590831 25.419010 69.422836 1.530000 0.000000 0.000000
40000 10 P 3.930423 27.952623 68.852829 2.110000 -1.000000 0.000000
40000 11 S 1.730204 26.788069 65.600822 1.800000 0.000000 0.000000
40000 12 C -1.729378 27.425154 65.980919 1.530000 0.000000 0.000000
40000 13 P 1.340587 28.077477 61.799152 2.110000 -1.000000 0.000000
40000 14 S -2.019441 27.418526 59.897408 1.800000 0.000000 0.000000
40000 15 T -4.677767 29.162052 60.909637 1.530000 0.000000 0.000000
40000 16 P -1.442028 29.878874 57.042645 2.110000 -1.000000 0.000000
40000 17 S -4.809494 31.774395 56.050255 1.800000 0.000000 0.000000
40000 18 A -4.101901 32.992771 59.250072 1.530000 0.000000 0.000000
40000 19 P -5.648280 35.114853 53.987499 2.110000 -1.000000 0.000000
40000 20 S -6.490575 36.487041 57.629765 1.800000 0.000000 0.000000
40000 21 G -3.306460 36.963829 59.284782 1.530000 0.000000 0.000000
40000 22 P -7.600887 39.915878 58.788082 2.110000 -1.000000 0.000000
40000 23 S -5.967923 41.882030 61.908363 1.800000 0.000000 0.000000
40000 24 T -3.485336 41.372784 59.802162 1.530000 0.000000 0.000000
40000 25 P -6.577559 45.933437 62.187870 2.110000 -1.000000 0.000000
40000 26 S -8.603618 43.363888 64.539215 1.800000 0.000000 0.000000
40000 27 T -5.393419 42.403416 65.779602 1.530000 0.000000 0.000000
40000 28 P -10.282835 43.844280 68.055183 2.110000 -1.000000 0.000000
40000 29 S -7.833596 40.752258 68.301788 1.800000 0.000000 0.000000
40000 30 A -5.280458 42.966576 69.554260 1.530000 0.000000 0.000000
40000 31 P -6.639582 38.942196 71.710091 2.110000 -1.000000 0.000000
40000 32 S -9.946754 37.407372 70.531647 1.800000 0.000000 0.000000
40000 33 T -8.953179 36.021484 67.390640 1.530000 0.000000 0.000000
40000 34 P -11.795233 34.112255 72.019829 2.110000 -1.000000 0.000000
40000 35 S -12.923316 31.858519 68.922928 1.800000 0.000000 0.000000
40000 36 A -9.990911 30.257622 67.504066 1.530000 0.000000 0.000000
40000 37 P -13.713821 28.059666 69.343056 2.110000 -1.000000 0.000000
40000 38 S -12.548025 26.320225 65.938423 1.800000 0.000000 0.000000
40000 39 G -8.875905 26.376600 65.766808 1.530000 0.000000 0.000000
40000 40 P -12.656717 22.458590 66.450790 2.110000 -1.000000 0.000000
40000 41 S -9.397096 20.474419 65.322594 1.800000 0.000000 0.000000
40000 42 G -6.576621 21.359079 67.149002 1.530000 0.000000 0.000000
40000 43 P -10.774953 17.065872 67.104019 2.110000 -1.000000 0.000000
40000 44 S -8.411235 14.539220 69.095200 1.800000 0.000000 0.000000
40000 45 A -7.134110 15.878325 71.939125 1.530000 0.000000 0.000000
40000 46 P -10.694614 12.574462 71.549599 2.110000 -1.000000 0.000000
40000 47 S -9.151344 12.298404 75.151375 1.800000 0.000000 0.000000
40000 48 T -9.869154 15.696311 75.463837 1.530000 0.000000 0.000000
40000 49 P -12.607857 11.412016 77.079582 2.110000 -1.000000 0.000000
45000 1 P -20.393608 25.012611 57.535820 2.110000 -1.000000 0.000000
45000 2 S -17.784790 23.273790 59.984051 1.800000 0.000000 0.000000
45000 3 A -18.669930 24.800734 63.032730 1.530000 0.000000 0.000000
45000 4 P -14.174703 24.634205 60.200809 2.110000 -1.000000 0.000000
45000 5 S -10.847283 22.638491 61.280445 1.800000 0.000000 0.000000
45000 6 T -10.509135 20.436941 58.669136 1.530000 0.000000 0.000000
45000 7 P -7.405638 24.534662 60.320316 2.110000 -1.000000 0.000000
45000 8 S -5.058286 22.654625 57.843483 1.800000 0.000000 0.000000
45000 9 C -7.513098 23.077267 55.268295 1.530000 0.000000 0.000000
45000 10 P -2.818194 25.635578 56.330696 2.110000 -1.000000 0.000000
45000 11 S -1.750638 25.401297 52.528599 1.800000 0.000000 0.000000
45000 12 C -3.884194 26.658674 49.885956 1.530000 0.000000 0.000000
45000 13 P 0.025509 28.776020 51.740345 2.110000 -1.000000 0.000000
45000 14 S -0.062244 29.872187 47.839558 1.800000 0.000000 0.000000
45000 15 T -3.633197 30.365974 48.417927 1.530000 0.000000 0.000000
45000 16 P 1.029751 33.683029 47.118176 2.110000 -1.000000 0.000000
45000 17 S -1.980811 35.577656 45.525139 1.800000 0.000000 0.000000
45000 18 A -3.596696 34.848618 48.495228 1.530000 0.000000 0.000000
45000 19 P -4.214124 38.507122 44.022823 2.110000 -1.000000 0.000000
45000 20 S -7.506861 39.089268 46.014179 1.800000 0.000000 0.000000
45000 21 G -6.860631 40.368034 49.125134 1.530000 0.000000 0.000000
45000 22 P -9.357128 42.186974 44.386456 2.110000 -1.000000 0.000000
45000 23 S -10.685626 43.027836 48.033287 1.800000 0.000000 0.000000
45000 24 T -7.233356 44.340561 48.811985 1.530000 0.000000 0.000000
45000 25 P -12.597535 45.999931 49.811466 2.110000 -1.000000 0.000000
45000 26 S -13.568425 42.306744 49.759743 1.800000 0.000000 0.000000
45000 27 T -11.330960 40.228542 51.416977 1.530000 0.000000 0.000000
45000 28 P -16.117296 39.602242 51.142860 2.110000 -1.000000 0.000000
45000 29 S -13.733582 36.627144 52.230968 1.800000 0.000000 0.000000
45000 30 A -12.311299 38.213417 55.226700 1.530000 0.000000 0.000000
45000 31 P -14.507043 33.895718 54.827938 2.110000 -1.000000 0.000000
45000 32 S -15.278868 32.598248 51.235668 1.800000 0.000000 0.000000
45000 33 T -12.239196 31.914932 49.476643 1.530000 0.000000 0.000000
45000 34 P -16.720953 29.160812 49.705559 2.110000 -1.000000 0.000000
45000 35 S -15.279539 27.564783 46.371166 1.800000 0.000000 0.000000
45000 36 A -11.860625 26.561266 46.409664 1.530000 0.000000 0.000000
45000 37 P -16.836529 23.797163 47.045082 2.110000 -1.000000 0.000000
45000 38 S -14.479658 21.934961 44.443043 1.800000 0.000000 0.000000
45000 39 G -11.501921 21.578737 46.542282 1.530000 0.000000 0.000000
45000 40 P -14.855070 18.006006 44.813503 2.110000 -1.000000 0.000000
45000 41 S -11.435962 16.376547 45.825916 1.800000 0.000000 0.000000
45000 42 G -11.146145 17.456869 49.146442 1.530000 0.000000 0.000000
45000 43 P -11.891870 12.656736 46.744987 2.110000 -1.000000 0.000000
45000 44 S -9.284242 11.372603 49.540699 1.800000 0.000000 0.000000
45000 45 A -10.172101 12.827558 52.641945 1.530000 0.000000 0.000000
45000 46 P -9.574097 8.014584 51.498631 2.110000 -1.000000 0.000000
45000 47 S -9.052958 9.356585 55.134491 1.800000 0.000000 0.000000
45000 48 T -11.465023 11.669157 56.485767 1.530000 0.000000 0.000000
45000 49 P -10.547296 7.153109 58.015705 2.110000 -1.000000 0.000000
50000 1 P -19.441113 19.288176 64.819771 2.110000 -1.000000 0.000000
50000 2 S -16.238609 17.135143 63.427811 1.800000 0.000000 0.000000
50000 3 A -15.911570 14.156466 65.119781 1.530000 0.000000 0.000000
50000 4 P -13.803254 19.722425 65.270531 2.110000 -1.000000 0.000000
50000 5 S -10.266316 19.046213 63.653793 1.800000 0.000000 0.000000
50000 6 T -10.588118 19.948870 60.167175 1.530000 0.000000 0.000000
50000 7 P -7.635397 22.013491 64.160156 2.110000 -1.000000 0.000000
50000 8 S -6.403811 21.912769 60.286556 1.800000 0.000000 0.000000
50000 9 C -8.834106 23.275290 57.909954 1.530000 0.000000 0.000000
50000 10 P -3.998564 24.630983 58.513245 2.110000 -1.000000 0.000000
50000 11 S -5.539495 24.946384 54.943485 1.800000 0.000000 0.000000
50000 12 C -8.526502 26.857645 55.555065 1.530000 0.000000 0.000000
50000 13 P -4.518036 27.336506 52.055740 2.110000 -1.000000 0.000000
50000 14 S -7.679028 28.611631 49.893593 1.800000 0.000000 0.000000
50000 15 T -10.215509 30.757008 51.493843 1.530000 0.000000 0.000000
50000 16 P -7.328361 31.377237 47.025650 2.110000 -1.000000 0.000000
50000 17 S -10.550007 33.409775 46.803673 1.800000 0.000000 0.000000
50000 18 A -10.493866 35.219536 49.841087 1.530000 0.000000 0.000000
50000 19 P -11.857336 36.459763 44.707565 2.110000 -1.000000 0.000000
50000 20 S -13.437684 38.328926 47.663841 1.800000 0.000000 0.000000
50000 21 G -10.222486 38.998158 49.009594 1.530000 0.000000 0.000000
50000 22 P -14.988441 41.966328 46.988083 2.110000 -1.000000 0.000000
50000 23 S -14.100020 45.066776 49.398922 1.800000 0.000000 0.000000
50000 24 T -10.539915 45.383339 48.201561 1.530000 0.000000 0.000000
50000 25 P -14.449457 48.947910 49.664677 2.110000 -1.000000 0.000000
50000 26 S -17.673445 47.929916 51.677410 1.800000 0.000000 0.000000
50000 27 T -15.799044 45.727066 53.438740 1.530000 0.000000 0.000000
50000 28 P -21.058804 48.227730 53.837219 2.110000 -1.000000 0.000000
50000 29 S -20.041517 44.840088 55.230453 1.800000 0.000000 0.000000
50000 30 A -18.048210 47.505741 56.103622 1.530000 0.000000 0.000000
50000 31 P -21.067957 42.485111 58.258331 2.110000 -1.000000 0.000000
50000 32 S -21.903349 40.122517 55.309708 1.800000 0.000000 0.000000
50000 33 T -19.527260 39.264160 52.866161 1.530000 0.000000 0.000000
50000 34 P -22.482756 36.397755 55.904922 2.110000 -1.000000 0.000000
50000 35 S -21.015327 35.177250 52.492439 1.800000 0.000000 0.000000
50000 36 A -17.728943 35.665272 53.608662 1.530000 0.000000 0.000000
50000 37 P -20.024567 31.655731 51.160439 2.110000 -1.000000 0.000000
50000 38 S -16.517580 31.809557 48.997658 1.800000 0.000000 0.000000
50000 39 G -13.481850 32.594841 50.866272 1.530000 0.000000 0.000000
50000 40 P -14.545084 28.588650 47.916523 2.110000 -1.000000 0.000000
50000 41 S -11.046046 26.929510 47.720566 1.800000 0.000000 0.000000
50000 42 G -9.979630 26.276833 51.192841 1.530000 0.000000 0.000000
50000 43 P -10.386106 23.097145 46.608669 2.110000 -1.000000 0.000000
50000 44 S -7.500809 21.956797 49.072216 1.800000 0.000000 0.000000
50000 45 A -9.360648 21.449192 52.161366 1.530000 0.000000 0.000000
50000 46 P -7.707816 18.051325 48.558044 2.110000 -1.000000 0.000000
50000 47 S -8.162355 15.662452 51.689293 1.800000 0.000000 0.000000
50000 48 T -11.657204 16.407682 52.115559 1.530000 0.000000 0.000000
50000 49 P -9.187696 12.099303 50.136204 2.110000 -1.000000 0.000000
