35000 1 P -4.433934 21.906048 93.778259 2.110000 -1.000000 0.000000
35000 2 S -2.664698 18.822790 94.968185 1.800000 0.000000 0.000000
35000 3 A -3.756580 17.618765 98.292313 1.530000 0.000000 0.000000
35000 4 P 1.091470 18.023106 95.950111 2.110000 -1.000000 0.000000
35000 5 S 1.974634 14.357780 94.551491 1.800000 0.000000 0.000000
35000 6 T 1.509515 15.590154 91.229774 1.530000 0.000000 0.000000
35000 7 P 5.745706 13.627348 94.596123 2.110000 -1.000000 0.000000
35000 8 S 7.217166 11.954500 91.309311 1.800000 0.000000 0.000000
35000 9 C 6.736796 14.498355 88.846420 1.530000 0.000000 0.000000
35000 10 P 11.177905 11.706038 91.049995 2.110000 -1.000000 0.000000
35000 11 S 10.936042 11.446899 87.169792 1.800000 0.000000 0.000000
35000 12 C 10.233854 14.341205 85.852371 1.530000 0.000000 0.000000
35000 13 P 14.079341 11.845649 84.957489 2.110000 -1.000000 0.000000
35000 14 S 14.027028 14.086283 81.683807 1.800000 0.000000 0.000000
35000 15 T 13.711140 17.565794 82.427971 1.530000 0.000000 0.000000
35000 16 P 17.754694 14.647161 80.749123 2.110000 -1.000000 0.000000
35000 17 S 18.032436 18.429354 79.943352 1.800000 0.000000 0.000000
35000 18 A 17.703695 19.753969 83.188751 1.530000 0.000000 0.000000
35000 19 P 21.472599 20.069403 78.619904 2.110000 -1.000000 0.000000
35000 20 S 21.254681 22.752790 81.276978 1.800000 0.000000 0.000000
35000 21 G 21.437330 21.127232 84.453949 1.530000 0.000000 0.000000
35000 22 P 24.202328 24.935579 82.597565 2.110000 -1.000000 0.000000
35000 23 S 23.679945 24.673149 86.497055 1.800000 0.000000 0.000000
35000 24 T 25.250555 21.798103 85.342354 1.530000 0.000000 0.000000
35000 25 P 22.852856 21.890352 88.950775 2.110000 -1.000000 0.000000
35000 26 S 20.363064 24.923262 89.888657 1.800000 0.000000 0.000000
35000 27 T 18.310560 25.503805 86.857658 1.530000 0.000000 0.000000
35000 28 P 17.591105 24.110800 92.549538 2.110000 -1.000000 0.000000
35000 29 S 14.541744 26.315521 91.614761 1.800000 0.000000 0.000000
35000 30 A 13.249295 25.202894 88.801567 1.530000 0.000000 0.000000
35000 31 P 10.787304 25.475235 92.667160 2.110000 -1.000000 0.000000
35000 32 S 9.032146 26.994089 89.390450 1.800000 0.000000 0.000000
35000 33 T 9.112862 24.836176 86.461670 1.530000 0.000000 0.000000
35000 34 P 5.162771 27.078573 88.155617 2.110000 -1.000000 0.000000
35000 35 S 5.314157 26.039040 84.336105 1.800000 0.000000 0.000000
35000 36 A 5.893634 22.630104 83.075211 1.530000 0.000000 0.000000
35000 37 P 1.862357 24.891781 82.793701 2.110000 -1.000000 0.000000
35000 38 S 2.982811 22.132198 80.091743 1.800000 0.000000 0.000000
35000 39 G 3.025088 19.430727 82.470711 1.530000 0.000000 0.000000
35000 40 P -0.676491 20.805344 79.250221 2.110000 -1.000000 0.000000
35000 41 S -0.497124 16.808123 79.310066 1.800000 0.000000 0.000000
35000 42 G 0.125069 16.173559 82.685921 1.530000 0.000000 0.000000
35000 43 P -3.377109 14.218495 78.825218 2.110000 -1.000000 0.000000
35000 44 S -3.677493 11.718992 81.849083 1.800000 0.000000 0.000000
35000 45 A -4.761529 12.088294 85.282578 1.530000 0.000000 0.000000
35000 46 P -6.899456 9.570756 81.865570 2.110000 -1.000000 0.000000
35000 47 S -8.203099 9.029581 85.523483 1.800000 0.000000 0.000000
35000 48 T -8.545828 12.210469 84.485825 1.530000 0.000000 0.000000
35000 49 P -11.878344 7.776387 84.593803 2.110000 -1.000000 0.000000
40000 1 P 0.954012 24.505714 93.621483 2.110000 -1.000000 0.000000
40000 2 S -0.449225 22.423975 96.584106 1.800000 0.000000 0.000000
40000 3 A 0.429642 24.576410 99.260338 1.530000 0.000000 0.000000
40000 4 P 3.035517 20.729797 97.765686 2.110000 -1.000000 0.000000
40000 5 S 2.695106 17.441925 99.932167 1.800000 0.000000 0.000000
40000 6 T 1.741258 15.039974 97.425880 1.530000 0.000000 0.000000
40000 7 P 6.683275 17.488817 99.626167 2.110000 -1.000000 0.000000
40000 8 S 6.870991 14.259535 97.482224 1.800000 0.000000 0.000000
40000 9 C 6.107865 14.681385 94.149170 1.530000 0.000000 0.000000
40000 10 P 10.854713 14.984468 97.406944 2.110000 -1.000000 0.000000
40000 11 S 11.645575 13.041743 94.098488 1.800000 0.000000 0.000000
40000 12 C 9.840641 13.686630 91.041611 1.530000 0.000000 0.000000
40000 13 P 15.491446 13.481336 92.827301 2.110000 -1.000000 0.000000
40000 14 S 15.862864 13.564960 88.927261 1.800000 0.000000 0.000000
40000 15 T 14.372649 16.751083 87.713776 1.530000 0.000000 0.000000
40000 16 P 19.519207 14.894348 88.234749 2.110000 -1.000000 0.000000
40000 17 S 20.238266 18.301617 86.572189 1.800000 0.000000 0.000000
40000 18 A 18.731821 20.680115 88.579460 1.530000 0.000000 0.000000
40000 19 P 23.836901 19.692059 86.939156 2.110000 -1.000000 0.000000
40000 20 S 23.150745 23.489681 87.353218 1.800000 0.000000 0.000000
40000 21 G 21.007042 23.757917 90.327774 1.530000 0.000000 0.000000
40000 22 P 26.507933 24.952013 88.590820 2.110000 -1.000000 0.000000
40000 23 S 25.551058 27.550282 91.320084 1.800000 0.000000 0.000000
40000 24 T 25.198717 27.589487 94.702057 1.530000 0.000000 0.000000
40000 25 P 23.142895 25.028196 93.016434 2.110000 -1.000000 0.000000
40000 26 S 20.027712 27.271854 93.583267 1.800000 0.000000 0.000000
40000 27 T 19.356077 28.137642 90.303902 1.530000 0.000000 0.000000
40000 28 P 16.499079 25.861832 94.927010 2.110000 -1.000000 0.000000
40000 29 S 13.761303 28.112293 93.013245 1.800000 0.000000 0.000000
40000 30 A 12.776736 27.445393 89.595169 1.530000 0.000000 0.000000
40000 31 P 9.812301 27.183222 93.803421 2.110000 -1.000000 0.000000
40000 32 S 8.144063 27.424732 90.240395 1.800000 0.000000 0.000000
40000 33 T 9.345828 24.432449 88.593048 1.530000 0.000000 0.000000
40000 34 P 4.327224 26.672119 89.512703 2.110000 -1.000000 0.000000
40000 35 S 4.847952 24.436680 86.313835 1.800000 0.000000 0.000000
40000 36 A 6.133125 21.735697 87.905754 1.530000 0.000000 0.000000
40000 37 P 1.446008 22.853811 85.138443 2.110000 -1.000000 0.000000
40000 38 S 2.374716 19.259487 83.796753 1.800000 0.000000 0.000000
40000 39 G 2.610394 18.588322 87.104996 1.530000 0.000000 0.000000
40000 40 P -1.113072 17.695047 82.833420 2.110000 -1.000000 0.000000
40000 41 S -0.813040 15.158963 85.906540 1.800000 0.000000 0.000000
40000 42 G -1.339972 15.739155 89.380066 1.530000 0.000000 0.000000
40000 43 P -4.758446 13.959208 85.905655 2.110000 -1.000000 0.000000
40000 44 S -6.454499 12.392504 89.012772 1.800000 0.000000 0.000000
40000 45 A -6.375639 15.777787 90.110138 1.530000 0.000000 0.000000
40000 46 P -10.478861 11.919644 89.282822 2.110000 -1.000000 0.000000
40000 47 S -12.849740 14.210565 91.576767 1.800000 0.000000 0.000000
40000 48 T -12.255139 16.126383 88.458580 1.530000 0.000000 0.000000
40000 49 P -16.693254 15.432469 91.541122 2.110000 -1.000000 0.000000
45000 1 P 3.930385 11.123592 109.926163 2.110000 -1.000000 0.000000
45000 2 S 6.746039 8.971784 111.359734 1.800000 0.000000 0.000000
45000 3 A 7.547347 10.803895 114.163582 1.530000 0.000000 0.000000
45000 4 P 10.106964 9.955603 109.834129 2.110000 -1.000000 0.000000
45000 5 S 12.675014 7.066143 108.966843 1.800000 0.000000 0.000000
45000 6 T 11.736394 5.376602 105.986404 1.530000 0.000000 0.000000
45000 7 P 16.493288 8.006786 107.416946 2.110000 -1.000000 0.000000
45000 8 S 17.960499 5.579459 104.639618 1.800000 0.000000 0.000000
45000 9 C 16.458910 5.250196 101.485382 1.530000 0.000000 0.000000
45000 10 P 20.831728 7.995887 103.479652 2.110000 -1.000000 0.000000
45000 11 S 20.478525 6.777206 99.745911 1.800000 0.000000 0.000000
45000 12 C 17.809799 8.072301 97.906479 1.530000 0.000000 0.000000
45000 13 P 22.953852 9.058430 97.555038 2.110000 -1.000000 0.000000
45000 14 S 21.358488 9.707543 94.018997 1.800000 0.000000 0.000000
45000 15 T 18.427168 11.573949 95.308319 1.530000 0.000000 0.000000
45000 16 P 24.393679 12.312452 93.066696 2.110000 -1.000000 0.000000
45000 17 S 24.411987 16.361504 92.862389 1.800000 0.000000 0.000000
45000 18 A 24.078344 17.968687 96.031929 1.530000 0.000000 0.000000
45000 19 P 28.060566 17.674955 92.795723 2.110000 -1.000000 0.000000
45000 20 S 27.970594 20.694477 95.364395 1.800000 0.000000 0.000000
45000 21 G 27.657782 19.848757 98.728523 1.530000 0.000000 0.000000
45000 22 P 31.276447 22.288746 96.716820 2.110000 -1.000000 0.000000
45000 23 S 30.074789 22.135206 100.647873 1.800000 0.000000 0.000000
45000 24 T 31.542501 19.267319 99.653610 1.530000 0.000000 0.000000
45000 25 P 29.206003 19.154552 103.184723 2.110000 -1.000000 0.000000
45000 26 S 26.454802 21.370857 105.097473 1.800000 0.000000 0.000000
45000 27 T 25.101032 21.875107 101.982346 1.530000 0.000000 0.000000
45000 28 P 23.459393 20.550009 107.363464 2.110000 -1.000000 0.000000
45000 29 S 20.881155 22.836622 105.441490 1.800000 0.000000 0.000000
45000 30 A 19.806280 22.249304 102.347618 1.530000 0.000000 0.000000
45000 31 P 17.216133 21.753578 106.142525 2.110000 -1.000000 0.000000
45000 32 S 15.334414 22.658878 102.777802 1.800000 0.000000 0.000000
45000 33 T 15.849737 19.802111 100.825294 1.530000 0.000000 0.000000
45000 34 P 11.614703 21.293707 102.476959 2.110000 -1.000000 0.000000
45000 35 S 11.276154 20.894012 98.542076 1.800000 0.000000 0.000000
45000 36 A 13.025859 17.850012 97.468315 1.530000 0.000000 0.000000
45000 37 P 8.056271 18.721642 98.174728 2.110000 -1.000000 0.000000
45000 38 S 9.353156 16.321129 95.222496 1.800000 0.000000 0.000000
45000 39 G 11.923767 13.599602 94.831223 1.530000 0.000000 0.000000
45000 40 P 6.690727 13.616787 94.756279 2.110000 -1.000000 0.000000
45000 41 S 7.847636 10.199376 93.309402 1.800000 0.000000 0.000000
45000 42 G 9.507597 9.374969 96.056870 1.530000 0.000000 0.000000
45000 43 P 5.160103 7.328120 92.987976 2.110000 -1.000000 0.000000
45000 44 S 7.080080 3.985039 93.826569 1.800000 0.000000 0.000000
45000 45 A 7.987547 4.934825 97.250061 1.530000 0.000000 0.000000
45000 46 P 4.969277 0.668203 95.046555 2.110000 -1.000000 0.000000
45000 47 S 1.855572 2.948779 96.152138 1.800000 0.000000 0.000000
45000 48 T 1.469503 3.582803 92.688774 1.530000 0.000000 0.000000
45000 49 P -0.158941 -0.343325 96.514008 2.110000 -1.000000 0.000000
50000 1 P 2.226505 -10.385675 85.897446 2.110000 -1.000000 0.000000
50000 2 S 5.993475 -11.179595 86.845482 1.800000 0.000000 0.000000
50000 3 A 5.200989 -13.766755 89.278397 1.530000 0.000000 0.000000
50000 4 P 9.047353 -9.268077 88.568802 2.110000 -1.000000 0.000000
50000 5 S 12.789338 -10.667802 87.716072 1.800000 0.000000 0.000000
50000 6 T 12.985362 -10.423016 84.050873 1.530000 0.000000 0.000000
50000 7 P 15.880022 -8.270247 88.632141 2.110000 -1.000000 0.000000
50000 8 S 18.630291 -8.641868 85.909019 1.800000 0.000000 0.000000
50000 9 C 17.316816 -7.432559 82.735016 1.530000 0.000000 0.000000
50000 10 P 22.010828 -6.628622 86.104622 2.110000 -1.000000 0.000000
50000 11 S 22.698803 -5.611481 82.331703 1.800000 0.000000 0.000000
50000 12 C 20.887712 -2.954724 80.491333 1.530000 0.000000 0.000000
50000 13 P 25.871765 -3.320188 81.628448 2.110000 -1.000000 0.000000
50000 14 S 25.410147 -0.373532 79.077728 1.800000 0.000000 0.000000
50000 15 T 23.441299 2.070351 80.045914 1.530000 0.000000 0.000000
50000 16 P 28.204702 2.141613 77.724411 2.110000 -1.000000 0.000000
50000 17 S 27.432360 5.918633 77.546265 1.800000 0.000000 0.000000
50000 18 A 27.296232 6.273907 80.857590 1.530000 0.000000 0.000000
50000 19 P 30.846682 7.644953 76.746689 2.110000 -1.000000 0.000000
50000 20 S 31.608259 11.176966 78.229118 1.800000 0.000000 0.000000
50000 21 G 31.521881 11.375854 81.613716 1.530000 0.000000 0.000000
50000 22 P 35.279037 12.569389 77.975128 2.110000 -1.000000 0.000000
50000 23 S 36.242508 13.252467 81.895866 1.800000 0.000000 0.000000
50000 24 T 37.733345 11.628883 84.694916 1.530000 0.000000 0.000000
50000 25 P 34.902172 9.548634 82.811378 2.110000 -1.000000 0.000000
50000 26 S 32.758202 10.723013 86.014206 1.800000 0.000000 0.000000
50000 27 T 29.663336 12.512595 85.260193 1.530000 0.000000 0.000000
50000 28 P 30.790794 7.765224 88.216080 2.110000 -1.000000 0.000000
50000 29 S 27.488321 9.532703 89.518501 1.800000 0.000000 0.000000
50000 30 A 24.101589 10.804994 88.573044 1.530000 0.000000 0.000000
50000 31 P 25.391359 6.701949 91.524673 2.110000 -1.000000 0.000000
50000 32 S 21.832390 8.333563 90.848732 1.800000 0.000000 0.000000
50000 33 T 19.779919 7.618336 87.914093 1.530000 0.000000 0.000000
50000 34 P 18.817303 5.814052 91.522820 2.110000 -1.000000 0.000000
50000 35 S 16.053169 6.313915 88.874855 1.800000 0.000000 0.000000
50000 36 A 17.856337 5.068090 86.059990 1.530000 0.000000 0.000000
50000 37 P 12.809978 4.377184 87.504555 2.110000 -1.000000 0.000000
50000 38 S 13.139194 5.214030 83.556816 1.800000 0.000000 0.000000
50000 39 G 15.559126 3.869463 81.154572 1.530000 0.000000 0.000000
50000 40 P 10.611240 2.593390 81.809883 2.110000 -1.000000 0.000000
50000 41 S 11.845537 1.682173 78.161469 1.800000 0.000000 0.000000
50000 42 G 14.731847 -0.114968 78.851471 1.530000 0.000000 0.000000
50000 43 P 9.549904 -0.832294 75.805038 2.110000 -1.000000 0.000000
50000 44 S 11.501146 -3.663919 73.976799 1.800000 0.000000 0.000000
50000 45 A 11.736758 -5.844294 76.887596 1.530000 0.000000 0.000000
50000 46 P 9.429611 -6.411821 71.764870 2.110000 -1.000000 0.000000
50000 47 S 5.985529 -6.583362 73.879318 1.800000 0.000000 0.000000
50000 48 T 4.128919 -3.683728 72.934196 1.530000 0.000000 0.000000
50000 49 P 2.927417 -8.442292 72.209854 2.110000 -1.000000 0.000000
