35000 1 P 12.210233 4.729142 58.698570 2.110000 -1.000000 0.000000
35000 2 S 15.786568 5.584537 60.194157 1.800000 0.000000 0.000000
35000 3 A 17.041674 4.280427 63.292763 1.530000 0.000000 0.000000
35000 4 P 17.879278 8.868654 59.714378 2.110000 -1.000000 0.000000
35000 5 S 21.286039 8.272807 57.941479 1.800000 0.000000 0.000000
35000 6 T 20.531401 7.120918 54.643269 1.530000 0.000000 0.000000
35000 7 P 22.916973 11.657401 56.569862 2.110000 -1.000000 0.000000
35000 8 S 23.708246 11.655961 52.799461 1.800000 0.000000 0.000000
35000 9 C 20.900526 11.657887 50.844425 1.530000 0.000000 0.000000
35000 10 P 24.702217 15.232615 51.172474 2.110000 -1.000000 0.000000
35000 11 S 22.746714 15.469110 47.756371 1.800000 0.000000 0.000000
35000 12 C 19.518702 15.425083 49.326931 1.530000 0.000000 0.000000
35000 13 P 22.033726 18.694408 45.431229 2.110000 -1.000000 0.000000
35000 14 S 18.206232 19.119987 44.172066 1.800000 0.000000 0.000000
35000 15 T 16.499563 20.240938 46.865265 1.530000 0.000000 0.000000
35000 16 P 18.374384 22.848774 43.041115 2.110000 -1.000000 0.000000
35000 17 S 15.619063 25.340588 44.248730 1.800000 0.000000 0.000000
35000 18 A 15.998222 25.733097 47.837555 1.530000 0.000000 0.000000
35000 19 P 14.838839 29.176916 44.154587 2.110000 -1.000000 0.000000
35000 20 S 14.165725 30.321791 47.798630 1.800000 0.000000 0.000000
35000 21 G 17.545986 29.403742 48.075455 1.530000 0.000000 0.000000
35000 22 P 13.824590 33.173351 50.306702 2.110000 -1.000000 0.000000
35000 23 S 15.568655 31.410820 53.336498 1.800000 0.000000 0.000000
35000 24 T 18.341679 32.472054 51.229885 1.530000 0.000000 0.000000
35000 25 P 16.515730 33.225002 56.853764 2.110000 -1.000000 0.000000
35000 26 S 13.313677 30.684792 56.986584 1.800000 0.000000 0.000000
35000 27 T 15.451132 27.973604 56.019436 1.530000 0.000000 0.000000
35000 28 P 10.717100 28.915804 59.443226 2.110000 -1.000000 0.000000
35000 29 S 12.023466 25.336439 58.965076 1.800000 0.000000 0.000000
35000 30 A 14.264949 26.892216 61.297878 1.530000 0.000000 0.000000
35000 31 P 11.818926 22.207640 60.948002 2.110000 -1.000000 0.000000
35000 32 S 9.246017 20.623016 58.579422 1.800000 0.000000 0.000000
35000 33 T 10.625392 20.323059 55.148109 1.530000 0.000000 0.000000
35000 34 P 7.340765 17.118059 57.769295 2.110000 -1.000000 0.000000
35000 35 S 6.825857 17.176447 53.807724 1.800000 0.000000 0.000000
35000 36 A 9.180642 16.221052 51.568226 1.530000 0.000000 0.000000
35000 37 P 6.134261 13.166854 53.405491 2.110000 -1.000000 0.000000
35000 38 S 6.679848 12.156989 49.692822 1.800000 0.000000 0.000000
35000 39 G 10.023056 12.418149 48.729485 1.530000 0.000000 0.000000
35000 40 P 6.896390 8.193017 48.892666 2.110000 -1.000000 0.000000
35000 41 S 9.662527 6.565635 46.607880 1.800000 0.000000 0.000000
35000 42 G 12.291179 7.035032 49.021923 1.530000 0.000000 0.000000
35000 43 P 8.300241 3.115891 47.598072 2.110000 -1.000000 0.000000
35000 44 S 10.803482 -0.041452 47.904758 1.800000 0.000000 0.000000
35000 45 A 12.512962 1.130841 50.811142 1.530000 0.000000 0.000000
35000 46 P 8.480376 -2.642213 49.600914 2.110000 -1.000000 0.000000
35000 47 S 5.314159 -0.528662 51.009720 1.800000 0.000000 0.000000
35000 48 T 4.628295 -0.715860 47.382053 1.530000 0.000000 0.000000
35000 49 P 2.127249 -1.970420 52.644131 2.110000 -1.000000 0.000000
40000 1 P 12.211501 7.472404 56.664371 2.110000 -1.000000 0.000000
40000 2 S 15.494588 7.835681 54.606930 1.800000 0.000000 0.000000
40000 3 A 17.400396 7.593496 57.548172 1.530000 0.000000 0.000000
40000 4 P 16.740734 11.254760 53.092121 2.110000 -1.000000 0.000000
40000 5 S 18.883095 8.956477 50.758392 1.800000 0.000000 0.000000
40000 6 T 17.537691 6.884030 48.165859 1.530000 0.000000 0.000000
40000 7 P 20.194284 11.564872 48.016705 2.110000 -1.000000 0.000000
40000 8 S 21.199209 10.415606 44.477745 1.800000 0.000000 0.000000
40000 9 C 18.119371 8.998469 43.278702 1.530000 0.000000 0.000000
40000 10 P 21.668787 13.519073 42.101398 2.110000 -1.000000 0.000000
40000 11 S 19.371872 12.727372 38.904427 1.800000 0.000000 0.000000
40000 12 C 16.118279 13.009093 40.389442 1.530000 0.000000 0.000000
40000 13 P 18.697559 15.511344 36.284901 2.110000 -1.000000 0.000000
40000 14 S 14.863498 16.622305 36.016891 1.800000 0.000000 0.000000
40000 15 T 14.144514 18.798859 38.502686 1.530000 0.000000 0.000000
40000 16 P 14.283715 19.943718 33.959740 2.110000 -1.000000 0.000000
40000 17 S 11.448827 21.693905 36.142773 1.800000 0.000000 0.000000
40000 18 A 12.899287 22.195152 39.394569 1.530000 0.000000 0.000000
40000 19 P 11.283884 25.437815 35.079529 2.110000 -1.000000 0.000000
40000 20 S 11.255301 26.516039 38.945332 1.800000 0.000000 0.000000
40000 21 G 14.872133 25.953760 39.570835 1.530000 0.000000 0.000000
40000 22 P 11.384721 30.179766 40.236496 2.110000 -1.000000 0.000000
40000 23 S 13.978709 29.639484 43.235355 1.800000 0.000000 0.000000
40000 24 T 15.149951 30.120277 39.714539 1.530000 0.000000 0.000000
40000 25 P 15.834290 32.644691 45.272373 2.110000 -1.000000 0.000000
40000 26 S 13.905723 31.621826 48.622856 1.800000 0.000000 0.000000
40000 27 T 15.948287 28.838602 48.108791 1.530000 0.000000 0.000000
40000 28 P 13.926063 32.062714 52.538570 2.110000 -1.000000 0.000000
40000 29 S 13.380348 28.212301 52.348633 1.800000 0.000000 0.000000
40000 30 A 16.745283 28.809372 51.999802 1.530000 0.000000 0.000000
40000 31 P 12.968020 24.747915 54.285763 2.110000 -1.000000 0.000000
40000 32 S 9.664030 24.030672 52.224289 1.800000 0.000000 0.000000
40000 33 T 10.224783 23.222025 48.831505 1.530000 0.000000 0.000000
40000 34 P 7.616363 20.623980 51.713486 2.110000 -1.000000 0.000000
40000 35 S 6.215034 20.935228 47.858223 1.800000 0.000000 0.000000
40000 36 A 9.220885 20.244200 45.627445 1.530000 0.000000 0.000000
40000 37 P 4.083365 17.793692 46.471676 2.110000 -1.000000 0.000000
40000 38 S 5.567646 17.683176 42.826355 1.800000 0.000000 0.000000
40000 39 G 8.847221 16.650860 43.263420 1.530000 0.000000 0.000000
40000 40 P 4.953848 14.032767 41.050262 2.110000 -1.000000 0.000000
40000 41 S 8.101170 13.590275 38.601456 1.800000 0.000000 0.000000
40000 42 G 11.069038 13.012037 40.503956 1.530000 0.000000 0.000000
40000 43 P 9.309244 10.041311 36.827934 2.110000 -1.000000 0.000000
40000 44 S 13.270612 10.286303 37.323322 1.800000 0.000000 0.000000
40000 45 A 12.989954 9.871731 40.702652 1.530000 0.000000 0.000000
40000 46 P 15.183700 7.450768 35.704651 2.110000 -1.000000 0.000000
40000 47 S 13.426025 3.960078 35.580750 1.800000 0.000000 0.000000
40000 48 T 12.108457 5.539573 32.790466 1.530000 0.000000 0.000000
40000 49 P 14.509735 0.855227 33.889786 2.110000 -1.000000 0.000000
45000 1 P 12.472345 -0.088624 52.895653 2.110000 -1.000000 0.000000
45000 2 S 15.817108 1.916333 52.278111 1.800000 0.000000 0.000000
45000 3 A 16.730162 1.273862 55.613907 1.530000 0.000000 0.000000
45000 4 P 16.168726 5.795877 52.703224 2.110000 -1.000000 0.000000
45000 5 S 19.661222 6.308131 51.082031 1.800000 0.000000 0.000000
45000 6 T 18.705849 5.888068 47.718403 1.530000 0.000000 0.000000
45000 7 P 20.168880 10.185730 50.140625 2.110000 -1.000000 0.000000
45000 8 S 21.659943 9.145599 46.585861 1.800000 0.000000 0.000000
45000 9 C 18.799997 8.412995 44.438171 1.530000 0.000000 0.000000
45000 10 P 22.324034 12.575071 44.676636 2.110000 -1.000000 0.000000
45000 11 S 20.905251 11.866243 40.992813 1.800000 0.000000 0.000000
45000 12 C 17.435909 11.652999 41.357483 1.530000 0.000000 0.000000
45000 13 P 20.723267 15.258274 39.221371 2.110000 -1.000000 0.000000
45000 14 S 17.056423 15.705647 37.801891 1.800000 0.000000 0.000000
45000 15 T 15.402733 16.175514 40.688522 1.530000 0.000000 0.000000
45000 16 P 16.954185 19.304287 36.155212 2.110000 -1.000000 0.000000
45000 17 S 14.176369 21.820795 37.384594 1.800000 0.000000 0.000000
45000 18 A 15.296543 22.980883 40.598701 1.530000 0.000000 0.000000
45000 19 P 13.702973 25.766352 36.415970 2.110000 -1.000000 0.000000
45000 20 S 12.970127 28.064955 39.555813 1.800000 0.000000 0.000000
45000 21 G 16.069796 28.082447 41.414368 1.530000 0.000000 0.000000
45000 22 P 12.248587 31.876814 40.493927 2.110000 -1.000000 0.000000
45000 23 S 13.521327 33.341137 43.908901 1.800000 0.000000 0.000000
45000 24 T 16.883974 33.834972 43.250916 1.530000 0.000000 0.000000
45000 25 P 13.466249 37.242661 43.892159 2.110000 -1.000000 0.000000
45000 26 S 10.558235 35.488110 45.546505 1.800000 0.000000 0.000000
45000 27 T 12.545330 33.794624 47.935501 1.530000 0.000000 0.000000
45000 28 P 7.195168 35.479435 47.496830 2.110000 -1.000000 0.000000
45000 29 S 8.768642 31.904016 48.459404 1.800000 0.000000 0.000000
45000 30 A 11.174485 32.000439 51.050617 1.530000 0.000000 0.000000
45000 31 P 8.030115 28.775639 50.717480 2.110000 -1.000000 0.000000
45000 32 S 6.680931 26.800594 47.546371 1.800000 0.000000 0.000000
45000 33 T 9.846318 27.355268 45.525864 1.530000 0.000000 0.000000
45000 34 P 5.634039 23.781021 45.092705 2.110000 -1.000000 0.000000
45000 35 S 7.558432 23.632963 41.718536 1.800000 0.000000 0.000000
45000 36 A 11.157810 23.452957 41.761284 1.530000 0.000000 0.000000
45000 37 P 6.707159 20.490835 39.535683 2.110000 -1.000000 0.000000
45000 38 S 10.308469 19.506121 38.333965 1.800000 0.000000 0.000000
45000 39 G 11.211286 18.340885 41.508968 1.530000 0.000000 0.000000
45000 40 P 9.580379 16.063452 36.720047 2.110000 -1.000000 0.000000
45000 41 S 11.996037 12.937819 36.777130 1.800000 0.000000 0.000000
45000 42 G 11.862902 12.065694 40.113926 1.530000 0.000000 0.000000
45000 43 P 9.878260 9.931640 36.090816 2.110000 -1.000000 0.000000
45000 44 S 10.799481 6.412257 37.752846 1.800000 0.000000 0.000000
45000 45 A 9.872063 6.224495 41.005287 1.530000 0.000000 0.000000
45000 46 P 7.743272 3.805356 37.182335 2.110000 -1.000000 0.000000
45000 47 S 4.050777 5.050290 36.314953 1.800000 0.000000 0.000000
45000 48 T 4.878515 6.707856 33.238247 1.530000 0.000000 0.000000
45000 49 P 1.623279 2.490904 34.821064 2.110000 -1.000000 0.000000
50000 1 P 8.672092 15.449403 44.896305 2.110000 -1.000000 0.000000
50000 2 S 12.231739 13.803067 43.895489 1.800000 0.000000 0.000000
50000 3 A 14.003398 13.382695 46.719387 1.530000 0.000000 0.000000
50000 4 P 14.798491 16.451544 42.521496 2.110000 -1.000000 0.000000
50000 5 S 16.808941 13.983003 40.313232 1.800000 0.000000 0.000000
50000 6 T 15.141123 12.474550 37.839470 1.530000 0.000000 0.000000
50000 7 P 18.383497 17.179161 38.075600 2.110000 -1.000000 0.000000
50000 8 S 18.628065 16.456192 34.261719 1.800000 0.000000 0.000000
50000 9 C 15.346291 16.402845 32.825554 1.530000 0.000000 0.000000
50000 10 P 19.257612 19.549089 31.588661 2.110000 -1.000000 0.000000
50000 11 S 17.172499 19.068665 28.177256 1.800000 0.000000 0.000000
50000 12 C 13.663623 19.438702 27.752123 1.530000 0.000000 0.000000
50000 13 P 17.269892 22.047459 25.736210 2.110000 -1.000000 0.000000
50000 14 S 14.025995 22.618359 23.621595 1.800000 0.000000 0.000000
50000 15 T 11.488861 23.581219 25.890839 1.530000 0.000000 0.000000
50000 16 P 13.781711 25.776815 21.310909 2.110000 -1.000000 0.000000
50000 17 S 10.335103 27.407837 20.921896 1.800000 0.000000 0.000000
50000 18 A 8.672127 29.473413 23.421001 1.530000 0.000000 0.000000
50000 19 P 11.788839 30.680836 19.153574 2.110000 -1.000000 0.000000
50000 20 S 9.219372 33.196648 20.818949 1.800000 0.000000 0.000000
50000 21 G 10.578800 34.207790 23.880892 1.530000 0.000000 0.000000
50000 22 P 8.432652 37.243053 20.712639 2.110000 -1.000000 0.000000
50000 23 S 9.146780 37.452129 24.571192 1.800000 0.000000 0.000000
50000 24 T 12.249529 38.098721 23.533768 1.530000 0.000000 0.000000
50000 25 P 9.566494 40.166744 27.443953 2.110000 -1.000000 0.000000
50000 26 S 7.304912 37.353653 28.677290 1.800000 0.000000 0.000000
50000 27 T 9.714079 34.953308 28.841515 1.530000 0.000000 0.000000
50000 28 P 6.318021 37.393864 32.553719 2.110000 -1.000000 0.000000
50000 29 S 7.282676 33.782909 33.503887 1.800000 0.000000 0.000000
50000 30 A 10.710287 34.789909 33.651127 1.530000 0.000000 0.000000
50000 31 P 7.803346 32.357864 37.147564 2.110000 -1.000000 0.000000
50000 32 S 4.533576 30.720911 35.643127 1.800000 0.000000 0.000000
50000 33 T 6.104107 28.747871 32.958633 1.530000 0.000000 0.000000
50000 34 P 2.184368 27.779030 36.524990 2.110000 -1.000000 0.000000
50000 35 S 0.963341 26.216936 32.991196 1.800000 0.000000 0.000000
50000 36 A 3.178126 24.345911 30.808167 1.530000 0.000000 0.000000
50000 37 P -0.247637 22.714016 34.093624 2.110000 -1.000000 0.000000
50000 38 S 1.108304 19.797533 31.838741 1.800000 0.000000 0.000000
50000 39 G 4.535671 19.536417 33.027702 1.530000 0.000000 0.000000
50000 40 P 0.344445 16.123692 33.420727 2.110000 -1.000000 0.000000
50000 41 S 2.429011 12.960945 33.760025 1.800000 0.000000 0.000000
50000 42 G 4.695247 13.721696 36.232254 1.530000 0.000000 0.000000
50000 43 P 1.153243 9.876958 35.951752 2.110000 -1.000000 0.000000
50000 44 S 4.513111 9.440240 38.058754 1.800000 0.000000 0.000000
50000 45 A 3.945183 12.178829 40.185150 1.530000 0.000000 0.000000
50000 46 P 4.379786 7.273357 41.212841 2.110000 -1.000000 0.000000
50000 47 S 0.632809 8.109424 39.927296 1.800000 0.000000 0.000000
50000 48 T 0.778237 5.964248 37.043430 1.530000 0.000000 0.000000
50000 49 P -3.042291 6.943946 40.765469 2.110000 -1.000000 0.000000
