1 1 199.689423 0.000000 1000.000000 0.230780 203.579269 -0.377427 -3.743198 0.000000 0.000000 18.012753
100 2 154.791977 0.000000 1000.000000 1.346982 153.968613 -0.523622 0.000000 0.000000 0.000000 5.920321
200 3 159.693756 0.000000 1000.000000 0.837157 159.458893 -0.602301 0.000000 0.000000 0.000000 6.236096
300 4 145.614853 0.000000 1000.000000 0.397620 154.612167 -1.647703 -7.747230 0.000000 0.000000 3.489100
400 5 146.821274 0.000000 1000.000000 1.247056 151.311401 -0.886745 -4.850436 0.000000 0.000000 4.245717
500 6 161.432938 0.000000 1000.000000 0.313768 166.758713 -2.656827 -2.982717 0.000000 0.000000 1.980059
600 7 159.847015 0.000000 1000.000000 0.935841 160.647690 -1.736512 0.000000 0.000000 0.000000 3.945484
700 8 195.153076 0.000000 1000.000000 3.373291 191.779785 0.000000 0.000000 0.000000 0.000000 4.191111
800 9 179.942932 0.000000 1000.000000 0.888123 179.054810 0.000000 0.000000 0.000000 0.000000 3.925656
900 10 147.314545 0.000000 1000.000000 1.146379 146.748428 -0.580258 0.000000 0.000000 0.000000 5.279024
1000 11 129.923080 0.000000 1000.000000 1.544117 130.518570 -2.139596 0.000000 0.000000 0.000000 2.576686
1100 12 135.143051 0.000000 1000.000000 1.014055 140.097092 -1.600406 -4.367695 0.000000 0.000000 2.302765
1200 13 146.362625 0.000000 1000.000000 0.808965 146.248138 -0.694467 0.000000 0.000000 0.000000 2.466620
1300 14 151.722992 0.000000 1000.000000 0.687149 152.383331 -1.347488 0.000000 0.000000 0.000000 4.824527
1400 15 152.520432 0.000000 1000.000000 0.737607 153.984268 -2.201451 0.000000 0.000000 0.000000 2.927270
1500 16 135.489532 0.000000 1000.000000 0.343368 136.206573 -1.060416 0.000000 0.000000 0.000000 4.297932
1600 17 151.369522 0.000000 1000.000000 0.460199 152.795639 -1.886328 0.000000 0.000000 0.000000 2.795824
1700 18 152.918701 0.000000 1000.000000 0.550869 155.023605 -2.655777 0.000000 0.000000 0.000000 1.293524
1800 19 143.501770 0.000000 1000.000000 0.511264 144.944275 -1.953759 0.000000 0.000000 0.000000 1.452572
1900 20 122.341873 0.000000 1000.000000 0.640882 124.630142 -2.929153 0.000000 0.000000 0.000000 1.334714
2000 21 155.009140 0.000000 1000.000000 1.136257 154.540344 -0.667468 0.000000 0.000000 0.000000 1.860199
2100 22 131.172348 0.000000 1000.000000 0.668422 133.649612 -3.145689 0.000000 0.000000 0.000000 1.953823
2200 23 151.041077 0.000000 1000.000000 0.526855 153.321625 -2.807400 0.000000 0.000000 0.000000 1.298405
2300 24 157.719833 0.000000 1000.000000 0.488757 157.231079 0.000000 0.000000 0.000000 0.000000 6.245132
2400 25 144.264008 0.000000 1000.000000 0.323686 144.834167 -0.893841 0.000000 0.000000 0.000000 2.226395
2500 26 133.859177 0.000000 1000.000000 0.808344 134.419434 -1.368611 0.000000 0.000000 0.000000 0.879059
2600 27 167.948837 0.000000 1000.000000 1.506743 150.076675 -3.109023 19.474443 0.000000 0.000000 2.305653
2700 28 123.247215 0.000000 1000.000000 0.621567 124.419586 -1.793936 0.000000 0.000000 0.000000 1.461582
2800 29 140.174454 0.000000 1000.000000 1.119829 143.033096 -2.298394 -1.680068 0.000000 0.000000 1.541618
2900 30 139.257950 0.000000 1000.000000 0.754100 140.796982 -2.293141 0.000000 0.000000 0.000000 1.655787
3000 31 140.598724 0.000000 1000.000000 0.691661 147.232773 -3.536847 -3.788865 0.000000 0.000000 1.406409
3100 32 166.168167 0.000000 1000.000000 0.573320 170.609970 -5.144204 0.129095 0.000000 0.000000 0.941297
3200 33 129.489105 0.000000 1000.000000 0.326575 130.133118 -0.970582 0.000000 0.000000 0.000000 3.385221
3300 34 138.359726 0.000000 1000.000000 1.159304 140.832840 -3.002079 -0.630339 0.000000 0.000000 1.331360
3400 35 123.948151 0.000000 1000.000000 0.313282 127.324554 -3.689686 0.000000 0.000000 0.000000 1.106008
3500 36 110.734154 0.000000 1000.000000 0.424545 117.233276 -3.711346 -3.212316 0.000000 0.000000 2.174307
3600 37 126.936607 0.000000 1000.000000 1.908614 126.294624 -1.266627 0.000000 0.000000 0.000000 1.019453
3700 38 137.938202 0.000000 1000.000000 0.419237 139.281937 -1.762966 0.000000 0.000000 0.000000 1.976177
3800 39 155.706284 0.000000 1000.000000 0.790713 127.790886 -4.380474 31.505163 0.000000 0.000000 3.326419
3900 40 194.745010 0.000000 1000.000000 1.674490 135.885315 -5.908972 63.094181 0.000000 0.000000 1.522356
4000 41 137.296692 0.000000 1000.000000 0.362294 127.598328 -3.853033 13.189108 0.000000 0.000000 0.678304
4100 42 152.051102 0.000000 1000.000000 1.174453 142.007278 -7.625196 16.494570 0.000000 0.000000 0.512214
4200 43 161.031723 0.000000 1000.000000 0.497637 137.382599 -4.403650 27.555141 0.000000 0.000000 0.963396
4300 44 132.026947 0.000000 1000.000000 0.541960 134.246445 -2.761459 0.000000 0.000000 0.000000 2.273753
4400 45 132.647675 0.000000 1000.000000 1.348008 129.812546 -2.699199 4.186318 0.000000 0.000000 2.815822
4500 46 141.910751 0.000000 1000.000000 1.005483 144.470016 -4.746346 1.181611 0.000000 0.000000 1.155743
4600 47 127.720924 0.000000 1000.000000 1.074328 133.875458 -5.011480 -2.217387 0.000000 0.000000 0.579664
4700 48 139.096695 0.000000 1000.000000 0.724725 140.256561 -1.884594 0.000000 0.000000 0.000000 3.162712
4800 49 131.030807 0.000000 1000.000000 1.008242 133.455170 -3.432602 0.000000 0.000000 0.000000 1.341180
4900 50 125.379303 0.000000 1000.000000 0.714958 130.109024 -2.795980 -2.648699 0.000000 0.000000 3.722492
5000 51 142.286041 0.000000 1000.000000 1.016600 141.926086 -0.656641 0.000000 0.000000 0.000000 2.586735
5100 52 122.488312 0.000000 1000.000000 0.576383 131.612534 -5.468334 -4.232276 0.000000 0.000000 1.236142
5200 53 127.329483 0.000000 1000.000000 0.274710 136.094849 -4.400014 -4.640062 0.000000 0.000000 2.292531
5300 54 146.302750 0.000000 1000.000000 0.591307 119.877541 -4.674096 30.507990 0.000000 0.000000 2.677733
5400 55 121.191101 0.000000 1000.000000 1.152629 128.135300 -3.693730 -4.403103 0.000000 0.000000 1.598162
5500 56 138.355255 0.000000 1000.000000 0.408956 133.686920 -3.354578 7.613964 0.000000 0.000000 1.317767
5600 57 133.291260 0.000000 1000.000000 0.270215 134.139465 -1.118430 0.000000 0.000000 0.000000 2.445785
5700 58 145.130112 0.000000 1000.000000 1.179062 144.441467 -0.490417 0.000000 0.000000 0.000000 1.819776
5800 59 134.336594 0.000000 1000.000000 0.390016 129.543335 -2.031257 6.434504 0.000000 0.000000 2.723490
5900 60 147.820465 0.000000 1000.000000 0.447094 130.343674 -2.714992 19.744688 0.000000 0.000000 2.223835
6000 61 124.023811 0.000000 1000.000000 0.740152 125.878357 -2.594699 0.000000 0.000000 0.000000 2.002637
6100 62 135.651627 0.000000 1000.000000 0.240412 139.159531 -5.034004 1.285687 0.000000 0.000000 0.705777
6200 63 131.905121 0.000000 1000.000000 0.435891 131.932617 -2.400541 1.937143 0.000000 0.000000 2.732577
6300 64 126.124817 0.000000 1000.000000 0.263252 126.940399 -1.078834 0.000000 0.000000 0.000000 2.336812
6400 65 113.036400 0.000000 1000.000000 1.433888 117.432732 -4.321231 -1.508993 0.000000 0.000000 1.923089
6500 66 120.440147 0.000000 1000.000000 0.920270 122.424500 -2.904623 0.000000 0.000000 0.000000 1.869575
6600 67 137.161118 0.000000 1000.000000 0.768743 140.556366 -4.163980 0.000000 0.000000 0.000000 0.532414
6700 68 141.471100 0.000000 1000.000000 1.073283 141.283554 -1.416504 0.530767 0.000000 0.000000 3.795087
6800 69 125.612617 0.000000 1000.000000 1.801506 126.892632 -3.081523 0.000000 0.000000 0.000000 1.470324
6900 70 133.067810 0.000000 1000.000000 2.783286 131.209976 -0.925449 0.000000 0.000000 0.000000 1.748848
7000 71 128.708633 0.000000 1000.000000 1.985173 134.363358 -3.099554 -4.540347 0.000000 0.000000 1.438849
7100 72 126.351486 0.000000 1000.000000 0.192414 127.064713 -0.905637 0.000000 0.000000 0.000000 3.328593
7200 73 137.401031 0.000000 1000.000000 0.625605 139.196686 -2.421271 0.000000 0.000000 0.000000 1.454354
7300 74 123.490036 0.000000 1000.000000 0.834292 122.655746 0.000000 0.000000 0.000000 0.000000 2.513977
7400 75 120.438072 0.000000 1000.000000 0.973314 125.843987 -2.646228 -3.733000 0.000000 0.000000 2.080992
7500 76 129.063156 0.000000 1000.000000 0.822268 143.250809 -4.945309 -10.064599 0.000000 0.000000 2.893256
7600 77 139.607803 0.000000 1000.000000 2.338537 141.989990 -2.038867 -2.681859 0.000000 0.000000 3.774303
7700 78 122.440910 0.000000 1000.000000 0.265560 123.260658 -1.085309 0.000000 0.000000 0.000000 3.962561
7800 79 110.735924 0.000000 1000.000000 0.206171 115.629387 -2.344252 -2.755382 0.000000 0.000000 3.163488
7900 80 131.081833 0.000000 1000.000000 0.805934 131.865707 -1.589808 0.000000 0.000000 0.000000 1.632260
8000 81 149.944016 0.000000 1000.000000 1.059505 151.297028 -2.412528 0.000000 0.000000 0.000000 1.893217
8100 82 145.834198 0.000000 1000.000000 0.272448 146.802963 -1.241207 0.000000 0.000000 0.000000 2.905900
8200 83 154.666260 0.000000 1000.000000 0.343410 157.103256 -2.563046 -0.217364 0.000000 0.000000 1.887970
8300 84 132.348663 0.000000 1000.000000 2.705704 132.830811 -3.187857 0.000000 0.000000 0.000000 3.439136
8400 85 128.662048 0.000000 1000.000000 1.530585 129.942139 -2.810665 0.000000 0.000000 0.000000 1.637095
8500 86 134.918106 0.000000 1000.000000 0.754118 135.256668 -1.092681 0.000000 0.000000 0.000000 4.199001
8600 87 135.364197 0.000000 1000.000000 2.000290 133.363907 0.000000 0.000000 0.000000 0.000000 2.936936
8700 88 139.961487 0.000000 1000.000000 1.379992 140.151062 -1.569569 0.000000 0.000000 0.000000 3.493640
8800 89 131.384308 0.000000 1000.000000 0.521787 140.467712 -2.224441 -7.380752 0.000000 0.000000 3.424584
8900 90 149.673874 0.000000 1000.000000 0.820497 149.894653 -2.972198 1.930931 0.000000 0.000000 2.594141
9000 91 136.280167 0.000000 1000.000000 0.373963 147.892380 -4.958301 -7.027872 0.000000 0.000000 1.485158
9100 92 131.939819 0.000000 1000.000000 0.890553 142.079178 -5.021416 -6.008489 0.000000 0.000000 1.437582
9200 93 120.920769 0.000000 1000.000000 1.311959 140.924393 -5.007227 -16.308359 0.000000 0.000000 0.905132
9300 94 130.745041 0.000000 1000.000000 1.700814 130.629990 -1.585773 0.000000 0.000000 0.000000 2.089354
9400 95 130.322250 0.000000 1000.000000 0.391529 131.801758 -1.871037 0.000000 0.000000 0.000000 1.192745
9500 96 134.999344 0.000000 1000.000000 3.280143 135.098022 -3.378814 0.000000 0.000000 0.000000 0.699746
9600 97 144.390503 0.000000 1000.000000 0.667719 144.522781 -0.800010 0.000000 0.000000 0.000000 1.865594
9700 98 137.250488 0.000000 1000.000000 0.855480 137.544586 -1.149586 0.000000 0.000000 0.000000 3.552708
9800 99 147.436630 0.000000 1000.000000 0.802392 147.407852 -0.773628 0.000000 0.000000 0.000000 2.344291
9900 100 124.496223 0.000000 1000.000000 3.180902 121.955368 -0.640044 0.000000 0.000000 0.000000 1.816348
10000 101 132.551346 0.000000 1000.000000 0.939671 130.007080 -3.232843 4.837447 0.000000 0.000000 1.153903
10100 102 309.317566 0.000000 1000.000000 3.200616 131.510498 -5.008347 179.614777 0.000000 0.000000 1.281810
10200 103 155.932129 0.000000 1000.000000 2.287572 143.116852 -3.296356 13.824068 0.000000 0.000000 2.177404
10300 104 312.559692 0.000000 1000.000000 2.394865 136.538071 -4.600414 178.227158 0.000000 0.000000 1.380028
10400 105 133.739594 0.000000 1000.000000 1.944997 132.302017 -0.507413 0.000000 0.000000 0.000000 3.730157
10500 106 113.727585 0.000000 1000.000000 6.013047 118.744492 -3.421507 -7.608441 0.000000 0.000000 3.965169
10600 107 154.630234 0.000000 1000.000000 1.366657 153.263580 0.000000 0.000000 0.000000 0.000000 3.958329
10700 108 138.458420 0.000000 1000.000000 0.985505 139.783981 -2.311062 0.000000 0.000000 0.000000 3.645152
10800 109 150.431381 0.000000 1000.000000 0.750026 155.644485 -2.746860 -3.216280 0.000000 0.000000 4.162970
10900 110 129.605743 0.000000 1000.000000 0.869923 134.845383 -2.483332 -3.626216 0.000000 0.000000 3.901355
11000 111 137.080917 0.000000 1000.000000 0.897535 140.267426 -2.204875 -1.879171 0.000000 0.000000 3.466801
11100 112 146.343414 0.000000 1000.000000 1.615846 145.398834 -0.671271 0.000000 0.000000 0.000000 3.582918
11200 113 193.760727 0.000000 1000.000000 0.854893 135.452316 -1.245604 58.699127 0.000000 0.000000 2.865719
11300 114 132.727386 0.000000 1000.000000 0.618659 137.935669 -3.071522 -2.755418 0.000000 0.000000 2.091050
11400 115 148.867874 0.000000 1000.000000 0.584038 149.516373 -1.232550 0.000000 0.000000 0.000000 6.125180
11500 116 152.079620 0.000000 1000.000000 0.516802 153.216080 -1.653259 0.000000 0.000000 0.000000 2.849031
11600 117 153.565292 0.000000 1000.000000 1.250663 154.231613 -1.916974 0.000000 0.000000 0.000000 2.290782
11700 118 136.725937 0.000000 1000.000000 0.778014 146.080338 -2.913617 -7.218799 0.000000 0.000000 2.534009
11800 119 150.923065 0.000000 1000.000000 1.310537 154.125412 -3.153234 -1.359656 0.000000 0.000000 1.380285
11900 120 142.184128 0.000000 1000.000000 0.271906 142.963150 -1.050935 0.000000 0.000000 0.000000 2.726150
12000 121 130.637863 0.000000 1000.000000 0.488294 135.491989 -1.361950 -3.980465 0.000000 0.000000 2.166806
12100 122 158.351898 0.000000 1000.000000 1.385493 146.076797 -1.862418 12.752014 0.000000 0.000000 2.050920
12200 123 131.625153 0.000000 1000.000000 0.335358 132.443649 -1.153847 0.000000 0.000000 0.000000 2.388448
12300 124 141.121017 0.000000 1000.000000 1.204464 141.017761 -1.101207 0.000000 0.000000 0.000000 1.939982
12400 125 149.392944 0.000000 1000.000000 0.435878 150.073883 -1.116826 0.000000 0.000000 0.000000 3.260558
12500 126 136.594025 0.000000 1000.000000 0.310253 143.446274 -1.250966 -5.911545 0.000000 0.000000 2.444621
12600 127 150.397964 0.000000 1000.000000 0.734993 151.524979 -1.358261 -0.503748 0.000000 0.000000 2.652346
12700 128 144.033707 0.000000 1000.000000 0.176276 145.105179 -1.247742 0.000000 0.000000 0.000000 2.842610
12800 129 137.208221 0.000000 1000.000000 1.372211 141.073700 -2.684123 -2.553562 0.000000 0.000000 4.168292
12900 130 219.085846 0.000000 1000.000000 1.499083 159.188202 -3.852922 62.251488 0.000000 0.000000 3.185840
13000 131 146.343277 0.000000 1000.000000 1.137385 140.467590 -1.700529 6.438834 0.000000 0.000000 2.790991
13100 132 134.043259 0.000000 1000.000000 0.453439 134.450394 -0.860588 0.000000 0.000000 0.000000 3.089363
13200 133 132.095795 0.000000 1000.000000 0.808040 135.535263 -1.761599 -2.485909 0.000000 0.000000 4.220745
13300 134 135.134796 0.000000 1000.000000 0.317789 139.440109 -3.054744 -1.568360 0.000000 0.000000 2.904771
13400 135 140.782501 0.000000 1000.000000 1.416515 140.767883 -1.401895 0.000000 0.000000 0.000000 2.328867
13500 136 152.403122 0.000000 1000.000000 2.911118 150.480377 -0.988367 0.000000 0.000000 0.000000 2.246228
13600 137 155.797821 0.000000 1000.000000 0.578614 156.244858 -1.025650 0.000000 0.000000 0.000000 2.598735
13700 138 133.991348 0.000000 1000.000000 0.727729 134.063187 -0.799567 0.000000 0.000000 0.000000 2.876805
13800 139 136.798965 0.000000 1000.000000 0.362234 137.802307 -1.365574 0.000000 0.000000 0.000000 4.401874
13900 140 157.231094 0.000000 1000.000000 0.588165 156.642929 0.000000 0.000000 0.000000 0.000000 3.740866
14000 141 141.691910 0.000000 1000.000000 0.416860 141.275055 0.000000 0.000000 0.000000 0.000000 5.395656
14100 142 126.792252 0.000000 1000.000000 2.037938 124.885735 -0.131422 0.000000 0.000000 0.000000 3.952734
14200 143 132.095459 0.000000 1000.000000 0.425705 136.368851 -2.213851 -2.485239 0.000000 0.000000 4.217093
14300 144 125.030746 0.000000 1000.000000 0.875095 124.155655 0.000000 0.000000 0.000000 0.000000 2.438763
14400 145 119.714149 0.000000 1000.000000 0.269960 120.389267 -0.945072 0.000000 0.000000 0.000000 4.099566
14500 146 128.165329 0.000000 1000.000000 0.642994 132.155731 -2.689059 -1.944329 0.000000 0.000000 2.211894
14600 147 108.731689 0.000000 1000.000000 0.587822 116.845284 -4.660548 -4.040867 0.000000 0.000000 2.378854
14700 148 129.990128 0.000000 1000.000000 0.940530 142.431732 -4.213791 -9.168352 0.000000 0.000000 1.630457
14800 149 176.540573 0.000000 1000.000000 2.651539 156.305557 -4.788675 22.372168 0.000000 0.000000 1.369301
14900 150 130.866669 0.000000 1000.000000 0.500532 134.833130 -3.061679 -1.405315 0.000000 0.000000 1.978708
15000 151 128.222855 0.000000 1000.000000 1.677545 129.872787 -3.438200 0.110721 0.000000 0.000000 1.845613
15100 152 120.954727 0.000000 1000.000000 1.167648 131.320450 -3.187672 -8.345705 0.000000 0.000000 1.793598
15200 153 134.538330 0.000000 1000.000000 0.997313 136.057663 -2.516654 0.000000 0.000000 0.000000 1.530903
15300 154 122.538902 0.000000 1000.000000 0.569428 123.032364 -1.062890 0.000000 0.000000 0.000000 2.283029
15400 155 142.717331 0.000000 1000.000000 2.987592 142.363144 -2.633401 0.000000 0.000000 0.000000 2.719291
15500 156 154.609680 0.000000 1000.000000 1.467681 154.988647 -1.846654 0.000000 0.000000 0.000000 2.341372
15600 157 139.520813 0.000000 1000.000000 2.183514 143.476639 -2.998956 -3.140378 0.000000 0.000000 2.519618
15700 158 138.568665 0.000000 1000.000000 0.423329 142.665665 -2.469933 -2.050381 0.000000 0.000000 1.869053
15800 159 169.740692 0.000000 1000.000000 0.795176 141.141525 -3.981005 31.784985 0.000000 0.000000 1.096327
15900 160 147.173294 0.000000 1000.000000 1.649903 146.490158 -0.966769 0.000000 0.000000 0.000000 2.349884
16000 161 137.362671 0.000000 1000.000000 1.165972 138.288391 -2.091691 0.000000 0.000000 0.000000 2.399337
16100 162 135.748138 0.000000 1000.000000 2.236070 134.503510 -0.991443 0.000000 0.000000 0.000000 2.088358
16200 163 141.529785 0.000000 1000.000000 1.026547 140.503235 0.000000 0.000000 0.000000 0.000000 3.033389
16300 164 149.042999 0.000000 1000.000000 0.672708 150.366943 -1.996663 0.000000 0.000000 0.000000 3.937346
16400 165 134.044586 0.000000 1000.000000 1.433043 134.174057 -1.562521 0.000000 0.000000 0.000000 3.380915
16500 166 138.701035 0.000000 1000.000000 0.493034 138.635040 -0.427032 0.000000 0.000000 0.000000 2.720693
16600 167 147.039246 0.000000 1000.000000 0.473121 137.077225 -2.011928 11.500846 0.000000 0.000000 2.381804
16700 168 126.876717 0.000000 1000.000000 1.465436 131.400024 -2.038027 -3.950720 0.000000 0.000000 3.294064
16800 169 125.624397 0.000000 1000.000000 4.344766 124.089943 -2.903934 0.093622 0.000000 0.000000 2.692664
16900 170 123.582497 0.000000 1000.000000 0.538159 124.688545 -1.644209 0.000000 0.000000 0.000000 2.668224
17000 171 150.055008 0.000000 1000.000000 0.812191 139.585022 -3.490817 13.148603 0.000000 0.000000 1.868729
17100 172 162.084656 0.000000 1000.000000 1.456363 145.799393 -1.912609 16.741524 0.000000 0.000000 3.612222
17200 173 129.335419 0.000000 1000.000000 0.405925 130.133331 -1.203837 0.000000 0.000000 0.000000 4.005042
17300 174 149.897949 0.000000 1000.000000 0.977612 148.920334 0.000000 0.000000 0.000000 0.000000 4.145852
17400 175 137.393555 0.000000 1000.000000 0.603047 140.560638 -0.721026 -3.049108 0.000000 0.000000 4.649228
17500 176 217.436066 0.000000 1000.000000 1.527944 138.309280 -1.851918 79.450752 0.000000 0.000000 3.245782
17600 177 137.148682 0.000000 1000.000000 2.115938 136.350906 -1.318163 0.000000 0.000000 0.000000 4.965943
17700 178 144.258759 0.000000 1000.000000 0.821042 143.437714 0.000000 0.000000 0.000000 0.000000 4.598748
17800 179 172.304886 0.000000 1000.000000 0.697138 151.796219 -2.227047 22.038576 0.000000 0.000000 3.256606
17900 180 178.468857 0.000000 1000.000000 1.500953 149.413208 -2.143706 29.698412 0.000000 0.000000 3.697347
18000 181 123.037102 0.000000 1000.000000 0.407296 122.900711 -0.270904 0.000000 0.000000 0.000000 4.781111
18100 182 139.913330 0.000000 1000.000000 0.187263 141.247086 -1.521008 0.000000 0.000000 0.000000 3.329346
18200 183 132.850296 0.000000 1000.000000 1.721127 132.766083 -1.636921 0.000000 0.000000 0.000000 1.841013
18300 184 134.359879 0.000000 1000.000000 0.601454 132.293640 -2.883419 4.348212 0.000000 0.000000 1.184388
18400 185 146.674286 0.000000 1000.000000 1.118612 145.555679 0.000000 0.000000 0.000000 0.000000 2.778459
18500 186 140.266434 0.000000 1000.000000 2.408996 139.503922 -1.646482 0.000000 0.000000 0.000000 2.559990
18600 187 156.059692 0.000000 1000.000000 2.293479 155.525955 -1.759729 0.000000 0.000000 0.000000 2.512511
18700 188 124.266121 0.000000 1000.000000 0.703359 134.405853 -3.196653 -7.646429 0.000000 0.000000 3.464847
18800 189 149.939499 0.000000 1000.000000 0.524033 150.857910 -1.442451 0.000000 0.000000 0.000000 4.659008
18900 190 130.057343 0.000000 1000.000000 0.473038 143.090683 -3.522234 -9.984140 0.000000 0.000000 2.514544
19000 191 138.240189 0.000000 1000.000000 1.173435 138.447479 -1.380730 0.000000 0.000000 0.000000 3.084102
19100 192 134.348679 0.000000 1000.000000 2.253797 133.573898 -1.479021 0.000000 0.000000 0.000000 4.196190
19200 193 128.083984 0.000000 1000.000000 1.335403 127.295517 -0.546929 0.000000 0.000000 0.000000 7.122056
19300 194 150.769882 0.000000 1000.000000 2.162502 139.355286 -2.737763 11.989859 0.000000 0.000000 3.264746
19400 195 115.854126 0.000000 1000.000000 0.649886 126.498856 -3.672153 -7.622468 0.000000 0.000000 2.587898
19500 196 148.039398 0.000000 1000.000000 0.777114 129.537048 -1.951840 19.677071 0.000000 0.000000 2.160916
19600 197 123.097336 0.000000 1000.000000 0.337772 123.862831 -1.103265 0.000000 0.000000 0.000000 3.073581
19700 198 144.765518 0.000000 1000.000000 1.600944 145.951767 -2.787187 0.000000 0.000000 0.000000 2.052922
19800 199 118.000320 0.000000 1000.000000 0.962419 118.692253 -1.654349 0.000000 0.000000 0.000000 3.253656
19900 200 122.598183 0.000000 1000.000000 0.728809 122.816933 -0.947555 0.000000 0.000000 0.000000 4.093151
20000 201 107.730606 0.000000 1000.000000 0.625424 113.013107 -4.062191 -1.845734 0.000000 0.000000 2.043296
20100 202 133.164703 0.000000 1000.000000 1.465206 134.276962 -6.290416 3.712958 0.000000 0.000000 1.055721
20200 203 133.138229 0.000000 1000.000000 0.293273 135.723648 -2.878699 0.000000 0.000000 0.000000 2.312001
20300 204 115.930527 0.000000 1000.000000 0.891816 126.384384 -5.357365 -5.988306 0.000000 0.000000 1.244240
20400 205 119.882584 0.000000 1000.000000 0.658645 121.167870 -1.943929 0.000000 0.000000 0.000000 2.612536
20500 206 129.981369 0.000000 1000.000000 0.383287 131.713547 -2.033283 -0.082179 0.000000 0.000000 2.573071
20600 207 108.418350 0.000000 1000.000000 0.781131 109.195763 -1.558544 0.000000 0.000000 0.000000 1.638076
20700 208 121.793526 0.000000 1000.000000 0.426066 136.238037 -6.137993 -8.732580 0.000000 0.000000 1.197214
20800 209 146.019897 0.000000 1000.000000 1.162211 138.705185 -4.833268 10.985771 0.000000 0.000000 1.061990
20900 210 154.949600 0.000000 1000.000000 0.472188 161.518143 -3.052403 -3.988334 0.000000 0.000000 1.630636
21000 211 137.314377 0.000000 1000.000000 0.487269 138.199219 -1.372115 0.000000 0.000000 0.000000 3.166927
21100 212 139.940247 0.000000 1000.000000 0.528535 140.526077 -1.114369 0.000000 0.000000 0.000000 1.177933
21200 213 127.894257 0.000000 1000.000000 0.361837 128.468964 -0.936535 0.000000 0.000000 0.000000 2.216609
21300 214 126.554214 0.000000 1000.000000 1.338241 131.255142 -1.310514 -4.728654 0.000000 0.000000 1.751099
21400 215 126.033867 0.000000 1000.000000 0.452700 127.181496 -1.600324 0.000000 0.000000 0.000000 3.286539
21500 216 149.808105 0.000000 1000.000000 1.597192 150.174911 -1.964006 0.000000 0.000000 0.000000 1.720719
21600 217 146.957230 0.000000 1000.000000 0.810523 147.800659 -1.653945 0.000000 0.000000 0.000000 2.056911
21700 218 136.288239 0.000000 1000.000000 0.234487 136.868698 -0.814942 0.000000 0.000000 0.000000 2.208011
21800 219 135.605453 0.000000 1000.000000 1.269786 134.813202 -0.477532 0.000000 0.000000 0.000000 2.537721
21900 220 148.500183 0.000000 1000.000000 1.559793 148.422272 -1.481888 0.000000 0.000000 0.000000 4.251966
22000 221 158.029022 0.000000 1000.000000 0.842143 129.886459 -4.538793 31.839209 0.000000 0.000000 1.720018
22100 222 138.673843 0.000000 1000.000000 0.349989 144.725403 -3.894560 -2.506982 0.000000 0.000000 2.584054
22200 223 116.910561 0.000000 1000.000000 0.325618 125.555077 -1.350425 -7.619703 0.000000 0.000000 3.770292
22300 224 138.745758 0.000000 1000.000000 1.191854 135.484940 -2.005075 4.074045 0.000000 0.000000 2.612110
22400 225 143.282074 0.000000 1000.000000 1.812404 142.973373 -1.503710 0.000000 0.000000 0.000000 2.129376
22500 226 116.056152 0.000000 1000.000000 0.506483 116.609344 -1.059677 0.000000 0.000000 0.000000 2.755999
22600 227 137.625809 0.000000 1000.000000 0.568369 138.424210 -1.366769 0.000000 0.000000 0.000000 2.216696
22700 228 116.625809 0.000000 1000.000000 0.528423 120.377319 -2.133377 -2.146559 0.000000 0.000000 1.689214
22800 229 138.711060 0.000000 1000.000000 0.829257 147.728043 -4.776175 -5.070065 0.000000 0.000000 1.695378
22900 230 136.361725 0.000000 1000.000000 0.818236 141.604752 -2.536985 -3.524279 0.000000 0.000000 1.954448
23000 231 144.707504 0.000000 1000.000000 1.330396 144.463364 -1.086254 0.000000 0.000000 0.000000 1.969093
23100 232 140.183792 0.000000 1000.000000 0.611537 144.542847 -3.477077 -1.493512 0.000000 0.000000 1.630335
23200 233 130.633347 0.000000 1000.000000 0.777879 130.421585 -2.002106 1.435989 0.000000 0.000000 2.712178
23300 234 135.722565 0.000000 1000.000000 1.961990 136.421936 -4.042385 1.381021 0.000000 0.000000 2.490389
23400 235 139.680511 0.000000 1000.000000 0.529840 141.665695 -5.367883 2.852862 0.000000 0.000000 1.414355
23500 236 127.094765 0.000000 1000.000000 0.361435 128.324951 -1.591624 0.000000 0.000000 0.000000 2.811898
23600 237 124.988174 0.000000 1000.000000 0.295300 130.050079 -2.396662 -2.960550 0.000000 0.000000 3.239285
23700 238 123.910126 0.000000 1000.000000 0.470061 123.440063 0.000000 0.000000 0.000000 0.000000 3.394343
23800 239 143.074783 0.000000 1000.000000 2.239119 141.709839 -0.874174 0.000000 0.000000 0.000000 2.034071
23900 240 127.393349 0.000000 1000.000000 0.966370 127.160103 -0.733133 0.000000 0.000000 0.000000 2.182556
24000 241 116.199532 0.000000 1000.000000 0.334263 115.865265 0.000000 0.000000 0.000000 0.000000 1.978838
24100 242 127.135925 0.000000 1000.000000 0.278257 128.818909 -1.961245 0.000000 0.000000 0.000000 2.256806
24200 243 118.075768 0.000000 1000.000000 0.161833 122.030632 -4.116701 0.000000 0.000000 0.000000 0.979263
24300 244 126.795990 0.000000 1000.000000 0.333733 127.742378 -1.280121 0.000000 0.000000 0.000000 1.828186
24400 245 132.108551 0.000000 1000.000000 0.291173 133.472717 -1.655339 0.000000 0.000000 0.000000 2.722902
24500 246 136.342010 0.000000 1000.000000 0.941034 136.562424 -1.161459 0.000000 0.000000 0.000000 2.434181
24600 247 145.992142 0.000000 1000.000000 0.368293 147.493256 -1.869400 0.000000 0.000000 0.000000 1.940529
24700 248 140.795654 0.000000 1000.000000 0.453770 142.468445 -2.126556 0.000000 0.000000 0.000000 1.407776
24800 249 147.127197 0.000000 1000.000000 0.202417 147.469025 -0.544252 0.000000 0.000000 0.000000 3.414036
24900 250 136.563171 0.000000 1000.000000 0.734529 136.833115 -1.004466 0.000000 0.000000 0.000000 3.529289
25000 251 124.294678 0.000000 1000.000000 1.210654 125.039795 -1.955772 0.000000 0.000000 0.000000 3.284412
25100 252 120.340149 0.000000 1000.000000 0.528729 121.574043 -1.762628 0.000000 0.000000 0.000000 4.513474
25200 253 122.507027 0.000000 1000.000000 0.558630 123.497383 -1.548987 0.000000 0.000000 0.000000 3.953023
25300 254 142.228378 0.000000 1000.000000 0.940490 142.747620 -1.459735 0.000000 0.000000 0.000000 4.759082
25400 255 116.064163 0.000000 1000.000000 0.985006 118.231590 -2.799858 -0.352578 0.000000 0.000000 3.401663
25500 256 174.239532 0.000000 1000.000000 1.287808 140.482437 -1.812931 34.282219 0.000000 0.000000 3.592267
25600 257 131.659698 0.000000 1000.000000 0.587253 132.245102 -1.172657 0.000000 0.000000 0.000000 4.685238
25700 258 153.725861 0.000000 1000.000000 0.820541 153.896057 -0.990743 0.000000 0.000000 0.000000 5.946152
25800 259 131.875183 0.000000 1000.000000 0.141536 131.733643 0.000000 0.000000 0.000000 0.000000 4.724126
25900 260 146.943039 0.000000 1000.000000 0.428530 147.871933 -1.357419 0.000000 0.000000 0.000000 2.992872
26000 261 129.797165 0.000000 1000.000000 0.544985 129.792160 -0.539985 0.000000 0.000000 0.000000 4.548525
26100 262 129.797119 0.000000 1000.000000 0.670815 130.787979 -1.661684 0.000000 0.000000 0.000000 3.062073
26200 263 119.156433 0.000000 1000.000000 0.574331 119.842506 -1.260403 0.000000 0.000000 0.000000 5.043428
26300 264 126.692108 0.000000 1000.000000 0.418524 128.235062 -1.961474 0.000000 0.000000 0.000000 2.227309
26400 265 148.158203 0.000000 1000.000000 1.788990 147.345566 -0.976343 0.000000 0.000000 0.000000 3.546569
26500 266 155.484375 0.000000 1000.000000 1.127015 156.119400 -1.762043 0.000000 0.000000 0.000000 3.649886
26600 267 134.693588 0.000000 1000.000000 0.384997 136.376862 -2.068266 0.000000 0.000000 0.000000 2.987543
26700 268 131.441605 0.000000 1000.000000 0.779786 135.544403 -1.900228 -2.982365 0.000000 0.000000 4.245673
26800 269 185.183304 0.000000 1000.000000 0.630223 178.596817 -1.528066 7.484332 0.000000 0.000000 5.037037
26900 270 135.963150 0.000000 1000.000000 0.549181 137.492783 -2.078812 0.000000 0.000000 0.000000 2.657605
27000 271 137.475540 0.000000 1000.000000 0.794255 141.258469 -2.077095 -2.500087 0.000000 0.000000 3.304793
27100 272 152.344818 0.000000 1000.000000 1.222976 139.198715 -1.278682 13.201820 0.000000 0.000000 3.506866
27200 273 139.616425 0.000000 1000.000000 0.466945 143.031769 -1.688111 -2.194180 0.000000 0.000000 3.911480
27300 274 141.934479 0.000000 1000.000000 0.368650 150.135727 -3.481676 -5.088229 0.000000 0.000000 1.002184
27400 275 144.645004 0.000000 1000.000000 1.272178 143.489075 -0.116248 0.000000 0.000000 0.000000 2.552750
27500 276 146.911179 0.000000 1000.000000 0.748829 148.929611 -2.767265 0.000000 0.000000 0.000000 1.099272
27600 277 128.241455 0.000000 1000.000000 2.525731 127.749573 -2.033838 0.000000 0.000000 0.000000 2.216745
27700 278 243.167099 0.000000 1000.000000 1.730416 140.282974 -3.884734 105.038437 0.000000 0.000000 1.635365
27800 279 125.058197 0.000000 1000.000000 0.359843 130.319046 -3.018861 -2.601839 0.000000 0.000000 1.361549
27900 280 130.647415 0.000000 1000.000000 0.469066 137.602203 -3.523792 -3.900070 0.000000 0.000000 1.005252
28000 281 120.417091 0.000000 1000.000000 0.510033 125.485367 -4.035696 -1.542612 0.000000 0.000000 1.135801
28100 282 147.873611 0.000000 1000.000000 1.133260 147.886734 -1.146380 0.000000 0.000000 0.000000 0.837593
28200 283 151.103333 0.000000 1000.000000 0.507619 151.479294 -0.883570 0.000000 0.000000 0.000000 0.993453
28300 284 177.756500 0.000000 1000.000000 2.048969 154.590607 -2.608628 23.725555 0.000000 0.000000 1.149620
28400 285 116.801643 0.000000 1000.000000 2.748479 129.201141 -5.698829 -9.449142 0.000000 0.000000 1.288942
28500 286 154.837784 0.000000 1000.000000 0.780871 155.935410 -1.878497 0.000000 0.000000 0.000000 0.921355
28600 287 141.688004 0.000000 1000.000000 0.717302 141.574463 -0.603765 0.000000 0.000000 0.000000 1.845285
28700 288 130.387207 0.000000 1000.000000 0.532773 137.571289 -3.539758 -4.177090 0.000000 0.000000 1.489897
28800 289 138.610184 0.000000 1000.000000 1.789382 138.096939 -1.276143 0.000000 0.000000 0.000000 2.782897
28900 290 123.369377 0.000000 1000.000000 0.245537 123.123840 0.000000 0.000000 0.000000 0.000000 2.319642
29000 291 113.084068 0.000000 1000.000000 2.113528 113.874374 -2.903833 0.000000 0.000000 0.000000 0.887333
29100 292 133.916199 0.000000 1000.000000 0.448100 138.017166 -2.449096 -2.099978 0.000000 0.000000 2.033682
29200 293 137.076218 0.000000 1000.000000 0.829775 142.326141 -2.809821 -3.269887 0.000000 0.000000 2.092049
29300 294 120.900986 0.000000 1000.000000 1.032542 126.820038 -3.594632 -3.356957 0.000000 0.000000 2.396222
29400 295 131.208893 0.000000 1000.000000 0.268939 139.491592 -3.109418 -5.442213 0.000000 0.000000 1.914990
29500 296 122.884575 0.000000 1000.000000 0.296088 130.436050 -4.701787 -3.145764 0.000000 0.000000 2.062257
29600 297 112.374557 0.000000 1000.000000 0.665128 118.757919 -3.525700 -3.522795 0.000000 0.000000 1.273050
29700 298 138.212418 0.000000 1000.000000 0.512765 141.321518 -2.156687 -1.465180 0.000000 0.000000 2.390887
29800 299 132.401443 0.000000 1000.000000 0.464950 131.936493 0.000000 0.000000 0.000000 0.000000 4.309709
29900 300 126.299973 0.000000 1000.000000 0.204838 127.801659 -1.706531 0.000000 0.000000 0.000000 2.207006
30000 301 114.309402 0.000000 1000.000000 0.740105 120.175957 -1.745094 -4.861567 0.000000 0.000000 2.121989
30100 302 124.935219 0.000000 1000.000000 1.626828 127.728149 -2.439078 -1.980682 0.000000 0.000000 3.124479
30200 303 140.928116 0.000000 1000.000000 1.135923 141.535828 -1.743633 0.000000 0.000000 0.000000 1.728098
30300 304 139.842224 0.000000 1000.000000 1.916553 143.341400 -2.318959 -3.096771 0.000000 0.000000 2.500147
30400 305 147.596329 0.000000 1000.000000 0.842898 147.567123 -0.813686 0.000000 0.000000 0.000000 2.772548
30500 306 132.194702 0.000000 1000.000000 1.326087 132.638580 -1.769960 0.000000 0.000000 0.000000 2.939319
30600 307 138.013229 0.000000 1000.000000 0.313623 139.316589 -1.616996 0.000000 0.000000 0.000000 2.854161
30700 308 146.160095 0.000000 1000.000000 1.983181 145.338333 -1.161419 0.000000 0.000000 0.000000 1.527039
30800 309 151.139221 0.000000 1000.000000 0.552194 151.098618 -0.511596 0.000000 0.000000 0.000000 3.512143
30900 310 134.289215 0.000000 1000.000000 0.401062 137.315384 -2.204397 -1.222834 0.000000 0.000000 2.051152
31000 311 166.050964 0.000000 1000.000000 0.943245 165.107712 0.000000 0.000000 0.000000 0.000000 2.928336
31100 312 134.883530 0.000000 1000.000000 0.930445 140.353348 -3.143705 -3.256566 0.000000 0.000000 1.564177
31200 313 132.186554 0.000000 1000.000000 1.835036 131.106552 -0.755039 0.000000 0.000000 0.000000 3.464444
31300 314 135.872452 0.000000 1000.000000 0.508503 135.363953 0.000000 0.000000 0.000000 0.000000 5.493937
31400 315 135.864502 0.000000 1000.000000 0.668834 135.397324 -0.201653 0.000000 0.000000 0.000000 2.964376
31500 316 129.095612 0.000000 1000.000000 2.469879 128.381210 -1.755474 0.000000 0.000000 0.000000 1.985706
31600 317 140.430618 0.000000 1000.000000 0.239857 141.170776 -0.980012 0.000000 0.000000 0.000000 3.453220
31700 318 119.198845 0.000000 1000.000000 0.278593 120.015251 -1.095000 0.000000 0.000000 0.000000 2.032819
31800 319 129.068604 0.000000 1000.000000 0.247111 135.002045 -3.680457 -2.500106 0.000000 0.000000 2.325637
31900 320 135.707855 0.000000 1000.000000 1.312055 134.509064 -3.525006 3.411744 0.000000 0.000000 1.390397
32000 321 136.151016 0.000000 1000.000000 0.563760 137.127975 -1.540724 0.000000 0.000000 0.000000 1.172529
32100 322 132.355392 0.000000 1000.000000 0.460064 135.622864 -1.801386 -1.926145 0.000000 0.000000 2.006610
32200 323 138.998444 0.000000 1000.000000 0.399261 147.087540 -3.018275 -5.470075 0.000000 0.000000 1.997234
32300 324 147.564148 0.000000 1000.000000 0.519413 150.677536 -3.632796 0.000000 0.000000 0.000000 1.547331
32400 325 140.243576 0.000000 1000.000000 2.345476 140.462234 -2.564133 0.000000 0.000000 0.000000 1.762732
32500 326 125.133003 0.000000 1000.000000 1.950163 129.785904 -3.370048 -3.233023 0.000000 0.000000 1.788621
32600 327 178.820343 0.000000 1000.000000 1.256736 143.041962 -2.982299 37.503956 0.000000 0.000000 1.438181
32700 328 129.925797 0.000000 1000.000000 1.364131 130.614304 -1.235943 -0.816693 0.000000 0.000000 1.423470
32800 329 125.021538 0.000000 1000.000000 0.273338 129.808655 -2.981473 -2.078975 0.000000 0.000000 1.929132
32900 330 174.758392 0.000000 1000.000000 1.639545 130.566391 -2.182432 44.734901 0.000000 0.000000 1.367195
33000 331 128.929504 0.000000 1000.000000 0.239532 130.276749 -1.586777 0.000000 0.000000 0.000000 2.166772
33100 332 124.861099 0.000000 1000.000000 0.544358 124.316742 0.000000 0.000000 0.000000 0.000000 1.467259
33200 333 119.704506 0.000000 1000.000000 0.686457 122.167038 -3.148987 0.000000 0.000000 0.000000 1.050572
33300 334 122.304115 0.000000 1000.000000 2.978584 135.456604 -5.534776 -10.596292 0.000000 0.000000 0.876545
33400 335 105.643799 0.000000 1000.000000 0.655458 113.864868 -5.649076 -3.227449 0.000000 0.000000 0.600146
33500 336 126.580627 0.000000 1000.000000 0.372826 132.588669 -5.754461 -0.626413 0.000000 0.000000 1.306677
33600 337 143.902145 0.000000 1000.000000 1.947817 143.527252 -1.572920 0.000000 0.000000 0.000000 2.639400
33700 338 151.184708 0.000000 1000.000000 2.022633 154.548828 -4.159426 -1.227321 0.000000 0.000000 4.174910
33800 339 121.651497 0.000000 1000.000000 0.103518 125.379906 -3.831922 0.000000 0.000000 0.000000 1.362345
33900 340 117.514938 0.000000 1000.000000 0.916494 122.435905 -4.580173 -1.257290 0.000000 0.000000 0.857195
34000 341 123.808456 0.000000 1000.000000 0.302159 132.422424 -3.920491 -4.995640 0.000000 0.000000 2.237410
34100 342 121.669235 0.000000 1000.000000 0.396183 125.886734 -2.775298 -1.838379 0.000000 0.000000 1.346374
34200 343 137.800980 0.000000 1000.000000 0.494347 140.737274 -3.430643 0.000000 0.000000 0.000000 1.154638
34300 344 132.888596 0.000000 1000.000000 0.555966 135.382843 -0.920318 -2.129895 0.000000 0.000000 3.765582
34400 345 134.956253 0.000000 1000.000000 0.546447 133.150314 -2.798122 4.057613 0.000000 0.000000 1.601680
34500 346 140.575867 0.000000 1000.000000 1.074485 139.501389 0.000000 0.000000 0.000000 0.000000 2.592319
34600 347 138.468445 0.000000 1000.000000 0.704965 140.006226 -2.151646 -0.091106 0.000000 0.000000 3.782042
34700 348 128.462952 0.000000 1000.000000 0.357095 129.070999 -0.965151 0.000000 0.000000 0.000000 2.612958
34800 349 120.341606 0.000000 1000.000000 0.181947 131.592545 -4.824641 -6.608243 0.000000 0.000000 1.238149
34900 350 140.627655 0.000000 1000.000000 0.248558 142.063782 -1.684671 0.000000 0.000000 0.000000 1.079151
35000 351 142.159790 0.000000 1000.000000 0.802969 141.356827 0.000000 0.000000 0.000000 0.000000 3.446794
35100 352 133.928024 0.000000 1000.000000 0.348887 146.633224 -6.627858 -6.426242 0.000000 0.000000 1.928711
35200 353 124.319534 0.000000 1000.000000 1.228628 127.899704 -2.507605 -2.301188 0.000000 0.000000 1.500640
35300 354 130.063110 0.000000 1000.000000 0.405886 147.313034 -4.666589 -12.989210 0.000000 0.000000 1.369106
35400 355 136.701569 0.000000 1000.000000 1.439848 135.701614 -0.439902 0.000000 0.000000 0.000000 3.096912
35500 356 134.265366 0.000000 1000.000000 0.583838 134.552017 -0.870480 0.000000 0.000000 0.000000 3.110924
35600 357 119.809479 0.000000 1000.000000 0.737722 124.317238 -4.356580 -0.888900 0.000000 0.000000 1.369939
35700 358 127.914764 0.000000 1000.000000 1.558545 127.443420 -1.087204 0.000000 0.000000 0.000000 2.015596
35800 359 134.776978 0.000000 1000.000000 0.366425 136.720352 -2.309807 0.000000 0.000000 0.000000 2.149274
35900 360 134.122925 0.000000 1000.000000 0.953050 140.565765 -4.437870 -2.958026 0.000000 0.000000 2.029665
36000 361 128.508286 0.000000 1000.000000 1.791827 133.137421 -2.691835 -3.729129 0.000000 0.000000 3.989951
36100 362 141.043076 0.000000 1000.000000 0.902354 133.858047 -4.083149 10.365814 0.000000 0.000000 2.219909
36200 363 139.817230 0.000000 1000.000000 0.303162 147.315414 -4.077324 -3.724030 0.000000 0.000000 1.534109
36300 364 155.624237 0.000000 1000.000000 0.632354 129.043304 -5.608768 31.557339 0.000000 0.000000 1.336292
36400 365 149.162918 0.000000 1000.000000 0.540973 148.621948 0.000000 0.000000 0.000000 0.000000 2.743356
36500 366 191.398727 0.000000 1000.000000 1.013940 133.414078 -4.856015 61.826721 0.000000 0.000000 0.974934
36600 367 142.919083 0.000000 1000.000000 2.943290 142.489075 -2.513278 0.000000 0.000000 0.000000 1.015026
36700 368 130.961655 0.000000 1000.000000 2.300658 129.302353 -0.641359 0.000000 0.000000 0.000000 3.402267
36800 369 128.657074 0.000000 1000.000000 0.633473 134.070709 -3.223900 -2.823198 0.000000 0.000000 2.459578
36900 370 128.538635 0.000000 1000.000000 0.507741 132.595306 -2.538591 -2.025816 0.000000 0.000000 3.259743
37000 371 129.731125 0.000000 1000.000000 0.886622 130.223618 -1.379114 0.000000 0.000000 0.000000 3.334342
37100 372 132.638336 0.000000 1000.000000 1.651143 120.536743 -3.121475 13.571924 0.000000 0.000000 1.184999
37200 373 133.055466 0.000000 1000.000000 1.581380 135.432495 -3.329247 -0.629150 0.000000 0.000000 2.159328
37300 374 122.392860 0.000000 1000.000000 1.017515 122.995651 -1.620306 0.000000 0.000000 0.000000 2.315006
37400 375 141.481995 0.000000 1000.000000 0.424829 143.063965 -2.006799 0.000000 0.000000 0.000000 1.627217
37500 376 121.954399 0.000000 1000.000000 0.186360 127.778801 -4.239018 -1.771740 0.000000 0.000000 0.983651
37600 377 107.577499 0.000000 1000.000000 0.251718 117.549217 -5.117557 -5.105880 0.000000 0.000000 0.806995
37700 378 136.919495 0.000000 1000.000000 1.394357 137.425339 -1.900208 0.000000 0.000000 0.000000 1.541525
37800 379 136.948318 0.000000 1000.000000 1.773193 138.629333 -2.039615 -1.414596 0.000000 0.000000 2.427166
37900 380 126.598038 0.000000 1000.000000 0.973817 130.811752 -2.442190 -2.745349 0.000000 0.000000 1.943556
38000 381 131.078888 0.000000 1000.000000 0.361319 127.349808 -2.582987 5.950740 0.000000 0.000000 4.538402
38100 382 134.670761 0.000000 1000.000000 0.540744 132.574112 -4.224251 5.780160 0.000000 0.000000 3.090655
38200 383 126.867134 0.000000 1000.000000 1.377246 133.129837 -2.739348 -4.900599 0.000000 0.000000 1.890471
38300 384 130.049606 0.000000 1000.000000 1.479801 131.827042 -3.257238 0.000000 0.000000 0.000000 1.256810
38400 385 141.473846 0.000000 1000.000000 0.779685 145.946030 -2.773421 -2.478433 0.000000 0.000000 2.586299
38500 386 115.006401 0.000000 1000.000000 0.293924 122.232422 -2.691265 -4.828683 0.000000 0.000000 3.305713
38600 387 108.058533 0.000000 1000.000000 0.778030 113.507385 -2.578599 -3.648285 0.000000 0.000000 1.825373
38700 388 132.344116 0.000000 1000.000000 0.574386 134.091690 -2.321961 0.000000 0.000000 0.000000 1.171794
38800 389 130.278885 0.000000 1000.000000 0.322367 135.036835 -2.802584 -2.277745 0.000000 0.000000 2.113533
38900 390 124.330597 0.000000 1000.000000 0.149577 132.835449 -4.661906 -3.992522 0.000000 0.000000 1.794323
39000 391 126.883720 0.000000 1000.000000 0.228626 129.991455 -3.336360 0.000000 0.000000 0.000000 1.803444
39100 392 120.278381 0.000000 1000.000000 0.247251 130.930420 -4.435034 -6.464253 0.000000 0.000000 1.218946
39200 393 118.210793 0.000000 1000.000000 0.531919 132.646744 -6.092521 -8.875349 0.000000 0.000000 1.629284
39300 394 126.455460 0.000000 1000.000000 0.396392 136.764297 -5.682710 -5.022521 0.000000 0.000000 1.054425
39400 395 158.192688 0.000000 1000.000000 0.602968 145.946747 -4.870490 16.513462 0.000000 0.000000 0.790945
39500 396 120.422264 0.000000 1000.000000 0.153500 133.233200 -5.468918 -7.495522 0.000000 0.000000 0.867038
39600 397 131.561005 0.000000 1000.000000 0.720995 131.880371 -1.040353 0.000000 0.000000 0.000000 2.013536
39700 398 126.146057 0.000000 1000.000000 2.177830 136.832596 -5.153034 -7.711330 0.000000 0.000000 1.430430
39800 399 149.681000 0.000000 1000.000000 0.291874 150.375473 -0.986347 0.000000 0.000000 0.000000 1.480091
39900 400 139.949127 0.000000 1000.000000 0.460160 141.742172 -2.253197 0.000000 0.000000 0.000000 1.338741
40000 401 135.990707 0.000000 1000.000000 0.968775 137.394547 -2.372612 0.000000 0.000000 0.000000 2.600788
40100 402 142.053116 0.000000 1000.000000 1.451351 141.074341 -0.472576 0.000000 0.000000 0.000000 3.010644
40200 403 127.412735 0.000000 1000.000000 0.609500 127.263275 -0.460037 0.000000 0.000000 0.000000 1.925812
40300 404 143.759094 0.000000 1000.000000 0.511205 145.393799 -2.145912 0.000000 0.000000 0.000000 3.839543
40400 405 130.869629 0.000000 1000.000000 1.892599 130.607819 -1.630780 0.000000 0.000000 0.000000 2.361320
40500 406 142.560028 0.000000 1000.000000 0.321539 143.233276 -0.994783 0.000000 0.000000 0.000000 2.847317
40600 407 130.124603 0.000000 1000.000000 0.522554 130.834671 -1.232617 0.000000 0.000000 0.000000 6.093117
40700 408 150.478592 0.000000 1000.000000 0.278979 152.386475 -2.186858 0.000000 0.000000 0.000000 3.185039
40800 409 151.043289 0.000000 1000.000000 1.240374 150.789886 -0.986966 0.000000 0.000000 0.000000 7.148154
40900 410 135.332047 0.000000 1000.000000 0.659460 136.064804 -1.392205 0.000000 0.000000 0.000000 4.620268
41000 411 132.616104 0.000000 1000.000000 0.897699 132.886887 -1.168488 0.000000 0.000000 0.000000 2.744844
41100 412 150.533875 0.000000 1000.000000 0.799753 150.042099 -0.307989 0.000000 0.000000 0.000000 3.145474
41200 413 152.496277 0.000000 1000.000000 0.411460 152.471344 -0.386522 0.000000 0.000000 0.000000 4.074100
41300 414 131.625702 0.000000 1000.000000 1.165794 130.459900 0.000000 0.000000 0.000000 0.000000 4.400848
41400 415 139.616837 0.000000 1000.000000 0.999302 141.460785 -1.050296 -1.792949 0.000000 0.000000 3.276585
41500 416 125.731102 0.000000 1000.000000 1.090877 124.685181 -0.044953 0.000000 0.000000 0.000000 3.218792
41600 417 132.664017 0.000000 1000.000000 1.096072 133.604843 -2.036897 0.000000 0.000000 0.000000 2.422488
41700 418 134.485352 0.000000 1000.000000 1.715241 132.770111 0.000000 0.000000 0.000000 0.000000 2.405773
41800 419 154.691147 0.000000 1000.000000 0.488591 155.549072 -1.346518 0.000000 0.000000 0.000000 2.826276
41900 420 136.947556 0.000000 1000.000000 1.016843 137.086624 -1.155918 0.000000 0.000000 0.000000 3.032645
42000 421 138.073013 0.000000 1000.000000 0.621067 139.393906 -1.941951 0.000000 0.000000 0.000000 1.720479
42100 422 124.459198 0.000000 1000.000000 1.354048 123.105148 0.000000 0.000000 0.000000 0.000000 2.729312
42200 423 136.045578 0.000000 1000.000000 0.936562 135.109009 0.000000 0.000000 0.000000 0.000000 3.258228
42300 424 143.713425 0.000000 1000.000000 1.620341 142.093079 0.000000 0.000000 0.000000 0.000000 2.290424
42400 425 139.592545 0.000000 1000.000000 0.567882 140.508865 -1.484206 0.000000 0.000000 0.000000 1.488883
42500 426 150.384598 0.000000 1000.000000 1.390239 149.815979 -0.821632 0.000000 0.000000 0.000000 2.530333
42600 427 126.075516 0.000000 1000.000000 0.900348 126.518906 -1.343738 0.000000 0.000000 0.000000 2.858165
42700 428 157.012985 0.000000 1000.000000 0.372940 157.792282 -1.152242 0.000000 0.000000 0.000000 1.944875
42800 429 130.088425 0.000000 1000.000000 1.252223 130.410950 -1.574754 0.000000 0.000000 0.000000 2.864856
42900 430 136.555099 0.000000 1000.000000 1.221608 136.024521 -0.691029 0.000000 0.000000 0.000000 2.284322
43000 431 138.714218 0.000000 1000.000000 1.213715 138.501114 -1.000607 0.000000 0.000000 0.000000 2.372635
43100 432 143.880432 0.000000 1000.000000 0.849317 137.813553 -1.602060 6.819624 0.000000 0.000000 4.328486
43200 433 126.166855 0.000000 1000.000000 0.485780 126.810539 -1.129464 0.000000 0.000000 0.000000 3.295023
43300 434 136.285370 0.000000 1000.000000 0.944137 135.341232 0.000000 0.000000 0.000000 0.000000 2.222928
43400 435 121.858070 0.000000 1000.000000 0.838109 121.483231 -0.463270 0.000000 0.000000 0.000000 2.273684
43500 436 147.664993 0.000000 1000.000000 1.174265 148.382004 -1.891278 0.000000 0.000000 0.000000 1.955419
43600 437 134.981720 0.000000 1000.000000 0.716079 136.039032 -1.773396 0.000000 0.000000 0.000000 2.969039
43700 438 147.701782 0.000000 1000.000000 0.421734 148.057800 -0.777749 0.000000 0.000000 0.000000 2.926524
43800 439 128.507324 0.000000 1000.000000 2.868630 129.102417 -3.463723 0.000000 0.000000 0.000000 1.390788
43900 440 114.033066 0.000000 1000.000000 0.754429 121.477737 -2.328338 -5.870768 0.000000 0.000000 1.188731
44000 441 145.953110 0.000000 1000.000000 0.315915 152.164825 -3.738239 -2.789404 0.000000 0.000000 2.302701
44100 442 158.085831 0.000000 1000.000000 1.214787 156.871048 0.000000 0.000000 0.000000 0.000000 3.105868
44200 443 135.918686 0.000000 1000.000000 0.631834 138.701050 -3.414204 0.000000 0.000000 0.000000 0.705182
44300 444 140.345078 0.000000 1000.000000 1.923153 142.685089 -2.260496 -2.002672 0.000000 0.000000 1.351027
44400 445 155.746780 0.000000 1000.000000 0.429847 146.787888 -3.257490 11.786547 0.000000 0.000000 1.210825
44500 446 163.162170 0.000000 1000.000000 1.511695 146.273849 -1.497394 16.874016 0.000000 0.000000 3.531797
44600 447 138.915451 0.000000 1000.000000 1.717932 138.717072 -1.519545 0.000000 0.000000 0.000000 1.530659
44700 448 147.548920 0.000000 1000.000000 0.605104 150.384048 -3.440231 0.000000 0.000000 0.000000 1.100678
44800 449 126.590942 0.000000 1000.000000 0.951154 141.302383 -4.664123 -10.998474 0.000000 0.000000 1.456681
44900 450 147.364258 0.000000 1000.000000 0.978455 150.673035 -2.769337 -1.517895 0.000000 0.000000 1.688109
45000 451 123.695435 0.000000 1000.000000 0.665549 129.660675 -4.672374 -1.958415 0.000000 0.000000 0.738449
45100 452 147.854095 0.000000 1000.000000 3.129743 147.038086 -2.313732 0.000000 0.000000 0.000000 0.997346
45200 453 133.054565 0.000000 1000.000000 1.985705 138.970810 -3.980772 -3.921173 0.000000 0.000000 1.237146
45300 454 132.950150 0.000000 1000.000000 0.696135 131.225418 -3.286949 4.315530 0.000000 0.000000 3.305567
45400 455 132.523026 0.000000 1000.000000 0.253404 132.269623 0.000000 0.000000 0.000000 0.000000 2.900674
45500 456 147.413879 0.000000 1000.000000 0.924705 148.506546 -2.017372 0.000000 0.000000 0.000000 2.160715
45600 457 124.730690 0.000000 1000.000000 1.609661 123.121033 0.000000 0.000000 0.000000 0.000000 1.849097
45700 458 128.424179 0.000000 1000.000000 1.573562 123.774673 -4.243895 7.319832 0.000000 0.000000 1.660848
45800 459 142.240723 0.000000 1000.000000 1.414772 142.797562 -1.971600 0.000000 0.000000 0.000000 1.357340
45900 460 131.947464 0.000000 1000.000000 1.620957 132.599579 -2.273074 0.000000 0.000000 0.000000 2.130931
46000 461 123.055992 0.000000 1000.000000 0.949943 122.543800 -0.437749 0.000000 0.000000 0.000000 2.182608
46100 462 111.109833 0.000000 1000.000000 1.865713 110.299896 -1.055776 0.000000 0.000000 0.000000 2.667099
46200 463 141.954803 0.000000 1000.000000 0.354471 143.719467 -2.119141 0.000000 0.000000 0.000000 2.025312
46300 464 132.288757 0.000000 1000.000000 0.567819 135.992157 -1.927367 -2.343864 0.000000 0.000000 1.555844
46400 465 144.022400 0.000000 1000.000000 0.615208 144.902451 -1.495258 0.000000 0.000000 0.000000 1.577798
46500 466 135.741104 0.000000 1000.000000 0.362459 136.787079 -1.408428 0.000000 0.000000 0.000000 1.815636
46600 467 136.489105 0.000000 1000.000000 1.087609 136.688171 -1.286690 0.000000 0.000000 0.000000 1.611985
46700 468 131.735092 0.000000 1000.000000 0.623434 133.337067 -2.225398 0.000000 0.000000 0.000000 2.354859
46800 469 114.141853 0.000000 1000.000000 0.862057 120.354836 -4.271957 -2.803084 0.000000 0.000000 1.437451
46900 470 119.691261 0.000000 1000.000000 0.507663 122.252945 -3.069344 0.000000 0.000000 0.000000 0.859492
47000 471 139.713089 0.000000 1000.000000 0.582196 140.365646 -1.234758 0.000000 0.000000 0.000000 1.023238
47100 472 149.585617 0.000000 1000.000000 0.325127 143.825455 -2.538948 7.973977 0.000000 0.000000 1.690952
47200 473 124.182419 0.000000 1000.000000 0.870599 132.220612 -3.688123 -5.220669 0.000000 0.000000 1.417019
47300 474 145.266388 0.000000 1000.000000 3.871575 143.724060 -2.329257 0.000000 0.000000 0.000000 1.307594
47400 475 120.468323 0.000000 1000.000000 0.418309 126.159767 -3.988793 -2.120965 0.000000 0.000000 2.259848
47500 476 121.752174 0.000000 1000.000000 0.490499 123.972427 -2.710756 0.000000 0.000000 0.000000 2.287418
47600 477 135.089767 0.000000 1000.000000 0.827547 134.262222 0.000000 0.000000 0.000000 0.000000 4.230624
47700 478 125.141327 0.000000 1000.000000 0.615056 127.970970 -3.890838 0.446133 0.000000 0.000000 1.261000
47800 479 137.101440 0.000000 1000.000000 0.555152 142.503738 -4.164715 -1.792730 0.000000 0.000000 1.218192
47900 480 130.651077 0.000000 1000.000000 0.975173 138.298309 -3.607034 -5.015370 0.000000 0.000000 2.122779
48000 481 136.124954 0.000000 1000.000000 0.265223 138.986557 -3.126836 0.000000 0.000000 0.000000 1.780357
48100 482 141.885147 0.000000 1000.000000 0.278329 145.660507 -2.540014 -1.513684 0.000000 0.000000 1.547592
48200 483 150.821442 0.000000 1000.000000 0.798931 139.661804 -2.287424 12.648140 0.000000 0.000000 2.066165
48300 484 135.980515 0.000000 1000.000000 1.422973 135.541443 -0.983903 0.000000 0.000000 0.000000 2.140417
48400 485 133.550827 0.000000 1000.000000 0.674258 138.071472 -4.298758 -0.896155 0.000000 0.000000 1.548766
48500 486 140.310059 0.000000 1000.000000 0.501053 140.184113 -0.375104 0.000000 0.000000 0.000000 1.334499
48600 487 122.858055 0.000000 1000.000000 1.494292 128.766510 -2.707466 -4.695282 0.000000 0.000000 1.677859
48700 488 123.059792 0.000000 1000.000000 0.976794 128.518326 -7.184361 0.749039 0.000000 0.000000 0.788278
48800 489 131.835938 0.000000 1000.000000 0.806367 127.972153 -3.168578 6.225994 0.000000 0.000000 1.457512
48900 490 115.362228 0.000000 1000.000000 0.364189 117.216682 -2.218643 0.000000 0.000000 0.000000 4.236559
49000 491 126.194000 0.000000 1000.000000 1.779798 126.424522 -2.010312 0.000000 0.000000 0.000000 2.266781
49100 492 140.806213 0.000000 1000.000000 0.563356 141.217499 -0.974640 0.000000 0.000000 0.000000 4.885989
49200 493 146.642334 0.000000 1000.000000 1.139169 147.075592 -1.572428 0.000000 0.000000 0.000000 1.287675
49300 494 139.253601 0.000000 1000.000000 1.036019 139.173019 -0.955440 0.000000 0.000000 0.000000 3.459785
49400 495 156.023300 0.000000 1000.000000 2.769554 143.594223 -3.923371 13.582891 0.000000 0.000000 0.889716
49500 496 142.533997 0.000000 1000.000000 0.935242 125.902420 -1.875241 17.571581 0.000000 0.000000 2.136624
49600 497 143.737595 0.000000 1000.000000 0.924627 142.812973 0.000000 0.000000 0.000000 0.000000 2.244656
49700 498 132.193436 0.000000 1000.000000 0.696572 131.496857 0.000000 0.000000 0.000000 0.000000 3.337674
49800 499 140.876648 0.000000 1000.000000 1.354704 139.521942 0.000000 0.000000 0.000000 0.000000 2.567687
49900 500 145.524658 0.000000 1000.000000 0.846573 145.149902 -0.471816 0.000000 0.000000 0.000000 2.207119
50000 501 129.133560 0.000000 1000.000000 1.716484 131.275421 -2.009345 -1.849005 0.000000 0.000000 2.250279
