1 1 203.611404 0.000000 1000.000000 0.120763 211.317703 -0.430261 -7.396785 0.000000 0.000000 18.205849
100 2 172.743576 0.000000 1000.000000 1.223910 171.899857 -0.380182 0.000000 0.000000 0.000000 8.407847
200 3 176.905090 0.000000 1000.000000 2.162038 175.605911 -0.862853 0.000000 0.000000 0.000000 3.780661
300 4 163.823914 0.000000 1000.000000 2.368328 161.455582 0.000000 0.000000 0.000000 0.000000 4.868806
400 5 167.781357 0.000000 1000.000000 0.623290 172.337814 -1.012013 -4.167733 0.000000 0.000000 2.965795
500 6 156.898056 0.000000 1000.000000 0.667354 156.230698 0.000000 0.000000 0.000000 0.000000 2.933538
600 7 160.431595 0.000000 1000.000000 0.339575 160.092026 0.000000 0.000000 0.000000 0.000000 3.908632
700 8 154.836060 0.000000 1000.000000 0.828983 154.906311 -0.899235 0.000000 0.000000 0.000000 4.519174
800 9 157.464447 0.000000 1000.000000 1.663206 156.603989 -0.802742 0.000000 0.000000 0.000000 2.402831
900 10 139.013901 0.000000 1000.000000 0.279382 142.202072 -1.187559 -2.280000 0.000000 0.000000 1.619991
1000 11 157.117142 0.000000 1000.000000 0.667095 157.128784 -0.678739 0.000000 0.000000 0.000000 2.943240
1100 12 132.058289 0.000000 1000.000000 0.977948 132.604843 -1.524506 0.000000 0.000000 0.000000 2.957527
1200 13 147.735062 0.000000 1000.000000 0.217753 148.411774 -0.894475 0.000000 0.000000 0.000000 1.919514
1300 14 137.999298 0.000000 1000.000000 1.463424 138.421265 -1.885398 0.000000 0.000000 0.000000 2.480933
1400 15 120.235077 0.000000 1000.000000 0.207568 131.835022 -3.717843 -8.089664 0.000000 0.000000 1.396339
1500 16 137.838821 0.000000 1000.000000 2.210547 138.776413 -2.474582 -0.673557 0.000000 0.000000 3.041955
1600 17 142.845657 0.000000 1000.000000 0.499650 142.504715 -0.158705 0.000000 0.000000 0.000000 4.406898
1700 18 154.553833 0.000000 1000.000000 0.652219 140.871704 -2.226188 15.256096 0.000000 0.000000 4.869982
1800 19 140.665100 0.000000 1000.000000 1.043941 139.989517 -0.368357 0.000000 0.000000 0.000000 3.730902
1900 20 120.932358 0.000000 1000.000000 0.105291 122.709724 -1.882663 0.000000 0.000000 0.000000 2.709035
2000 21 138.111084 0.000000 1000.000000 0.924810 138.236694 -1.050414 0.000000 0.000000 0.000000 2.061540
2100 22 132.636292 0.000000 1000.000000 1.618201 131.018097 0.000000 0.000000 0.000000 0.000000 4.150550
2200 23 143.929703 0.000000 1000.000000 0.645219 146.107834 -2.823344 0.000000 0.000000 0.000000 1.591591
2300 24 143.811279 0.000000 1000.000000 0.470741 146.767548 -3.427011 0.000000 0.000000 0.000000 1.722425
2400 25 138.678497 0.000000 1000.000000 1.424540 140.633591 -3.379645 0.000000 0.000000 0.000000 1.587026
2500 26 149.928238 0.000000 1000.000000 0.954721 151.830841 -2.857334 0.000000 0.000000 0.000000 1.625794
2600 27 143.279114 0.000000 1000.000000 1.234563 143.885315 -1.840756 0.000000 0.000000 0.000000 1.140775
2700 28 150.864380 0.000000 1000.000000 0.692037 152.892227 -2.719874 0.000000 0.000000 0.000000 2.723676
2800 29 149.606857 0.000000 1000.000000 0.830076 151.756531 -2.979747 0.000000 0.000000 0.000000 1.095942
2900 30 151.992905 0.000000 1000.000000 1.273049 152.243622 -1.523775 0.000000 0.000000 0.000000 1.119732
3000 31 138.269943 0.000000 1000.000000 1.580356 136.989258 -0.299666 0.000000 0.000000 0.000000 3.799522
3100 32 132.451050 0.000000 1000.000000 0.726150 132.160690 -3.000071 2.564278 0.000000 0.000000 2.097224
3200 33 138.822662 0.000000 1000.000000 1.059202 140.105240 -1.353458 -0.988334 0.000000 0.000000 4.124155
3300 34 115.251640 0.000000 1000.000000 0.717374 120.321884 -2.445953 -3.341666 0.000000 0.000000 2.802682
3400 35 182.060074 0.000000 1000.000000 0.744807 143.250702 -4.074877 42.139431 0.000000 0.000000 1.633476
3500 36 116.181717 0.000000 1000.000000 0.595453 131.978256 -4.017820 -12.374173 0.000000 0.000000 1.799435
3600 37 119.715912 0.000000 1000.000000 0.566141 126.192123 -4.647624 -2.394731 0.000000 0.000000 1.439689
3700 38 146.338684 0.000000 1000.000000 0.998518 146.060638 -0.720471 0.000000 0.000000 0.000000 1.880900
3800 39 147.267868 0.000000 1000.000000 0.721501 148.100479 -1.554114 0.000000 0.000000 0.000000 2.394759
3900 40 140.662338 0.000000 1000.000000 1.750122 141.469971 -2.557754 0.000000 0.000000 0.000000 1.635458
4000 41 126.244026 0.000000 1000.000000 0.303456 133.217896 -3.877569 -3.399759 0.000000 0.000000 1.399764
4100 42 139.899292 0.000000 1000.000000 1.048595 138.850693 0.000000 0.000000 0.000000 0.000000 3.440298
4200 43 127.688293 0.000000 1000.000000 2.119809 127.359154 -1.790664 0.000000 0.000000 0.000000 2.901086
4300 44 119.354950 0.000000 1000.000000 0.364909 119.904198 -0.914155 0.000000 0.000000 0.000000 2.226387
4400 45 125.953438 0.000000 1000.000000 0.496653 127.738579 -2.281791 0.000000 0.000000 0.000000 2.662734
4500 46 222.933167 0.000000 1000.000000 1.473562 151.260315 -6.027228 76.226524 0.000000 0.000000 1.245892
4600 47 129.391418 0.000000 1000.000000 0.435607 135.880234 -3.076589 -3.847838 0.000000 0.000000 2.359103
4700 48 127.186142 0.000000 1000.000000 0.230564 130.207901 -3.252321 0.000000 0.000000 0.000000 0.631503
4800 49 138.323883 0.000000 1000.000000 0.930517 137.897202 -0.503822 0.000000 0.000000 0.000000 2.153728
4900 50 123.943207 0.000000 1000.000000 0.278060 123.935509 -0.270362 0.000000 0.000000 0.000000 5.656369
5000 51 125.638039 0.000000 1000.000000 0.406238 128.557419 -0.826762 -2.498851 0.000000 0.000000 5.220914
5100 52 136.639374 0.000000 1000.000000 0.911833 135.727539 0.000000 0.000000 0.000000 0.000000 4.102283
5200 53 151.169510 0.000000 1000.000000 2.509753 150.226089 -1.566330 0.000000 0.000000 0.000000 1.743141
5300 54 138.372940 0.000000 1000.000000 0.976971 139.657410 -2.261437 0.000000 0.000000 0.000000 1.845521
5400 55 152.437820 0.000000 1000.000000 0.534923 162.222992 -4.011964 -6.308131 0.000000 0.000000 1.391422
5500 56 149.635056 0.000000 1000.000000 2.223986 149.080276 -1.669209 0.000000 0.000000 0.000000 1.706116
5600 57 129.087265 0.000000 1000.000000 0.441174 129.950485 -1.304404 0.000000 0.000000 0.000000 1.151055
5700 58 132.784653 0.000000 1000.000000 0.251763 133.325821 -0.792939 0.000000 0.000000 0.000000 4.112301
5800 59 133.746521 0.000000 1000.000000 0.644602 133.101913 0.000000 0.000000 0.000000 0.000000 2.552923
5900 60 138.290649 0.000000 1000.000000 1.116456 137.510529 -0.336340 0.000000 0.000000 0.000000 1.569338
6000 61 154.906631 0.000000 1000.000000 2.873926 152.790787 -0.758082 0.000000 0.000000 0.000000 2.431451
6100 62 159.310547 0.000000 1000.000000 2.267387 158.010117 -0.966955 0.000000 0.000000 0.000000 1.477113
6200 63 149.358307 0.000000 1000.000000 0.951248 155.388153 -1.673260 -5.307826 0.000000 0.000000 2.198301
6300 64 138.639862 0.000000 1000.000000 0.495685 138.927429 -0.783254 0.000000 0.000000 0.000000 2.918232
6400 65 130.124313 0.000000 1000.000000 0.335162 132.673203 -2.884048 0.000000 0.000000 0.000000 2.183675
6500 66 127.741310 0.000000 1000.000000 1.086684 128.879959 -2.225334 0.000000 0.000000 0.000000 2.483844
6600 67 134.389160 0.000000 1000.000000 1.349093 135.940704 -2.900632 0.000000 0.000000 0.000000 1.836338
6700 68 125.151154 0.000000 1000.000000 0.505822 126.152435 -3.269730 1.762629 0.000000 0.000000 1.782229
6800 69 135.742844 0.000000 1000.000000 0.513542 135.901108 -0.671797 0.000000 0.000000 0.000000 1.981627
6900 70 122.219589 0.000000 1000.000000 0.854239 129.862122 -8.620674 0.123908 0.000000 0.000000 0.821689
7000 71 125.969681 0.000000 1000.000000 0.322872 137.327942 -2.938222 -8.742924 0.000000 0.000000 1.695447
7100 72 133.321762 0.000000 1000.000000 2.154195 139.027008 -5.239056 -2.620377 0.000000 0.000000 0.809695
7200 73 127.335518 0.000000 1000.000000 0.494238 127.043686 -0.202410 0.000000 0.000000 0.000000 1.849949
7300 74 130.164001 0.000000 1000.000000 0.673460 135.440231 -3.207833 -2.741854 0.000000 0.000000 1.017934
7400 75 117.100662 0.000000 1000.000000 0.613701 122.690277 -2.910456 -3.292860 0.000000 0.000000 1.406857
7500 76 130.536514 0.000000 1000.000000 0.664091 138.085632 -3.698283 -4.514929 0.000000 0.000000 1.757017
7600 77 139.275269 0.000000 1000.000000 0.605622 138.669647 0.000000 0.000000 0.000000 0.000000 1.657031
7700 78 137.797470 0.000000 1000.000000 0.304056 137.493408 0.000000 0.000000 0.000000 0.000000 3.094505
7800 79 133.615356 0.000000 1000.000000 0.638310 133.449417 -0.472363 0.000000 0.000000 0.000000 3.212494
7900 80 131.645279 0.000000 1000.000000 0.951635 130.693649 0.000000 0.000000 0.000000 0.000000 2.407897
8000 81 187.979065 0.000000 1000.000000 1.014458 136.767059 -1.983719 52.181282 0.000000 0.000000 2.768172
8100 82 132.814560 0.000000 1000.000000 1.218645 132.670593 -1.074681 0.000000 0.000000 0.000000 2.058216
8200 83 131.262238 0.000000 1000.000000 1.994474 129.744583 -0.476829 0.000000 0.000000 0.000000 3.274432
8300 84 131.313828 0.000000 1000.000000 0.158065 137.379578 -2.650480 -3.573332 0.000000 0.000000 1.986023
8400 85 141.888367 0.000000 1000.000000 0.255721 147.009705 -3.331839 -2.045222 0.000000 0.000000 1.346568
8500 86 143.088226 0.000000 1000.000000 1.423932 143.430359 -1.766069 0.000000 0.000000 0.000000 3.285806
8600 87 138.581436 0.000000 1000.000000 0.824235 138.970947 -1.213750 0.000000 0.000000 0.000000 3.503785
8700 88 133.349289 0.000000 1000.000000 1.141413 132.207870 0.000000 0.000000 0.000000 0.000000 2.387651
8800 89 135.159988 0.000000 1000.000000 1.140280 135.564041 -1.544331 0.000000 0.000000 0.000000 3.040030
8900 90 114.934555 0.000000 1000.000000 1.369201 115.218590 -1.653237 0.000000 0.000000 0.000000 4.435121
9000 91 138.183350 0.000000 1000.000000 0.645219 137.538132 0.000000 0.000000 0.000000 0.000000 3.448316
9100 92 130.250107 0.000000 1000.000000 0.632473 135.919388 -2.831832 -3.469919 0.000000 0.000000 1.861471
9200 93 138.176498 0.000000 1000.000000 1.019582 139.053757 -1.896831 0.000000 0.000000 0.000000 2.251963
9300 94 131.238968 0.000000 1000.000000 0.628258 133.094543 -2.483843 0.000000 0.000000 0.000000 2.099351
9400 95 130.787064 0.000000 1000.000000 0.273398 132.549103 -2.035431 0.000000 0.000000 0.000000 2.139934
9500 96 125.203522 0.000000 1000.000000 1.168113 135.871155 -3.715347 -8.120389 0.000000 0.000000 2.514424
9600 97 139.878616 0.000000 1000.000000 1.599706 139.902451 -1.623535 0.000000 0.000000 0.000000 2.669862
9700 98 129.663940 0.000000 1000.000000 1.525022 130.161484 -2.022573 0.000000 0.000000 0.000000 2.025740
9800 99 130.915161 0.000000 1000.000000 0.762866 131.126450 -0.974156 0.000000 0.000000 0.000000 2.771520
9900 100 193.628815 0.000000 1000.000000 2.580428 139.906235 -2.487534 53.629688 0.000000 0.000000 2.769649
10000 101 134.813980 0.000000 1000.000000 0.574242 134.944534 -0.704798 0.000000 0.000000 0.000000 4.313509
10100 102 150.666901 0.000000 1000.000000 0.196722 151.604950 -1.134773 0.000000 0.000000 0.000000 4.683887
10200 103 121.590202 0.000000 1000.000000 2.119766 120.674171 -1.203737 0.000000 0.000000 0.000000 2.853612
10300 104 134.927475 0.000000 1000.000000 0.641139 136.172806 -3.918595 2.032121 0.000000 0.000000 2.487277
10400 105 118.648705 0.000000 1000.000000 1.041430 129.120483 -3.434163 -8.079041 0.000000 0.000000 1.582490
10500 106 155.177216 0.000000 1000.000000 2.288677 154.107315 -1.218774 0.000000 0.000000 0.000000 2.752580
10600 107 129.276154 0.000000 1000.000000 0.557777 130.550522 -1.832148 0.000000 0.000000 0.000000 2.027765
10700 108 112.787094 0.000000 1000.000000 1.463538 116.667694 -4.121687 -1.222449 0.000000 0.000000 1.275862
10800 109 128.366959 0.000000 1000.000000 1.341599 127.379417 -0.354046 0.000000 0.000000 0.000000 2.486911
10900 110 132.236603 0.000000 1000.000000 1.823069 131.991211 -1.577687 0.000000 0.000000 0.000000 1.483649
11000 111 139.503143 0.000000 1000.000000 0.397521 138.514633 -1.415646 2.006637 0.000000 0.000000 1.669823
11100 112 125.499199 0.000000 1000.000000 0.808654 126.454460 -1.763914 0.000000 0.000000 0.000000 1.644980
11200 113 133.881912 0.000000 1000.000000 1.357042 140.625061 -4.900795 -3.199388 0.000000 0.000000 0.799680
11300 114 144.187195 0.000000 1000.000000 0.598693 144.057846 -0.469343 0.000000 0.000000 0.000000 1.848829
11400 115 137.320908 0.000000 1000.000000 1.018240 137.377289 -1.074611 0.000000 0.000000 0.000000 1.945216
11500 116 130.463470 0.000000 1000.000000 0.630741 131.900513 -2.067781 0.000000 0.000000 0.000000 1.091725
11600 117 141.479172 0.000000 1000.000000 0.558157 142.663025 -1.742009 0.000000 0.000000 0.000000 1.854630
11700 118 137.734512 0.000000 1000.000000 0.326084 138.796188 -1.387749 0.000000 0.000000 0.000000 1.554144
11800 119 143.149643 0.000000 1000.000000 0.481038 145.361023 -2.692408 0.000000 0.000000 0.000000 2.080455
11900 120 134.538910 0.000000 1000.000000 0.432713 141.628296 -4.514502 -3.007596 0.000000 0.000000 1.189457
12000 121 126.087234 0.000000 1000.000000 2.495711 128.888062 -4.908093 -0.388442 0.000000 0.000000 1.471720
12100 122 112.479347 0.000000 1000.000000 0.257167 123.680832 -5.615171 -5.843478 0.000000 0.000000 0.621838
12200 123 131.449356 0.000000 1000.000000 0.409194 133.181244 -2.141076 0.000000 0.000000 0.000000 2.145364
12300 124 124.067924 0.000000 1000.000000 0.550647 127.376312 -3.859034 0.000000 0.000000 0.000000 2.772968
12400 125 131.373459 0.000000 1000.000000 0.400039 131.451279 -0.477857 0.000000 0.000000 0.000000 1.616124
12500 126 135.882172 0.000000 1000.000000 0.614386 143.852570 -5.724688 -2.860095 0.000000 0.000000 1.148106
12600 127 131.821854 0.000000 1000.000000 0.790019 133.530243 -2.498406 0.000000 0.000000 0.000000 2.231645
12700 128 129.901733 0.000000 1000.000000 0.672282 136.832336 -4.462551 -3.140332 0.000000 0.000000 0.932954
12800 129 138.448456 0.000000 1000.000000 1.158735 140.284805 -2.995086 0.000000 0.000000 0.000000 1.249886
12900 130 129.326248 0.000000 1000.000000 0.970372 128.355881 0.000000 0.000000 0.000000 0.000000 1.965271
13000 131 152.494537 0.000000 1000.000000 0.519634 156.226578 -1.964845 -2.286839 0.000000 0.000000 1.379358
13100 132 136.375290 0.000000 1000.000000 0.996654 136.309753 -0.931117 0.000000 0.000000 0.000000 2.261583
13200 133 140.949417 0.000000 1000.000000 1.817961 145.052475 -3.820297 -2.100729 0.000000 0.000000 1.180592
13300 134 130.178696 0.000000 1000.000000 0.280815 131.368927 -1.471045 0.000000 0.000000 0.000000 1.480299
13400 135 130.571121 0.000000 1000.000000 0.420173 138.380737 -4.294354 -3.935427 0.000000 0.000000 1.977070
13500 136 129.954758 0.000000 1000.000000 0.709328 130.231430 -0.986015 0.000000 0.000000 0.000000 1.884007
13600 137 139.233444 0.000000 1000.000000 0.425894 144.457626 -3.340460 -2.309610 0.000000 0.000000 2.386333
13700 138 135.107574 0.000000 1000.000000 1.855746 137.419418 -3.023245 -1.144344 0.000000 0.000000 2.524734
13800 139 157.935898 0.000000 1000.000000 0.297426 158.435394 -0.796917 0.000000 0.000000 0.000000 1.973193
13900 140 145.528290 0.000000 1000.000000 0.159886 147.701736 -2.333333 0.000000 0.000000 0.000000 1.800341
14000 141 133.893646 0.000000 1000.000000 0.209119 145.125122 -4.401573 -7.039034 0.000000 0.000000 1.609057
14100 142 124.085205 0.000000 1000.000000 0.268135 131.378433 -3.555243 -4.006120 0.000000 0.000000 1.410249
14200 143 115.279839 0.000000 1000.000000 0.156341 129.758942 -4.631188 -10.004259 0.000000 0.000000 1.279708
14300 144 128.274277 0.000000 1000.000000 2.173140 138.322128 -5.897665 -6.323339 0.000000 0.000000 1.358953
14400 145 148.676407 0.000000 1000.000000 1.062733 151.053879 -3.117529 -0.322670 0.000000 0.000000 1.361350
14500 146 137.915833 0.000000 1000.000000 0.434767 143.236115 -3.641330 -2.113717 0.000000 0.000000 1.236945
14600 147 132.243225 0.000000 1000.000000 0.589736 142.587189 -5.418970 -5.514728 0.000000 0.000000 1.999098
14700 148 138.754822 0.000000 1000.000000 1.183486 140.929260 -3.357919 0.000000 0.000000 0.000000 2.254474
14800 149 143.650299 0.000000 1000.000000 1.081606 152.895218 -4.510865 -5.815663 0.000000 0.000000 1.126191
14900 150 141.149353 0.000000 1000.000000 0.753422 140.983795 -0.587856 0.000000 0.000000 0.000000 2.660649
15000 151 146.100220 0.000000 1000.000000 0.560537 150.389236 -3.260089 -1.589461 0.000000 0.000000 0.902800
15100 152 137.130661 0.000000 1000.000000 0.484359 139.467163 -3.375297 0.554422 0.000000 0.000000 1.182003
15200 153 116.725685 0.000000 1000.000000 0.511505 123.242012 -4.932499 -2.095327 0.000000 0.000000 1.219810
15300 154 140.583221 0.000000 1000.000000 0.630929 143.385437 -3.433154 0.000000 0.000000 0.000000 1.714040
15400 155 121.635025 0.000000 1000.000000 0.397549 124.915688 -3.678218 0.000000 0.000000 0.000000 0.869775
15500 156 144.783630 0.000000 1000.000000 0.571712 146.764633 -2.552719 0.000000 0.000000 0.000000 1.227277
15600 157 175.039200 0.000000 1000.000000 0.387254 165.148590 -4.023499 13.526857 0.000000 0.000000 0.991622
15700 158 143.054169 0.000000 1000.000000 0.582984 142.471191 0.000000 0.000000 0.000000 0.000000 1.527638
15800 159 118.634079 0.000000 1000.000000 0.667900 136.913651 -7.003784 -11.943694 0.000000 0.000000 0.629464
15900 160 149.657104 0.000000 1000.000000 0.416528 143.268356 -4.549594 10.521805 0.000000 0.000000 1.054845
16000 161 150.556686 0.000000 1000.000000 0.689948 153.166397 -3.299646 0.000000 0.000000 0.000000 2.651773
16100 162 158.953888 0.000000 1000.000000 0.443810 159.740570 -1.230493 0.000000 0.000000 0.000000 2.033236
16200 163 158.093170 0.000000 1000.000000 1.165054 156.928116 0.000000 0.000000 0.000000 0.000000 1.663298
16300 164 150.770889 0.000000 1000.000000 1.362984 149.407913 0.000000 0.000000 0.000000 0.000000 2.089860
16400 165 114.087708 0.000000 1000.000000 1.012008 123.563408 -5.443273 -5.044431 0.000000 0.000000 0.668635
16500 166 143.047180 0.000000 1000.000000 1.075474 141.971710 0.000000 0.000000 0.000000 0.000000 1.421114
16600 167 121.540848 0.000000 1000.000000 1.197654 123.701103 -3.357912 0.000000 0.000000 0.000000 1.357134
16700 168 137.202484 0.000000 1000.000000 1.021887 142.527313 -3.280012 -3.066694 0.000000 0.000000 1.977119
16800 169 120.145447 0.000000 1000.000000 0.847942 123.032959 -3.735448 0.000000 0.000000 0.000000 1.549187
16900 170 130.965546 0.000000 1000.000000 0.533712 138.735428 -3.373706 -4.929880 0.000000 0.000000 1.398079
17000 171 142.195801 0.000000 1000.000000 0.408109 143.530014 -1.742326 0.000000 0.000000 0.000000 2.565426
17100 172 130.017761 0.000000 1000.000000 0.454774 132.160034 -2.597045 0.000000 0.000000 0.000000 1.587684
17200 173 102.629028 0.000000 1000.000000 0.188747 104.459511 -2.019222 0.000000 0.000000 0.000000 2.941302
17300 174 123.750893 0.000000 1000.000000 0.962798 124.307289 -1.519194 0.000000 0.000000 0.000000 2.108181
17400 175 120.905525 0.000000 1000.000000 0.582017 121.712822 -1.389310 0.000000 0.000000 0.000000 3.217947
17500 176 149.512146 0.000000 1000.000000 0.681131 152.109985 -2.191053 -1.087928 0.000000 0.000000 2.286335
17600 177 131.318878 0.000000 1000.000000 0.269999 132.050751 -1.001880 0.000000 0.000000 0.000000 1.402949
17700 178 140.084045 0.000000 1000.000000 1.605740 140.155411 -1.677110 0.000000 0.000000 0.000000 1.888445
17800 179 133.329285 0.000000 1000.000000 0.393603 140.595245 -2.176759 -5.482806 0.000000 0.000000 1.765579
17900 180 130.926010 0.000000 1000.000000 0.371496 139.243286 -3.048790 -5.639986 0.000000 0.000000 1.667589
18000 181 128.216843 0.000000 1000.000000 0.285066 130.717728 -1.531160 -1.254786 0.000000 0.000000 2.378539
18100 182 128.785873 0.000000 1000.000000 0.534639 128.251236 0.000000 0.000000 0.000000 0.000000 1.185167
18200 183 137.517334 0.000000 1000.000000 0.196626 137.320709 0.000000 0.000000 0.000000 0.000000 2.307530
18300 184 125.906250 0.000000 1000.000000 0.122212 126.176201 -0.392163 0.000000 0.000000 0.000000 2.029480
18400 185 137.374695 0.000000 1000.000000 0.305303 145.338928 -3.988666 -4.280871 0.000000 0.000000 1.168726
18500 186 121.181580 0.000000 1000.000000 0.171072 130.585480 -4.140155 -5.434816 0.000000 0.000000 0.952505
18600 187 221.796417 0.000000 1000.000000 1.936945 130.019577 -5.332724 95.172615 0.000000 0.000000 1.133120
18700 188 118.367409 0.000000 1000.000000 1.121657 127.702995 -4.026221 -6.431012 0.000000 0.000000 2.205189
18800 189 137.659393 0.000000 1000.000000 0.822471 139.827225 -2.990303 0.000000 0.000000 0.000000 0.972174
18900 190 179.896576 0.000000 1000.000000 1.288445 136.557556 -3.388874 45.439438 0.000000 0.000000 2.009539
19000 191 135.449600 0.000000 1000.000000 2.651466 140.302948 -2.521301 -4.983510 0.000000 0.000000 2.321149
19100 192 133.465637 0.000000 1000.000000 0.498665 134.340805 -1.373829 0.000000 0.000000 0.000000 1.727807
19200 193 127.042160 0.000000 1000.000000 1.459516 135.982712 -5.753413 -4.646648 0.000000 0.000000 1.385210
19300 194 133.989731 0.000000 1000.000000 1.408466 135.538696 -2.957426 0.000000 0.000000 0.000000 1.952474
19400 195 139.822922 0.000000 1000.000000 0.664134 140.448639 -1.289851 0.000000 0.000000 0.000000 2.200009
19500 196 145.614868 0.000000 1000.000000 1.032532 146.170380 -1.588047 0.000000 0.000000 0.000000 1.606664
19600 197 123.152115 0.000000 1000.000000 0.855983 134.416412 -3.507640 -8.612640 0.000000 0.000000 2.154243
19700 198 134.129227 0.000000 1000.000000 1.480767 134.797089 -2.148632 0.000000 0.000000 0.000000 2.187211
19800 199 162.829559 0.000000 1000.000000 0.785242 162.434525 -0.390210 0.000000 0.000000 0.000000 2.165318
19900 200 151.550522 0.000000 1000.000000 1.504731 152.105728 -2.059932 0.000000 0.000000 0.000000 2.321845
20000 201 135.465134 0.000000 1000.000000 2.172426 136.587891 -3.295179 0.000000 0.000000 0.000000 1.635185
20100 202 141.695129 0.000000 1000.000000 0.144834 145.139938 -3.589643 0.000000 0.000000 0.000000 1.279383
20200 203 137.066742 0.000000 1000.000000 1.661045 137.298401 -1.892696 0.000000 0.000000 0.000000 3.252646
20300 204 128.248917 0.000000 1000.000000 0.216189 132.504288 -3.216189 -1.255376 0.000000 0.000000 2.588748
20400 205 145.482788 0.000000 1000.000000 0.542203 151.618149 -2.651807 -4.025764 0.000000 0.000000 1.528267
20500 206 156.185791 0.000000 1000.000000 0.229495 155.956299 0.000000 0.000000 0.000000 0.000000 1.329657
20600 207 134.178467 0.000000 1000.000000 0.229108 136.326782 -2.377434 0.000000 0.000000 0.000000 1.842160
20700 208 143.403534 0.000000 1000.000000 0.548683 148.724365 -5.107550 -0.761956 0.000000 0.000000 0.891076
20800 209 146.357849 0.000000 1000.000000 0.703711 148.714523 -3.060375 0.000000 0.000000 0.000000 0.927438
20900 210 118.687080 0.000000 1000.000000 0.452104 127.805878 -8.083764 -1.487134 0.000000 0.000000 0.327727
21000 211 138.215302 0.000000 1000.000000 0.202859 140.273117 -2.260688 0.000000 0.000000 0.000000 1.997155
21100 212 212.668869 0.000000 1000.000000 1.342845 150.002930 -6.574819 67.897903 0.000000 0.000000 1.334477
21200 213 137.177505 0.000000 1000.000000 0.231219 141.842026 -3.049662 -1.846069 0.000000 0.000000 0.627525
21300 214 130.931686 0.000000 1000.000000 1.157786 132.107849 -2.333951 0.000000 0.000000 0.000000 1.741488
21400 215 126.050400 0.000000 1000.000000 0.423757 138.018906 -8.292633 -4.099625 0.000000 0.000000 0.462241
21500 216 129.217209 0.000000 1000.000000 1.234887 131.884109 -3.901800 0.000000 0.000000 0.000000 1.623056
21600 217 130.844757 0.000000 1000.000000 0.468927 131.088058 -0.712231 0.000000 0.000000 0.000000 1.524846
21700 218 141.181107 0.000000 1000.000000 0.788331 149.626434 -5.399086 -3.834587 0.000000 0.000000 0.669666
21800 219 156.719711 0.000000 1000.000000 0.891637 126.611732 -2.613863 31.830194 0.000000 0.000000 2.717099
21900 220 127.625320 0.000000 1000.000000 0.959888 128.577133 -1.911699 0.000000 0.000000 0.000000 1.363550
22000 221 122.853508 0.000000 1000.000000 0.332874 132.034241 -3.897272 -5.616329 0.000000 0.000000 0.879846
22100 222 126.936218 0.000000 1000.000000 1.939951 128.307648 -3.311383 0.000000 0.000000 0.000000 1.894430
22200 223 145.941299 0.000000 1000.000000 0.650677 148.123337 -2.832719 0.000000 0.000000 0.000000 1.872815
22300 224 144.770416 0.000000 1000.000000 0.500797 148.186310 -3.131568 -0.785128 0.000000 0.000000 0.951024
22400 225 128.662537 0.000000 1000.000000 0.668002 133.320038 -3.368989 -1.956519 0.000000 0.000000 0.877309
22500 226 123.208359 0.000000 1000.000000 0.536485 126.704109 -4.032234 0.000000 0.000000 0.000000 1.212212
22600 227 137.477997 0.000000 1000.000000 0.797340 138.290314 -1.609644 0.000000 0.000000 0.000000 3.054217
22700 228 135.093887 0.000000 1000.000000 0.609645 132.300934 -4.207385 6.390691 0.000000 0.000000 1.851149
22800 229 138.105774 0.000000 1000.000000 0.622186 139.905273 -2.421690 0.000000 0.000000 0.000000 1.386467
22900 230 125.556839 0.000000 1000.000000 1.962758 124.827087 -1.233011 0.000000 0.000000 0.000000 0.838831
23000 231 129.278671 0.000000 1000.000000 0.417328 131.678589 -2.817243 0.000000 0.000000 0.000000 1.427746
23100 232 154.340088 0.000000 1000.000000 1.113329 157.444977 -4.218212 0.000000 0.000000 0.000000 1.657944
23200 233 140.723587 0.000000 1000.000000 1.978997 138.744583 0.000000 0.000000 0.000000 0.000000 2.417672
23300 234 127.582573 0.000000 1000.000000 1.239300 128.924866 -2.581596 0.000000 0.000000 0.000000 2.571089
23400 235 128.804047 0.000000 1000.000000 0.759299 130.349014 -2.304258 0.000000 0.000000 0.000000 1.923181
23500 236 138.505081 0.000000 1000.000000 0.738445 140.505264 -2.738625 0.000000 0.000000 0.000000 2.166790
23600 237 115.809425 0.000000 1000.000000 1.898930 116.179192 -2.268703 0.000000 0.000000 0.000000 1.881283
23700 238 121.604660 0.000000 1000.000000 0.932088 121.851234 -1.178668 0.000000 0.000000 0.000000 3.009881
23800 239 131.952637 0.000000 1000.000000 0.871087 136.857422 -3.022491 -2.753389 0.000000 0.000000 2.034448
23900 240 129.176514 0.000000 1000.000000 0.298658 135.464340 -1.502959 -5.083522 0.000000 0.000000 2.280890
24000 241 144.731323 0.000000 1000.000000 0.276325 144.965805 -0.510801 0.000000 0.000000 0.000000 1.982455
24100 242 157.857773 0.000000 1000.000000 1.345071 157.778564 -1.265876 0.000000 0.000000 0.000000 1.935912
24200 243 155.059082 0.000000 1000.000000 0.319180 155.145172 -0.405267 0.000000 0.000000 0.000000 2.927305
24300 244 120.736961 0.000000 1000.000000 0.190575 120.546387 0.000000 0.000000 0.000000 0.000000 2.328745
24400 245 113.181633 0.000000 1000.000000 0.584991 118.028046 -2.991604 -2.439797 0.000000 0.000000 2.302095
24500 246 140.117004 0.000000 1000.000000 0.222972 139.894028 0.000000 0.000000 0.000000 0.000000 2.810981
24600 247 152.994370 0.000000 1000.000000 1.293298 151.701065 0.000000 0.000000 0.000000 0.000000 2.790619
24700 248 136.863083 0.000000 1000.000000 0.253678 143.745743 -4.679220 -2.457122 0.000000 0.000000 0.924155
24800 249 147.037628 0.000000 1000.000000 1.208741 133.017776 -7.630220 20.441326 0.000000 0.000000 0.689489
24900 250 136.810867 0.000000 1000.000000 1.994164 137.722595 -2.905893 0.000000 0.000000 0.000000 1.443667
25000 251 130.654877 0.000000 1000.000000 2.130328 135.388168 -3.489100 -3.374509 0.000000 0.000000 1.583822
25100 252 147.734451 0.000000 1000.000000 0.740016 148.377350 -1.382921 0.000000 0.000000 0.000000 2.403918
25200 253 140.402420 0.000000 1000.000000 0.448839 141.151459 -1.197873 0.000000 0.000000 0.000000 1.675464
25300 254 145.394470 0.000000 1000.000000 0.665252 144.973999 -0.244785 0.000000 0.000000 0.000000 3.704547
25400 255 129.878433 0.000000 1000.000000 0.345733 134.844894 -3.053863 -2.258334 0.000000 0.000000 2.884981
25500 256 128.936996 0.000000 1000.000000 2.905469 126.031532 0.000000 0.000000 0.000000 0.000000 2.873227
25600 257 137.361084 0.000000 1000.000000 1.600196 137.860748 -2.099859 0.000000 0.000000 0.000000 3.078238
25700 258 134.399445 0.000000 1000.000000 0.326884 135.657410 -1.584858 0.000000 0.000000 0.000000 3.186057
25800 259 120.071823 0.000000 1000.000000 2.471623 117.600197 0.000000 0.000000 0.000000 0.000000 3.088833
25900 260 132.530457 0.000000 1000.000000 1.813587 131.039627 -0.322759 0.000000 0.000000 0.000000 3.538752
26000 261 147.546173 0.000000 1000.000000 2.018049 147.917175 -2.389050 0.000000 0.000000 0.000000 3.377419
26100 262 144.074127 0.000000 1000.000000 1.436970 144.948074 -2.310920 0.000000 0.000000 0.000000 3.308884
26200 263 137.554413 0.000000 1000.000000 2.329421 138.208344 -2.983348 0.000000 0.000000 0.000000 4.227695
26300 264 140.967773 0.000000 1000.000000 1.228621 145.649384 -3.166256 -2.743968 0.000000 0.000000 2.040055
26400 265 127.573227 0.000000 1000.000000 0.566173 128.102448 -1.095399 0.000000 0.000000 0.000000 2.347871
26500 266 132.413055 0.000000 1000.000000 0.336459 133.977051 -1.900449 0.000000 0.000000 0.000000 2.505584
26600 267 137.589447 0.000000 1000.000000 0.752766 143.980606 -4.364790 -2.779130 0.000000 0.000000 0.527526
26700 268 134.528809 0.000000 1000.000000 0.630210 140.500473 -4.067422 -2.534434 0.000000 0.000000 0.888498
26800 269 120.991463 0.000000 1000.000000 0.440054 127.417847 -4.130489 -2.735953 0.000000 0.000000 1.508335
26900 270 135.881409 0.000000 1000.000000 0.696411 137.077103 -1.892103 0.000000 0.000000 0.000000 2.253795
27000 271 134.495651 0.000000 1000.000000 1.106644 135.108429 -1.719427 0.000000 0.000000 0.000000 2.624269
27100 272 139.897095 0.000000 1000.000000 1.122357 146.418106 -4.581815 -3.061558 0.000000 0.000000 0.815789
27200 273 148.283051 0.000000 1000.000000 0.312074 151.990051 -3.618396 -0.400684 0.000000 0.000000 2.365253
27300 274 136.972000 0.000000 1000.000000 0.805939 147.052170 -6.126831 -4.759283 0.000000 0.000000 1.105275
27400 275 140.759308 0.000000 1000.000000 0.440187 141.862152 -3.326885 1.783862 0.000000 0.000000 2.138613
27500 276 150.974060 0.000000 1000.000000 0.898067 151.354050 -1.278062 0.000000 0.000000 0.000000 3.199920
27600 277 140.689758 0.000000 1000.000000 0.482555 143.694199 -3.487000 0.000000 0.000000 0.000000 1.623680
27700 278 138.758469 0.000000 1000.000000 0.262397 148.783691 -4.881728 -5.405888 0.000000 0.000000 0.963654
27800 279 146.642365 0.000000 1000.000000 0.508635 148.648819 -1.817258 -0.697837 0.000000 0.000000 1.184873
27900 280 133.508759 0.000000 1000.000000 0.374155 142.492310 -5.265013 -4.092693 0.000000 0.000000 1.445957
28000 281 148.200104 0.000000 1000.000000 0.420850 154.482712 -3.334448 -3.369017 0.000000 0.000000 1.726058
28100 282 147.945358 0.000000 1000.000000 0.815094 147.130264 0.000000 0.000000 0.000000 0.000000 3.477538
28200 283 139.250565 0.000000 1000.000000 1.189473 145.337662 -3.035181 -4.241375 0.000000 0.000000 2.024268
28300 284 140.074203 0.000000 1000.000000 0.908860 145.880859 -3.743404 -2.972100 0.000000 0.000000 1.497294
28400 285 119.720551 0.000000 1000.000000 1.385550 126.727501 -4.171158 -4.221342 0.000000 0.000000 2.474619
28500 286 131.645462 0.000000 1000.000000 1.248796 131.214264 -0.817593 0.000000 0.000000 0.000000 1.695662
28600 287 136.873718 0.000000 1000.000000 2.223573 143.168854 -5.243631 -3.275064 0.000000 0.000000 1.970474
28700 288 148.949127 0.000000 1000.000000 1.158816 147.790314 0.000000 0.000000 0.000000 0.000000 5.377067
28800 289 124.626472 0.000000 1000.000000 0.616394 126.673874 -2.663797 0.000000 0.000000 0.000000 1.936253
28900 290 153.097427 0.000000 1000.000000 0.609701 155.348068 -2.860342 0.000000 0.000000 0.000000 0.913283
29000 291 119.451996 0.000000 1000.000000 0.390066 127.646187 -3.348651 -5.235613 0.000000 0.000000 0.915917
29100 292 133.058762 0.000000 1000.000000 0.488590 138.026123 -3.017722 -2.438237 0.000000 0.000000 0.918547
29200 293 135.325470 0.000000 1000.000000 2.830726 135.629379 -3.134627 0.000000 0.000000 0.000000 2.072215
29300 294 119.998734 0.000000 1000.000000 0.718704 123.367149 -4.087124 0.000000 0.000000 0.000000 0.975936
29400 295 145.934219 0.000000 1000.000000 0.429343 147.389053 -1.884178 0.000000 0.000000 0.000000 1.956731
29500 296 160.672546 0.000000 1000.000000 0.720345 135.428009 -5.131768 29.655956 0.000000 0.000000 1.424988
29600 297 127.316566 0.000000 1000.000000 0.428106 128.021851 -1.133386 0.000000 0.000000 0.000000 0.642095
29700 298 144.966492 0.000000 1000.000000 0.593976 136.132874 -2.016478 10.256125 0.000000 0.000000 3.243881
29800 299 128.989990 0.000000 1000.000000 0.287605 131.391388 -2.688993 0.000000 0.000000 0.000000 1.543404
29900 300 135.815613 0.000000 1000.000000 0.218895 141.489517 -2.517711 -3.375077 0.000000 0.000000 2.351508
30000 301 116.729591 0.000000 1000.000000 1.138033 126.226532 -5.705039 -4.929934 0.000000 0.000000 0.950233
30100 302 140.754227 0.000000 1000.000000 1.572710 150.116669 -5.072019 -5.863134 0.000000 0.000000 1.109400
30200 303 124.984840 0.000000 1000.000000 0.455691 128.204926 -3.675775 0.000000 0.000000 0.000000 1.047484
30300 304 127.152260 0.000000 1000.000000 0.860335 135.509460 -3.272684 -5.944849 0.000000 0.000000 1.060304
30400 305 126.724785 0.000000 1000.000000 0.590736 128.341827 -2.207774 0.000000 0.000000 0.000000 1.707616
30500 306 128.113098 0.000000 1000.000000 0.954424 135.196289 -4.546528 -3.491088 0.000000 0.000000 1.600162
30600 307 127.049080 0.000000 1000.000000 0.329960 128.372101 -1.652978 0.000000 0.000000 0.000000 1.649167
30700 308 124.763344 0.000000 1000.000000 0.149961 127.242210 -2.628833 0.000000 0.000000 0.000000 1.483679
30800 309 195.235199 0.000000 1000.000000 1.478765 133.299194 -6.206423 66.663666 0.000000 0.000000 1.413666
30900 310 133.768463 0.000000 1000.000000 0.203965 142.344971 -3.407971 -5.372505 0.000000 0.000000 1.872827
31000 311 167.332703 0.000000 1000.000000 1.010246 167.801651 -1.479186 0.000000 0.000000 0.000000 1.578228
31100 312 146.359024 0.000000 1000.000000 0.561068 152.852829 -3.006872 -4.048004 0.000000 0.000000 1.976175
31200 313 135.998077 0.000000 1000.000000 1.605118 134.392960 0.000000 0.000000 0.000000 0.000000 1.875965
31300 314 143.145950 0.000000 1000.000000 1.297774 147.508789 -2.286152 -3.374470 0.000000 0.000000 1.653692
31400 315 103.214378 0.000000 1000.000000 0.386039 117.810760 -5.753747 -9.228673 0.000000 0.000000 0.780270
31500 316 144.371140 0.000000 1000.000000 0.668207 144.742920 -1.039999 0.000000 0.000000 0.000000 2.605721
31600 317 126.953766 0.000000 1000.000000 0.765606 126.884644 -0.696484 0.000000 0.000000 0.000000 2.095765
31700 318 130.232162 0.000000 1000.000000 0.589001 132.517975 -2.874818 0.000000 0.000000 0.000000 2.804662
31800 319 125.006531 0.000000 1000.000000 1.117388 126.691032 -2.801886 0.000000 0.000000 0.000000 2.800412
31900 320 148.252762 0.000000 1000.000000 0.523210 129.283951 -4.349593 22.795197 0.000000 0.000000 0.941350
32000 321 158.267761 0.000000 1000.000000 1.080014 160.432297 -3.244546 0.000000 0.000000 0.000000 1.271545
32100 322 135.355545 0.000000 1000.000000 1.380714 135.352112 -1.377277 0.000000 0.000000 0.000000 1.446905
32200 323 126.699776 0.000000 1000.000000 0.827031 128.092499 -2.219747 0.000000 0.000000 0.000000 1.541862
32300 324 123.361900 0.000000 1000.000000 0.525460 125.370171 -2.533733 0.000000 0.000000 0.000000 2.300494
32400 325 134.267944 0.000000 1000.000000 0.691478 134.552414 -0.975956 0.000000 0.000000 0.000000 2.250063
32500 326 129.881485 0.000000 1000.000000 0.872793 129.008698 0.000000 0.000000 0.000000 0.000000 2.695525
32600 327 138.582550 0.000000 1000.000000 0.352141 128.555756 -3.954813 13.629469 0.000000 0.000000 1.665341
32700 328 160.018784 0.000000 1000.000000 0.335680 161.143478 -1.460366 0.000000 0.000000 0.000000 1.066473
32800 329 141.297791 0.000000 1000.000000 0.585051 150.416580 -4.304339 -5.399504 0.000000 0.000000 1.240184
32900 330 132.160477 0.000000 1000.000000 0.609318 132.907242 -1.356078 0.000000 0.000000 0.000000 2.641776
33000 331 121.939522 0.000000 1000.000000 0.636334 123.327324 -2.024137 0.000000 0.000000 0.000000 2.439688
33100 332 128.070099 0.000000 1000.000000 0.781614 128.878098 -1.589610 0.000000 0.000000 0.000000 1.723610
33200 333 125.199409 0.000000 1000.000000 2.542928 123.231140 -0.574659 0.000000 0.000000 0.000000 2.257279
33300 334 126.121727 0.000000 1000.000000 0.597128 129.755127 -2.838801 -1.391722 0.000000 0.000000 1.815426
33400 335 122.609200 0.000000 1000.000000 1.806885 121.227715 -0.425396 0.000000 0.000000 0.000000 2.541691
33500 336 132.182709 0.000000 1000.000000 0.131260 132.914749 -0.863289 0.000000 0.000000 0.000000 1.957007
33600 337 131.381516 0.000000 1000.000000 0.454091 132.952301 -2.024867 0.000000 0.000000 0.000000 3.501055
33700 338 130.018326 0.000000 1000.000000 0.566098 139.594681 -4.837699 -5.304766 0.000000 0.000000 1.593379
33800 339 139.801193 0.000000 1000.000000 1.122952 141.411896 -3.011228 0.277570 0.000000 0.000000 1.472473
33900 340 143.759964 0.000000 1000.000000 2.154603 141.605362 0.000000 0.000000 0.000000 0.000000 2.945793
34000 341 131.646866 0.000000 1000.000000 0.460901 141.388672 -4.666452 -5.536255 0.000000 0.000000 2.077309
34100 342 130.983261 0.000000 1000.000000 1.101896 133.496887 -4.430252 0.814726 0.000000 0.000000 2.224874
34200 343 119.948273 0.000000 1000.000000 1.447268 130.384918 -6.511117 -5.372795 0.000000 0.000000 0.614241
34300 344 123.057480 0.000000 1000.000000 0.761546 125.075630 -2.779695 0.000000 0.000000 0.000000 1.692643
34400 345 154.870773 0.000000 1000.000000 1.241781 155.123749 -1.494744 0.000000 0.000000 0.000000 1.381698
34500 346 159.940262 0.000000 1000.000000 2.315339 163.206741 -6.240740 0.658918 0.000000 0.000000 0.695285
34600 347 142.898209 0.000000 1000.000000 1.843941 142.205780 -1.151526 0.000000 0.000000 0.000000 2.550854
34700 348 133.120438 0.000000 1000.000000 0.218324 132.100281 -4.409280 5.211120 0.000000 0.000000 1.331141
34800 349 129.427338 0.000000 1000.000000 0.379349 131.807831 -2.759850 0.000000 0.000000 0.000000 2.422015
34900 350 131.041260 0.000000 1000.000000 1.329744 133.233322 -0.855565 -2.666247 0.000000 0.000000 2.016200
35000 351 129.519089 0.000000 1000.000000 1.048055 132.798996 -4.327960 0.000000 0.000000 0.000000 0.690667
35100 352 145.733887 0.000000 1000.000000 0.480108 151.179138 -6.285900 0.360551 0.000000 0.000000 1.477574
35200 353 133.620239 0.000000 1000.000000 1.621696 133.202789 -1.204240 0.000000 0.000000 0.000000 1.055567
35300 354 140.683044 0.000000 1000.000000 0.566660 140.274124 -0.157747 0.000000 0.000000 0.000000 2.346173
35400 355 143.209503 0.000000 1000.000000 1.240284 142.625534 -0.656306 0.000000 0.000000 0.000000 2.242858
35500 356 152.419601 0.000000 1000.000000 1.788351 153.413254 -2.782001 0.000000 0.000000 0.000000 1.166170
35600 357 135.418381 0.000000 1000.000000 1.645126 135.114639 -1.341392 0.000000 0.000000 0.000000 1.967153
35700 358 129.933914 0.000000 1000.000000 1.656622 128.277298 0.000000 0.000000 0.000000 0.000000 2.391551
35800 359 143.471191 0.000000 1000.000000 0.710412 144.875992 -2.115226 0.000000 0.000000 0.000000 1.054928
35900 360 134.662186 0.000000 1000.000000 1.123158 137.389572 -3.850540 0.000000 0.000000 0.000000 2.232701
36000 361 142.847244 0.000000 1000.000000 3.163184 140.137299 -0.453231 0.000000 0.000000 0.000000 1.495615
36100 362 139.041885 0.000000 1000.000000 0.205083 139.635025 -0.798215 0.000000 0.000000 0.000000 3.133035
36200 363 136.694794 0.000000 1000.000000 0.549859 138.267792 -2.122859 0.000000 0.000000 0.000000 1.947250
36300 364 139.396286 0.000000 1000.000000 1.134932 138.558014 -0.296665 0.000000 0.000000 0.000000 3.781560
36400 365 127.198174 0.000000 1000.000000 0.405733 131.350571 -0.852803 -3.705331 0.000000 0.000000 3.402469
36500 366 133.840073 0.000000 1000.000000 0.763879 134.559052 -1.482870 0.000000 0.000000 0.000000 2.700590
36600 367 144.760437 0.000000 1000.000000 0.403660 144.387924 -0.031138 0.000000 0.000000 0.000000 5.436724
36700 368 127.415764 0.000000 1000.000000 1.391254 126.610275 -0.585761 0.000000 0.000000 0.000000 3.980036
36800 369 138.925354 0.000000 1000.000000 0.948361 139.341736 -1.364743 0.000000 0.000000 0.000000 3.873205
36900 370 125.975594 0.000000 1000.000000 0.829188 127.058365 -1.911956 0.000000 0.000000 0.000000 2.308160
37000 371 125.703255 0.000000 1000.000000 0.202915 125.500336 0.000000 0.000000 0.000000 0.000000 1.600463
37100 372 139.297699 0.000000 1000.000000 1.145298 145.586731 -2.822363 -4.611967 0.000000 0.000000 1.279862
37200 373 126.670181 0.000000 1000.000000 0.498632 129.449081 -3.277524 0.000000 0.000000 0.000000 1.731979
37300 374 129.219849 0.000000 1000.000000 1.638740 129.832062 -2.250947 0.000000 0.000000 0.000000 1.839612
37400 375 124.006935 0.000000 1000.000000 0.651487 129.575470 -2.832759 -3.387271 0.000000 0.000000 0.498519
37500 376 133.527283 0.000000 1000.000000 1.003695 135.063248 -2.539655 0.000000 0.000000 0.000000 1.778246
37600 377 139.322281 0.000000 1000.000000 2.031065 129.346497 -6.140862 14.085579 0.000000 0.000000 0.982248
37700 378 129.960144 0.000000 1000.000000 1.211612 131.427414 -2.678873 0.000000 0.000000 0.000000 2.127330
37800 379 135.678253 0.000000 1000.000000 0.560665 138.414932 -3.297356 0.000000 0.000000 0.000000 1.700707
37900 380 136.117691 0.000000 1000.000000 0.183814 142.228897 -1.738722 -4.556285 0.000000 0.000000 2.196639
38000 381 134.906219 0.000000 1000.000000 0.589976 136.228317 -1.912074 0.000000 0.000000 0.000000 1.515702
38100 382 138.414520 0.000000 1000.000000 0.225100 143.680832 -1.997903 -3.493506 0.000000 0.000000 1.728418
38200 383 140.411453 0.000000 1000.000000 0.490434 147.858368 -2.448826 -5.488524 0.000000 0.000000 1.898884
38300 384 142.255051 0.000000 1000.000000 0.534023 142.118805 -0.397785 0.000000 0.000000 0.000000 1.736897
38400 385 137.354965 0.000000 1000.000000 0.835689 138.405670 -1.886405 0.000000 0.000000 0.000000 2.101259
38500 386 147.731110 0.000000 1000.000000 0.794527 153.582169 -2.691528 -3.954056 0.000000 0.000000 3.074863
38600 387 135.814636 0.000000 1000.000000 0.338929 137.417419 -1.044691 -0.897024 0.000000 0.000000 2.535552
38700 388 148.749405 0.000000 1000.000000 0.708578 153.030045 -1.395983 -3.593227 0.000000 0.000000 1.868304
38800 389 137.774216 0.000000 1000.000000 0.443330 137.536423 -0.205534 0.000000 0.000000 0.000000 3.020084
38900 390 162.539505 0.000000 1000.000000 0.454606 163.328445 -1.243551 0.000000 0.000000 0.000000 3.458788
39000 391 130.844971 0.000000 1000.000000 1.203240 132.400848 -2.759119 0.000000 0.000000 0.000000 3.172617
39100 392 128.799942 0.000000 1000.000000 1.385784 133.505951 -1.422169 -4.669626 0.000000 0.000000 2.106934
39200 393 147.191895 0.000000 1000.000000 0.458826 147.678543 -0.945475 0.000000 0.000000 0.000000 2.356831
39300 394 151.183395 0.000000 1000.000000 1.145281 152.880295 -2.842175 0.000000 0.000000 0.000000 1.478415
39400 395 146.353897 0.000000 1000.000000 0.899394 146.869919 -1.415416 0.000000 0.000000 0.000000 1.391268
39500 396 142.467606 0.000000 1000.000000 0.333757 143.821243 -1.687390 0.000000 0.000000 0.000000 2.698192
39600 397 137.236618 0.000000 1000.000000 0.310187 142.924103 -3.444293 -2.553374 0.000000 0.000000 1.721959
39700 398 136.805511 0.000000 1000.000000 0.360630 139.755966 -3.311088 0.000000 0.000000 0.000000 0.983491
39800 399 144.160522 0.000000 1000.000000 0.685580 145.016510 -1.541559 0.000000 0.000000 0.000000 1.886797
39900 400 142.008224 0.000000 1000.000000 0.723499 143.588333 -2.303607 0.000000 0.000000 0.000000 3.152701
40000 401 138.258728 0.000000 1000.000000 0.225081 139.879776 -1.846138 0.000000 0.000000 0.000000 1.665760
40100 402 134.833496 0.000000 1000.000000 0.154510 139.734955 -1.817805 -3.238156 0.000000 0.000000 2.755418
40200 403 154.333557 0.000000 1000.000000 0.424681 152.041473 -1.702033 3.569423 0.000000 0.000000 2.712946
40300 404 143.104095 0.000000 1000.000000 0.530557 142.941086 -0.367548 0.000000 0.000000 0.000000 2.624203
40400 405 152.186966 0.000000 1000.000000 0.538813 153.045593 -1.397441 0.000000 0.000000 0.000000 2.149563
40500 406 141.263153 0.000000 1000.000000 0.552110 142.413132 -1.702085 0.000000 0.000000 0.000000 2.435328
40600 407 123.789978 0.000000 1000.000000 0.720663 135.092346 -3.299973 -8.723057 0.000000 0.000000 2.133009
40700 408 134.412140 0.000000 1000.000000 0.415428 138.361801 -3.105188 -1.259902 0.000000 0.000000 1.610897
40800 409 143.268356 0.000000 1000.000000 0.737306 142.531052 0.000000 0.000000 0.000000 0.000000 2.929763
40900 410 121.459076 0.000000 1000.000000 0.268932 127.737503 -2.560945 -3.986420 0.000000 0.000000 2.413815
41000 411 138.471130 0.000000 1000.000000 0.881113 139.329834 -2.569559 0.829747 0.000000 0.000000 1.895711
41100 412 145.390686 0.000000 1000.000000 0.526322 147.766373 -2.902014 0.000000 0.000000 0.000000 1.597125
41200 413 137.779648 0.000000 1000.000000 0.156753 142.763229 -2.449316 -2.691030 0.000000 0.000000 1.599208
41300 414 124.156982 0.000000 1000.000000 0.296872 131.239456 -3.153181 -4.226166 0.000000 0.000000 2.460424
41400 415 164.130341 0.000000 1000.000000 1.051732 166.665329 -3.586715 0.000000 0.000000 0.000000 1.969427
41500 416 147.755661 0.000000 1000.000000 0.480646 148.187744 -0.912734 0.000000 0.000000 0.000000 1.871246
41600 417 144.275070 0.000000 1000.000000 1.097149 145.229813 -2.051899 0.000000 0.000000 0.000000 1.384139
41700 418 155.882233 0.000000 1000.000000 0.224030 157.587479 -1.929277 0.000000 0.000000 0.000000 1.879586
41800 419 154.086136 0.000000 1000.000000 0.147845 153.938293 0.000000 0.000000 0.000000 0.000000 2.166234
41900 420 160.378021 0.000000 1000.000000 0.686773 161.524231 -1.832973 0.000000 0.000000 0.000000 1.546402
42000 421 151.110275 0.000000 1000.000000 0.508393 153.134949 -2.533063 0.000000 0.000000 0.000000 2.743337
42100 422 141.224396 0.000000 1000.000000 0.558227 141.624847 -0.958678 0.000000 0.000000 0.000000 1.484444
42200 423 162.090973 0.000000 1000.000000 0.194217 165.074814 -3.178048 0.000000 0.000000 0.000000 2.433886
42300 424 140.959152 0.000000 1000.000000 0.366439 146.887436 -3.438277 -2.856440 0.000000 0.000000 1.588344
42400 425 157.665512 0.000000 1000.000000 1.445145 157.824524 -1.604153 0.000000 0.000000 0.000000 1.949898
42500 426 143.040054 0.000000 1000.000000 1.847132 142.076569 -0.883647 0.000000 0.000000 0.000000 1.507427
42600 427 136.248764 0.000000 1000.000000 0.456315 139.200058 -2.583043 -0.824567 0.000000 0.000000 2.196054
42700 428 154.538864 0.000000 1000.000000 0.559881 156.256912 -2.277926 0.000000 0.000000 0.000000 2.488497
42800 429 139.165955 0.000000 1000.000000 1.866749 138.299393 -1.000184 0.000000 0.000000 0.000000 1.804879
42900 430 137.048004 0.000000 1000.000000 0.602304 137.595001 -1.149301 0.000000 0.000000 0.000000 1.382632
43000 431 134.571198 0.000000 1000.000000 0.373920 134.926712 -0.729427 0.000000 0.000000 0.000000 1.649466
43100 432 156.279739 0.000000 1000.000000 0.456928 157.920822 -2.098014 0.000000 0.000000 0.000000 2.590106
43200 433 125.984482 0.000000 1000.000000 0.316640 126.882011 -1.214170 0.000000 0.000000 0.000000 1.230986
43300 434 117.290497 0.000000 1000.000000 0.696437 118.419586 -1.825526 0.000000 0.000000 0.000000 1.924409
43400 435 135.691208 0.000000 1000.000000 1.095816 140.285522 -4.829906 -0.860220 0.000000 0.000000 1.886676
43500 436 123.761185 0.000000 1000.000000 1.254897 130.372757 -3.126388 -4.740085 0.000000 0.000000 1.393548
43600 437 148.854813 0.000000 1000.000000 1.190055 126.785599 -5.039230 25.918388 0.000000 0.000000 1.022571
43700 438 135.721558 0.000000 1000.000000 1.412786 136.500412 -2.191630 0.000000 0.000000 0.000000 3.258679
43800 439 166.710571 0.000000 1000.000000 0.915617 138.768463 -4.768172 31.794668 0.000000 0.000000 0.922669
43900 440 136.757782 0.000000 1000.000000 0.624971 147.244904 -3.355287 -7.756800 0.000000 0.000000 1.368580
44000 441 135.988022 0.000000 1000.000000 0.379386 136.955627 -1.346977 0.000000 0.000000 0.000000 1.340413
44100 442 127.719810 0.000000 1000.000000 0.294301 133.273636 -2.228659 -3.619471 0.000000 0.000000 1.244569
44200 443 192.858337 0.000000 1000.000000 2.101250 129.451126 -3.576296 64.882271 0.000000 0.000000 1.521424
44300 444 138.724396 0.000000 1000.000000 0.890220 140.643280 -2.809100 0.000000 0.000000 0.000000 1.188812
44400 445 136.909286 0.000000 1000.000000 0.591025 139.733566 -3.415304 0.000000 0.000000 0.000000 1.689957
44500 446 133.802170 0.000000 1000.000000 1.668505 137.633759 -3.313272 -2.186818 0.000000 0.000000 4.425130
44600 447 148.850815 0.000000 1000.000000 0.362215 149.303467 -0.814871 0.000000 0.000000 0.000000 2.760604
44700 448 146.169388 0.000000 1000.000000 0.541104 147.256424 -1.628144 0.000000 0.000000 0.000000 1.804533
44800 449 136.922836 0.000000 1000.000000 0.532458 137.723663 -1.333285 0.000000 0.000000 0.000000 4.000297
44900 450 153.160324 0.000000 1000.000000 0.587931 158.501450 -2.771829 -3.157232 0.000000 0.000000 1.527375
45000 451 138.530807 0.000000 1000.000000 0.373659 144.611343 -3.574965 -2.879225 0.000000 0.000000 0.724707
45100 452 140.232834 0.000000 1000.000000 1.415854 145.523193 -4.773745 -1.932459 0.000000 0.000000 1.061846
45200 453 128.512497 0.000000 1000.000000 0.526231 132.692841 -1.682810 -3.023763 0.000000 0.000000 2.114814
45300 454 137.838440 0.000000 1000.000000 0.853305 137.546326 -0.561185 0.000000 0.000000 0.000000 6.097519
45400 455 140.825577 0.000000 1000.000000 0.808160 142.537155 -2.519742 0.000000 0.000000 0.000000 5.078530
45500 456 187.237869 0.000000 1000.000000 0.934992 146.616547 -5.156245 44.842575 0.000000 0.000000 2.263774
45600 457 145.306122 0.000000 1000.000000 0.525829 146.648499 -1.868205 0.000000 0.000000 0.000000 4.021764
45700 458 138.621124 0.000000 1000.000000 1.204339 137.416779 0.000000 0.000000 0.000000 0.000000 5.011807
45800 459 130.270859 0.000000 1000.000000 0.633052 134.873489 -4.394199 -0.841497 0.000000 0.000000 3.586571
45900 460 124.695839 0.000000 1000.000000 0.324497 125.430298 -1.058954 0.000000 0.000000 0.000000 3.848761
46000 461 145.113754 0.000000 1000.000000 0.837426 145.299515 -1.023198 0.000000 0.000000 0.000000 3.221541
46100 462 123.514954 0.000000 1000.000000 0.496697 124.482437 -1.464177 0.000000 0.000000 0.000000 2.803320
46200 463 141.006653 0.000000 1000.000000 0.449486 141.317474 -0.760317 0.000000 0.000000 0.000000 2.876551
46300 464 136.761063 0.000000 1000.000000 1.604079 136.697128 -1.540141 0.000000 0.000000 0.000000 3.344782
46400 465 136.060059 0.000000 1000.000000 0.290526 131.825638 -2.703364 6.647266 0.000000 0.000000 2.417150
46500 466 138.963623 0.000000 1000.000000 1.769497 137.420685 -0.226570 0.000000 0.000000 0.000000 3.991424
46600 467 122.373764 0.000000 1000.000000 1.625027 120.748741 0.000000 0.000000 0.000000 0.000000 2.603595
46700 468 168.708130 0.000000 1000.000000 0.650696 168.057434 0.000000 0.000000 0.000000 0.000000 2.677360
46800 469 134.681717 0.000000 1000.000000 0.489043 137.511871 -3.035204 -0.284004 0.000000 0.000000 3.191704
46900 470 142.738190 0.000000 1000.000000 1.167447 143.519211 -1.948476 0.000000 0.000000 0.000000 3.214305
47000 471 131.516098 0.000000 1000.000000 0.649965 132.666809 -1.800668 0.000000 0.000000 0.000000 1.908521
47100 472 131.851791 0.000000 1000.000000 0.863985 130.987808 0.000000 0.000000 0.000000 0.000000 2.231579
47200 473 119.650284 0.000000 1000.000000 0.649619 119.696289 -0.695627 0.000000 0.000000 0.000000 1.768496
47300 474 121.920784 0.000000 1000.000000 0.918003 123.467171 -2.464383 0.000000 0.000000 0.000000 1.562466
47400 475 122.107986 0.000000 1000.000000 0.610880 124.769157 -3.272045 0.000000 0.000000 0.000000 2.207376
47500 476 158.181442 0.000000 1000.000000 0.553036 146.777557 -2.085071 12.935907 0.000000 0.000000 3.288569
47600 477 130.406464 0.000000 1000.000000 1.139371 135.159561 -1.792205 -4.100271 0.000000 0.000000 2.222969
47700 478 115.714012 0.000000 1000.000000 0.628393 127.450195 -3.895741 -8.468826 0.000000 0.000000 1.524594
47800 479 139.499954 0.000000 1000.000000 0.258389 148.050858 -4.533521 -4.275771 0.000000 0.000000 1.387676
47900 480 118.408691 0.000000 1000.000000 0.696687 119.646683 -1.934676 0.000000 0.000000 0.000000 3.387735
48000 481 147.545013 0.000000 1000.000000 0.660943 149.990128 -3.106063 0.000000 0.000000 0.000000 2.108708
48100 482 134.832275 0.000000 1000.000000 0.380611 143.821243 -6.748885 -2.620699 0.000000 0.000000 0.592955
48200 483 149.909164 0.000000 1000.000000 0.269906 145.213486 -2.857533 7.283288 0.000000 0.000000 1.242745
48300 484 136.264984 0.000000 1000.000000 0.474264 142.750122 -3.616961 -3.342444 0.000000 0.000000 1.558437
48400 485 138.097473 0.000000 1000.000000 0.505250 140.078445 -2.486225 0.000000 0.000000 0.000000 1.370718
48500 486 129.331482 0.000000 1000.000000 0.277318 131.203613 -2.149438 0.000000 0.000000 0.000000 1.608895
48600 487 142.796844 0.000000 1000.000000 0.411238 150.233292 -3.407749 -4.439937 0.000000 0.000000 1.805236
48700 488 139.695999 0.000000 1000.000000 0.639904 143.824997 -2.967586 -1.801309 0.000000 0.000000 1.595765
48800 489 135.550919 0.000000 1000.000000 1.770465 134.383194 -0.602734 0.000000 0.000000 0.000000 1.669103
48900 490 141.074158 0.000000 1000.000000 1.086632 141.777802 -1.790280 0.000000 0.000000 0.000000 2.234041
49000 491 151.522247 0.000000 1000.000000 1.319842 148.895401 -2.630903 3.937914 0.000000 0.000000 3.259844
49100 492 154.059280 0.000000 1000.000000 0.179917 155.879791 -2.000428 0.000000 0.000000 0.000000 1.478329
49200 493 135.247955 0.000000 1000.000000 0.445640 137.132721 -2.330405 0.000000 0.000000 0.000000 1.090302
49300 494 122.262657 0.000000 1000.000000 0.153544 122.109116 0.000000 0.000000 0.000000 0.000000 2.328727
49400 495 128.082275 0.000000 1000.000000 0.242331 127.839943 0.000000 0.000000 0.000000 0.000000 4.127532
49500 496 136.038605 0.000000 1000.000000 0.546112 136.849945 -1.357450 0.000000 0.000000 0.000000 1.681658
49600 497 130.743942 0.000000 1000.000000 1.117057 131.919998 -2.293105 0.000000 0.000000 0.000000 3.550384
49700 498 127.487534 0.000000 1000.000000 1.270675 137.556091 -3.539450 -7.799786 0.000000 0.000000 2.580223
49800 499 133.561859 0.000000 1000.000000 0.360820 133.788345 -0.587303 0.000000 0.000000 0.000000 3.745792
49900 500 122.005035 0.000000 1000.000000 0.343906 124.804482 -3.143352 0.000000 0.000000 0.000000 2.100049
50000 501 133.115204 0.000000 1000.000000 1.142733 144.057068 -3.790683 -8.293921 0.000000 0.000000 2.614992
