1 1 207.254593 0.000000 1000.000000 0.408739 208.826218 -0.369608 -1.610751 0.000000 0.000000 16.045137
100 2 147.971085 0.000000 1000.000000 2.338186 145.632904 0.000000 0.000000 0.000000 0.000000 8.190655
200 3 172.054428 0.000000 1000.000000 0.726823 172.107635 -0.780025 0.000000 0.000000 0.000000 8.672282
300 4 148.155182 0.000000 1000.000000 1.065296 148.286880 -1.196991 0.000000 0.000000 0.000000 5.714178
400 5 144.957657 0.000000 1000.000000 1.946838 145.296783 -2.285964 0.000000 0.000000 0.000000 3.025530
500 6 146.549561 0.000000 1000.000000 0.695510 147.071472 -1.217426 0.000000 0.000000 0.000000 3.629854
600 7 133.688339 0.000000 1000.000000 0.440240 134.954086 -1.705992 0.000000 0.000000 0.000000 2.840329
700 8 153.057755 0.000000 1000.000000 1.257056 152.807510 -1.006798 0.000000 0.000000 0.000000 4.622939
800 9 145.541931 0.000000 1000.000000 0.982898 145.610306 -1.051270 0.000000 0.000000 0.000000 5.415113
900 10 150.729187 0.000000 1000.000000 1.107588 152.353668 -1.606898 -1.125172 0.000000 0.000000 4.999032
1000 11 151.565826 0.000000 1000.000000 1.085892 155.952347 -0.776361 -4.696048 0.000000 0.000000 6.551836
1100 12 143.445557 0.000000 1000.000000 0.350748 143.094803 0.000000 0.000000 0.000000 0.000000 2.755555
1200 13 129.446381 0.000000 1000.000000 0.522247 129.973740 -1.049614 0.000000 0.000000 0.000000 3.107052
1300 14 136.835739 0.000000 1000.000000 0.365333 138.190643 -1.720228 0.000000 0.000000 0.000000 2.129378
1400 15 135.003769 0.000000 1000.000000 0.897208 138.141678 -1.239817 -2.795291 0.000000 0.000000 3.198917
1500 16 141.129059 0.000000 1000.000000 0.683697 141.271149 -0.825790 0.000000 0.000000 0.000000 3.840883
1600 17 139.507034 0.000000 1000.000000 2.390196 138.416977 -1.300144 0.000000 0.000000 0.000000 2.141150
1700 18 144.651306 0.000000 1000.000000 0.960187 137.783783 -1.258082 7.165425 0.000000 0.000000 5.987051
1800 19 147.908508 0.000000 1000.000000 0.486117 153.622360 -2.409134 -3.790833 0.000000 0.000000 3.851012
1900 20 151.364182 0.000000 1000.000000 1.480131 154.985580 -2.263717 -2.837809 0.000000 0.000000 3.759170
2000 21 138.268326 0.000000 1000.000000 0.592283 138.059860 -0.383824 0.000000 0.000000 0.000000 3.492429
2100 22 123.109726 0.000000 1000.000000 0.136252 134.766403 -2.989595 -8.803328 0.000000 0.000000 2.969164
2200 23 155.292267 0.000000 1000.000000 1.319340 141.113342 -2.450678 15.310280 0.000000 0.000000 4.559185
2300 24 135.565674 0.000000 1000.000000 0.236829 135.328842 0.000000 0.000000 0.000000 0.000000 3.598969
2400 25 130.541931 0.000000 1000.000000 1.089186 133.080490 -2.493402 -1.134345 0.000000 0.000000 4.593168
2500 26 142.597229 0.000000 1000.000000 0.848846 142.626266 -0.877880 0.000000 0.000000 0.000000 7.364478
2600 27 137.502823 0.000000 1000.000000 0.723484 138.200119 -1.420780 0.000000 0.000000 0.000000 3.095482
2700 28 154.819763 0.000000 1000.000000 0.892979 156.063431 -2.136647 0.000000 0.000000 0.000000 3.212690
2800 29 151.836472 0.000000 1000.000000 1.071065 152.320480 -1.555065 0.000000 0.000000 0.000000 3.032097
2900 30 130.873093 0.000000 1000.000000 0.357766 131.398026 -0.882702 0.000000 0.000000 0.000000 3.148201
3000 31 158.540695 0.000000 1000.000000 0.662639 157.878052 0.000000 0.000000 0.000000 0.000000 3.602346
3100 32 126.055283 0.000000 1000.000000 0.820719 131.656448 -3.364651 -3.057235 0.000000 0.000000 2.683640
3200 33 131.557510 0.000000 1000.000000 1.514627 137.234375 -3.143147 -4.048357 0.000000 0.000000 1.789462
3300 34 144.708511 0.000000 1000.000000 0.538453 145.055634 -0.885580 0.000000 0.000000 0.000000 1.835975
3400 35 146.033295 0.000000 1000.000000 1.406729 148.517075 -3.890510 0.000000 0.000000 0.000000 1.492736
3500 36 141.160706 0.000000 1000.000000 0.731854 141.321609 -0.892754 0.000000 0.000000 0.000000 1.956625
3600 37 131.243347 0.000000 1000.000000 0.835456 141.289429 -3.328239 -7.553293 0.000000 0.000000 2.004662
3700 38 144.818008 0.000000 1000.000000 2.182059 146.799164 -4.163205 0.000000 0.000000 0.000000 1.297878
3800 39 140.184128 0.000000 1000.000000 2.833923 139.254791 -1.904590 0.000000 0.000000 0.000000 1.542176
3900 40 136.113022 0.000000 1000.000000 0.489299 143.408478 -4.091655 -3.693100 0.000000 0.000000 1.868772
4000 41 123.912369 0.000000 1000.000000 1.673045 123.292587 -1.053258 0.000000 0.000000 0.000000 2.495023
4100 42 144.875809 0.000000 1000.000000 1.418800 143.804367 -0.347347 0.000000 0.000000 0.000000 3.892920
4200 43 132.939133 0.000000 1000.000000 2.774850 130.810318 -0.646036 0.000000 0.000000 0.000000 4.250831
4300 44 149.609055 0.000000 1000.000000 0.599199 149.429428 -0.419570 0.000000 0.000000 0.000000 3.496887
4400 45 147.607559 0.000000 1000.000000 0.533141 147.833664 -0.759241 0.000000 0.000000 0.000000 2.775663
4500 46 162.368546 0.000000 1000.000000 1.216105 169.148895 -1.887219 -6.109233 0.000000 0.000000 3.645917
4600 47 198.263580 0.000000 1000.000000 1.136562 160.195709 -2.280133 39.211449 0.000000 0.000000 4.185134
4700 48 141.300781 0.000000 1000.000000 1.312772 140.144211 -0.156208 0.000000 0.000000 0.000000 3.236464
4800 49 122.134476 0.000000 1000.000000 0.425185 123.254723 -1.545431 0.000000 0.000000 0.000000 2.014418
4900 50 134.305161 0.000000 1000.000000 0.341218 139.639267 -1.939950 -3.735370 0.000000 0.000000 1.910927
5000 51 145.571503 0.000000 1000.000000 1.015896 146.269882 -1.714285 0.000000 0.000000 0.000000 2.228625
5100 52 124.651733 0.000000 1000.000000 0.561549 124.090187 0.000000 0.000000 0.000000 0.000000 3.545610
5200 53 137.856018 0.000000 1000.000000 0.597404 141.200302 -2.753452 -1.188229 0.000000 0.000000 2.326718
5300 54 133.565979 0.000000 1000.000000 1.345188 135.427200 -3.206404 0.000000 0.000000 0.000000 3.629925
5400 55 131.043121 0.000000 1000.000000 0.199668 133.861557 -3.018091 0.000000 0.000000 0.000000 5.008628
5500 56 135.807968 0.000000 1000.000000 0.514503 138.172745 -2.879271 0.000000 0.000000 0.000000 2.478358
5600 57 126.430588 0.000000 1000.000000 0.379792 128.512222 -2.461422 0.000000 0.000000 0.000000 2.734998
5700 58 141.011063 0.000000 1000.000000 0.471823 140.539246 0.000000 0.000000 0.000000 0.000000 2.590018
5800 59 141.795883 0.000000 1000.000000 0.958334 140.837555 0.000000 0.000000 0.000000 0.000000 3.643319
5900 60 179.560516 0.000000 1000.000000 0.969077 151.380432 -4.475226 31.686239 0.000000 0.000000 1.575594
6000 61 139.476685 0.000000 1000.000000 0.637033 140.754028 -1.914385 0.000000 0.000000 0.000000 2.727078
6100 62 145.533752 0.000000 1000.000000 0.490997 146.247696 -1.204941 0.000000 0.000000 0.000000 2.440345
6200 63 139.037201 0.000000 1000.000000 0.327608 140.168808 -1.459213 0.000000 0.000000 0.000000 2.457484
6300 64 167.672867 0.000000 1000.000000 0.440943 156.349091 -2.029235 12.912069 0.000000 0.000000 2.243775
6400 65 144.927689 0.000000 1000.000000 0.522537 146.180817 -1.775669 0.000000 0.000000 0.000000 4.072464
6500 66 162.388504 0.000000 1000.000000 0.524656 162.327988 -5.799686 5.335536 0.000000 0.000000 0.845911
6600 67 135.187103 0.000000 1000.000000 0.213745 137.582245 -2.608882 0.000000 0.000000 0.000000 2.137568
6700 68 147.231262 0.000000 1000.000000 0.409000 151.272308 -3.519977 -0.930068 0.000000 0.000000 1.117101
6800 69 149.694794 0.000000 1000.000000 0.871974 151.274948 -2.452137 0.000000 0.000000 0.000000 2.876586
6900 70 146.243607 0.000000 1000.000000 0.497910 138.091660 -4.022371 11.676408 0.000000 0.000000 1.826220
7000 71 143.085587 0.000000 1000.000000 0.858330 151.356308 -3.888268 -5.240777 0.000000 0.000000 1.760083
7100 72 141.947449 0.000000 1000.000000 0.543266 137.804901 -5.154132 8.753417 0.000000 0.000000 1.130091
7200 73 122.058708 0.000000 1000.000000 0.768486 123.045967 -1.755743 0.000000 0.000000 0.000000 1.837587
7300 74 143.872833 0.000000 1000.000000 1.131810 144.672134 -1.931100 0.000000 0.000000 0.000000 1.814392
7400 75 129.604645 0.000000 1000.000000 0.709960 130.045868 -1.151189 0.000000 0.000000 0.000000 3.877475
7500 76 129.523849 0.000000 1000.000000 0.223142 129.817398 -0.516700 0.000000 0.000000 0.000000 1.852096
7600 77 143.983124 0.000000 1000.000000 0.535691 154.022400 -4.038643 -6.536311 0.000000 0.000000 3.304877
7700 78 124.927933 0.000000 1000.000000 0.606382 137.898956 -4.263313 -9.314099 0.000000 0.000000 1.838775
7800 79 150.534180 0.000000 1000.000000 1.482660 150.983994 -1.932480 0.000000 0.000000 0.000000 2.784340
7900 80 138.454071 0.000000 1000.000000 0.296880 139.224548 -1.067353 0.000000 0.000000 0.000000 2.472263
8000 81 131.792221 0.000000 1000.000000 1.150602 132.689453 -2.047837 0.000000 0.000000 0.000000 1.926250
8100 82 126.975983 0.000000 1000.000000 1.097323 126.935066 -1.056409 0.000000 0.000000 0.000000 1.468893
8200 83 137.741867 0.000000 1000.000000 0.295095 140.124008 -2.677228 0.000000 0.000000 0.000000 2.108279
8300 84 128.394821 0.000000 1000.000000 0.276864 129.644012 -1.526056 0.000000 0.000000 0.000000 2.069193
8400 85 123.654099 0.000000 1000.000000 0.314144 140.449722 -6.707570 -10.402209 0.000000 0.000000 1.645142
8500 86 143.548019 0.000000 1000.000000 0.295699 150.695923 -3.610992 -3.832608 0.000000 0.000000 2.329081
8600 87 114.948074 0.000000 1000.000000 0.186272 126.365067 -6.022246 -5.581013 0.000000 0.000000 0.892833
8700 88 133.353561 0.000000 1000.000000 0.535815 133.829361 -1.011611 0.000000 0.000000 0.000000 2.110393
8800 89 131.433563 0.000000 1000.000000 0.513816 132.079544 -1.159783 0.000000 0.000000 0.000000 1.539836
8900 90 125.932495 0.000000 1000.000000 0.438965 126.665176 -1.171646 0.000000 0.000000 0.000000 3.921291
9000 91 131.001282 0.000000 1000.000000 0.365572 134.081757 -3.446042 0.000000 0.000000 0.000000 1.297427
9100 92 130.364563 0.000000 1000.000000 0.470519 132.346588 -2.452549 0.000000 0.000000 0.000000 2.036237
9200 93 133.541016 0.000000 1000.000000 1.312561 133.925674 -1.697220 0.000000 0.000000 0.000000 1.818092
9300 94 135.949966 0.000000 1000.000000 0.644330 141.819412 -4.059203 -2.454577 0.000000 0.000000 1.615420
9400 95 127.623070 0.000000 1000.000000 0.533672 139.355850 -3.851029 -8.415431 0.000000 0.000000 3.469021
9500 96 127.335800 0.000000 1000.000000 0.244268 130.399307 -3.307769 0.000000 0.000000 0.000000 1.744558
9600 97 151.596863 0.000000 1000.000000 0.546502 157.317291 -3.530072 -2.736858 0.000000 0.000000 1.826935
9700 98 120.764328 0.000000 1000.000000 0.389689 136.699371 -4.176356 -12.148374 0.000000 0.000000 3.299227
9800 99 134.641190 0.000000 1000.000000 0.460416 138.882584 -2.828519 -1.873289 0.000000 0.000000 2.536692
9900 100 141.086639 0.000000 1000.000000 0.231126 144.548965 -3.693450 0.000000 0.000000 0.000000 1.419681
10000 101 361.087799 0.000000 1000.000000 3.043192 136.202972 -3.519073 225.360703 0.000000 0.000000 2.442781
10100 102 136.035599 0.000000 1000.000000 0.834006 137.682114 -2.480513 0.000000 0.000000 0.000000 2.853108
10200 103 170.342957 0.000000 1000.000000 1.464224 150.362473 -2.040490 20.556757 0.000000 0.000000 3.625516
10300 104 126.235474 0.000000 1000.000000 0.224067 127.134933 -2.662231 1.538707 0.000000 0.000000 1.997044
10400 105 141.879105 0.000000 1000.000000 0.437951 136.832520 -3.795853 8.404482 0.000000 0.000000 2.220912
10500 106 126.743958 0.000000 1000.000000 1.011990 131.886307 -0.881196 -5.273149 0.000000 0.000000 3.392464
10600 107 155.954269 0.000000 1000.000000 1.517421 152.893234 -1.929565 3.473181 0.000000 0.000000 2.196673
10700 108 136.023956 0.000000 1000.000000 1.728661 134.295288 0.000000 0.000000 0.000000 0.000000 2.382786
10800 109 133.080338 0.000000 1000.000000 0.902565 136.802856 -1.779529 -2.845565 0.000000 0.000000 2.196029
10900 110 195.036102 0.000000 1000.000000 2.292835 129.717529 -3.204633 66.230385 0.000000 0.000000 1.642303
11000 111 129.345245 0.000000 1000.000000 0.656557 130.177078 -1.488392 0.000000 0.000000 0.000000 7.008129
11100 112 121.437141 0.000000 1000.000000 1.253108 120.184036 0.000000 0.000000 0.000000 0.000000 1.648031
11200 113 123.000710 0.000000 1000.000000 0.921410 122.977821 -0.898522 0.000000 0.000000 0.000000 2.181211
11300 114 145.163361 0.000000 1000.000000 0.569883 144.593475 0.000000 0.000000 0.000000 0.000000 3.686106
11400 115 141.626266 0.000000 1000.000000 0.400420 148.459824 -4.124155 -3.109823 0.000000 0.000000 1.991547
11500 116 156.941116 0.000000 1000.000000 0.460378 156.480743 0.000000 0.000000 0.000000 0.000000 3.106392
11600 117 121.608162 0.000000 1000.000000 1.929201 120.474854 -0.795890 0.000000 0.000000 0.000000 2.665900
11700 118 140.126602 0.000000 1000.000000 0.577330 141.725586 -3.207417 1.031094 0.000000 0.000000 2.176740
11800 119 135.260788 0.000000 1000.000000 0.580441 134.962540 -0.282193 0.000000 0.000000 0.000000 2.201428
11900 120 129.185394 0.000000 1000.000000 0.426775 130.245148 -1.486527 0.000000 0.000000 0.000000 1.940007
12000 121 139.092117 0.000000 1000.000000 0.702220 139.898758 -1.508869 0.000000 0.000000 0.000000 2.885828
12100 122 126.077553 0.000000 1000.000000 1.078664 126.426903 -1.428013 0.000000 0.000000 0.000000 2.244312
12200 123 114.632286 0.000000 1000.000000 0.598492 117.824921 -3.791132 0.000000 0.000000 0.000000 1.559033
12300 124 122.859932 0.000000 1000.000000 0.502047 123.028397 -0.670510 0.000000 0.000000 0.000000 1.696379
12400 125 123.862167 0.000000 1000.000000 0.520155 128.301437 -3.642108 -1.317323 0.000000 0.000000 1.856928
12500 126 132.783966 0.000000 1000.000000 1.170515 136.355759 -1.716432 -3.025879 0.000000 0.000000 1.613378
12600 127 123.519783 0.000000 1000.000000 1.343226 123.692276 -1.515715 0.000000 0.000000 0.000000 2.348793
12700 128 114.219765 0.000000 1000.000000 0.859351 120.560829 -2.983890 -4.216529 0.000000 0.000000 0.691190
12800 129 142.894363 0.000000 1000.000000 0.263261 144.572525 -1.941420 0.000000 0.000000 0.000000 1.164364
12900 130 135.513916 0.000000 1000.000000 0.485748 141.376526 -3.686441 -2.661903 0.000000 0.000000 0.984391
13000 131 125.193939 0.000000 1000.000000 0.441373 135.488678 -5.055140 -5.680967 0.000000 0.000000 0.729948
13100 132 148.838440 0.000000 1000.000000 0.577083 151.546692 -3.285336 0.000000 0.000000 0.000000 1.311044
13200 133 122.844498 0.000000 1000.000000 1.368182 124.593063 -3.116746 0.000000 0.000000 0.000000 1.407947
13300 134 122.636223 0.000000 1000.000000 0.463733 128.735474 -2.030558 -4.532423 0.000000 0.000000 1.966490
13400 135 232.621094 0.000000 1000.000000 1.771275 130.980835 -3.572596 103.441597 0.000000 0.000000 1.552267
13500 136 131.107941 0.000000 1000.000000 0.392419 132.060959 -1.345445 0.000000 0.000000 0.000000 3.031444
13600 137 129.966248 0.000000 1000.000000 0.620368 129.863022 -0.517143 0.000000 0.000000 0.000000 2.033700
13700 138 133.960556 0.000000 1000.000000 1.129291 140.863495 -2.941478 -5.090746 0.000000 0.000000 2.656414
13800 139 156.417389 0.000000 1000.000000 0.340619 158.443878 -2.367113 0.000000 0.000000 0.000000 1.668601
13900 140 134.345108 0.000000 1000.000000 0.245242 135.458786 -1.358919 0.000000 0.000000 0.000000 2.384358
14000 141 125.979744 0.000000 1000.000000 0.212643 141.297256 -5.706017 -9.824132 0.000000 0.000000 1.470371
14100 142 142.201630 0.000000 1000.000000 0.271579 143.977448 -2.047393 0.000000 0.000000 0.000000 1.139972
14200 143 143.325775 0.000000 1000.000000 0.227347 150.238647 -3.574296 -3.565914 0.000000 0.000000 0.971584
14300 144 132.664017 0.000000 1000.000000 0.800702 133.771973 -1.908659 0.000000 0.000000 0.000000 2.594831
14400 145 134.214035 0.000000 1000.000000 0.445651 134.783478 -1.015086 0.000000 0.000000 0.000000 1.279196
14500 146 161.473923 0.000000 1000.000000 2.317320 161.211319 -2.054724 0.000000 0.000000 0.000000 2.310881
14600 147 169.033859 0.000000 1000.000000 0.613563 172.656250 -5.198300 0.962363 0.000000 0.000000 1.315756
14700 148 163.751099 0.000000 1000.000000 1.161443 163.672546 -1.082879 0.000000 0.000000 0.000000 1.268899
14800 149 132.865326 0.000000 1000.000000 0.978993 131.886337 0.000000 0.000000 0.000000 0.000000 3.630517
14900 150 152.210968 0.000000 1000.000000 0.601401 156.036789 -2.935642 -1.491577 0.000000 0.000000 1.728879
15000 151 194.897461 0.000000 1000.000000 1.513197 149.616043 -2.731345 46.499550 0.000000 0.000000 2.091648
15100 152 140.595993 0.000000 1000.000000 3.612066 138.133469 -1.149529 0.000000 0.000000 0.000000 1.761270
15200 153 150.256180 0.000000 1000.000000 0.409094 151.961349 -2.114256 0.000000 0.000000 0.000000 2.809104
15300 154 153.635788 0.000000 1000.000000 0.911702 163.184845 -5.483751 -4.977008 0.000000 0.000000 1.348674
15400 155 143.352402 0.000000 1000.000000 1.751424 149.302139 -3.401114 -4.300045 0.000000 0.000000 1.522129
15500 156 142.734192 0.000000 1000.000000 1.122555 143.599472 -1.987834 0.000000 0.000000 0.000000 1.851868
15600 157 131.999680 0.000000 1000.000000 1.253791 137.115463 -4.006639 -2.362933 0.000000 0.000000 1.403551
15700 158 140.720642 0.000000 1000.000000 0.470527 141.135788 -0.885666 0.000000 0.000000 0.000000 2.930681
15800 159 132.868286 0.000000 1000.000000 1.676910 131.403488 -0.212111 0.000000 0.000000 0.000000 3.719579
15900 160 144.824921 0.000000 1000.000000 0.601384 138.030609 -1.094208 7.287134 0.000000 0.000000 1.899955
16000 161 157.061279 0.000000 1000.000000 2.376475 154.684799 0.000000 0.000000 0.000000 0.000000 1.705781
16100 162 151.070511 0.000000 1000.000000 0.627409 151.264923 -0.821829 0.000000 0.000000 0.000000 3.645124
16200 163 238.898132 0.000000 1000.000000 1.963750 146.508621 -3.190522 93.616295 0.000000 0.000000 2.144270
16300 164 147.309494 0.000000 1000.000000 1.066145 134.606735 -3.519313 15.155930 0.000000 0.000000 1.826422
16400 165 161.700134 0.000000 1000.000000 0.909516 150.455582 -2.249530 12.584559 0.000000 0.000000 2.562173
16500 166 146.245010 0.000000 1000.000000 0.776644 146.838593 -1.370220 0.000000 0.000000 0.000000 3.251591
16600 167 130.218582 0.000000 1000.000000 0.394681 140.917480 -2.710185 -8.383399 0.000000 0.000000 2.120265
16700 168 163.556473 0.000000 1000.000000 0.331392 168.976654 -2.155391 -3.596182 0.000000 0.000000 1.998495
16800 169 145.310196 0.000000 1000.000000 1.512975 145.648758 -1.851534 0.000000 0.000000 0.000000 2.019080
16900 170 138.954254 0.000000 1000.000000 0.666803 145.677490 -3.916027 -3.474018 0.000000 0.000000 2.452351
17000 171 127.574478 0.000000 1000.000000 1.245669 126.328812 0.000000 0.000000 0.000000 0.000000 2.033822
17100 172 130.856659 0.000000 1000.000000 0.420497 137.833603 -3.932079 -3.465365 0.000000 0.000000 1.888525
17200 173 127.009872 0.000000 1000.000000 0.778820 131.965118 -2.568726 -3.165341 0.000000 0.000000 1.762910
17300 174 136.760345 0.000000 1000.000000 0.577575 141.847290 -2.408661 -3.255854 0.000000 0.000000 2.223416
17400 175 129.792419 0.000000 1000.000000 0.670068 132.172760 -3.050414 0.000000 0.000000 0.000000 2.565890
17500 176 126.294777 0.000000 1000.000000 0.765067 126.850304 -1.320595 0.000000 0.000000 0.000000 2.516936
17600 177 122.874626 0.000000 1000.000000 0.306876 127.869728 -2.403404 -2.898576 0.000000 0.000000 1.968299
17700 178 133.433609 0.000000 1000.000000 1.254541 138.218399 -2.608913 -3.430413 0.000000 0.000000 1.913465
17800 179 144.632156 0.000000 1000.000000 0.479460 145.217545 -1.064855 0.000000 0.000000 0.000000 2.632212
17900 180 164.143723 0.000000 1000.000000 0.327451 165.974014 -2.157752 0.000000 0.000000 0.000000 2.287014
18000 181 133.710678 0.000000 1000.000000 0.463648 134.472427 -1.225408 0.000000 0.000000 0.000000 2.397461
18100 182 135.931458 0.000000 1000.000000 0.862210 137.224655 -2.155407 0.000000 0.000000 0.000000 1.642296
18200 183 163.285187 0.000000 1000.000000 0.342668 163.115311 -0.172791 0.000000 0.000000 0.000000 3.502302
18300 184 150.566040 0.000000 1000.000000 0.799787 150.013809 -0.247552 0.000000 0.000000 0.000000 3.726356
18400 185 156.692093 0.000000 1000.000000 1.405812 156.175369 -0.889087 0.000000 0.000000 0.000000 2.692374
18500 186 165.747223 0.000000 1000.000000 2.855178 164.891541 -1.999489 0.000000 0.000000 0.000000 3.757992
18600 187 138.910645 0.000000 1000.000000 2.044321 137.698685 -0.832367 0.000000 0.000000 0.000000 3.909107
18700 188 156.592697 0.000000 1000.000000 0.604251 159.890274 -1.209416 -2.692408 0.000000 0.000000 3.751451
18800 189 141.596664 0.000000 1000.000000 0.671338 141.863174 -0.937854 0.000000 0.000000 0.000000 2.347560
18900 190 137.611526 0.000000 1000.000000 0.264989 138.660172 -1.313636 0.000000 0.000000 0.000000 2.759439
19000 191 158.056885 0.000000 1000.000000 0.424863 159.232941 -1.600920 0.000000 0.000000 0.000000 3.255333
19100 192 138.273346 0.000000 1000.000000 0.938225 137.940765 -2.494459 1.888821 0.000000 0.000000 2.340400
19200 193 131.480042 0.000000 1000.000000 1.125748 131.816071 -1.461784 0.000000 0.000000 0.000000 3.849298
19300 194 157.498749 0.000000 1000.000000 0.941596 157.544449 -0.987292 0.000000 0.000000 0.000000 5.169899
19400 195 152.602631 0.000000 1000.000000 0.326525 152.276108 0.000000 0.000000 0.000000 0.000000 5.403631
19500 196 140.767838 0.000000 1000.000000 0.659251 146.678970 -1.926480 -4.643909 0.000000 0.000000 3.349025
19600 197 163.349136 0.000000 1000.000000 1.286370 162.062759 0.000000 0.000000 0.000000 0.000000 3.008910
19700 198 154.952499 0.000000 1000.000000 1.264128 156.264252 -2.575887 0.000000 0.000000 0.000000 2.244140
19800 199 160.190399 0.000000 1000.000000 1.281048 158.909348 0.000000 0.000000 0.000000 0.000000 5.430135
19900 200 163.468842 0.000000 1000.000000 0.856725 165.876450 -1.185883 -2.078438 0.000000 0.000000 2.749378
20000 201 141.513000 0.000000 1000.000000 0.239114 142.170563 -0.896683 0.000000 0.000000 0.000000 1.577542
20100 202 144.227737 0.000000 1000.000000 0.247635 145.140259 -1.160153 0.000000 0.000000 0.000000 2.557402
20200 203 144.256897 0.000000 1000.000000 0.923790 143.761215 -0.428100 0.000000 0.000000 0.000000 2.281978
20300 204 144.401260 0.000000 1000.000000 0.571293 145.604355 -1.774386 0.000000 0.000000 0.000000 2.649900
20400 205 136.461227 0.000000 1000.000000 0.362574 136.438904 -0.340261 0.000000 0.000000 0.000000 5.135951
20500 206 136.041290 0.000000 1000.000000 1.044910 135.941956 -0.945572 0.000000 0.000000 0.000000 2.680065
20600 207 158.339157 0.000000 1000.000000 0.244985 159.954819 -1.860639 0.000000 0.000000 0.000000 2.590404
20700 208 149.270004 0.000000 1000.000000 0.473119 150.153168 -1.356278 0.000000 0.000000 0.000000 2.573133
20800 209 181.804047 0.000000 1000.000000 2.750051 153.301498 -1.763626 27.516123 0.000000 0.000000 2.183475
20900 210 161.366379 0.000000 1000.000000 0.438664 162.932617 -2.004898 0.000000 0.000000 0.000000 2.932138
21000 211 144.234421 0.000000 1000.000000 0.316931 145.016724 -1.099233 0.000000 0.000000 0.000000 1.219605
21100 212 144.928085 0.000000 1000.000000 2.168265 146.040604 -0.962594 -2.318176 0.000000 0.000000 3.794661
21200 213 134.081284 0.000000 1000.000000 0.227510 135.078156 -1.224384 0.000000 0.000000 0.000000 2.579619
21300 214 143.671738 0.000000 1000.000000 0.490341 145.887909 -2.706519 0.000000 0.000000 0.000000 2.977289
21400 215 134.905838 0.000000 1000.000000 0.369705 135.418747 -0.882610 0.000000 0.000000 0.000000 2.893872
21500 216 135.733231 0.000000 1000.000000 0.231490 136.828369 -1.326625 0.000000 0.000000 0.000000 2.741103
21600 217 141.582565 0.000000 1000.000000 0.316390 142.719040 -1.452870 0.000000 0.000000 0.000000 1.665838
21700 218 148.580978 0.000000 1000.000000 0.650565 150.130295 -2.199868 0.000000 0.000000 0.000000 1.676205
21800 219 138.077515 0.000000 1000.000000 0.276428 139.582825 -1.781744 0.000000 0.000000 0.000000 2.173355
21900 220 142.462570 0.000000 1000.000000 0.337568 143.365982 -1.240986 0.000000 0.000000 0.000000 3.802405
22000 221 122.602013 0.000000 1000.000000 0.333259 128.613907 -2.825594 -3.519557 0.000000 0.000000 1.376145
22100 222 147.116608 0.000000 1000.000000 0.231502 148.448502 -1.563401 0.000000 0.000000 0.000000 2.191312
22200 223 148.520706 0.000000 1000.000000 0.166729 149.516495 -1.162517 0.000000 0.000000 0.000000 4.295400
22300 224 141.556290 0.000000 1000.000000 0.338885 142.135422 -0.918013 0.000000 0.000000 0.000000 3.193387
22400 225 133.189743 0.000000 1000.000000 0.080425 134.353973 -1.244652 0.000000 0.000000 0.000000 0.946406
22500 226 141.340927 0.000000 1000.000000 0.474815 142.457825 -1.591721 0.000000 0.000000 0.000000 3.534675
22600 227 148.394699 0.000000 1000.000000 0.470852 149.544281 -1.620442 0.000000 0.000000 0.000000 2.324533
22700 228 139.288422 0.000000 1000.000000 0.144574 139.878113 -0.734276 0.000000 0.000000 0.000000 2.783862
22800 229 152.630676 0.000000 1000.000000 0.311408 153.144836 -0.825566 0.000000 0.000000 0.000000 4.663196
22900 230 146.964157 0.000000 1000.000000 0.354732 147.301208 -0.691792 0.000000 0.000000 0.000000 3.934296
23000 231 125.488914 0.000000 1000.000000 0.262861 127.917809 -2.691749 0.000000 0.000000 0.000000 2.735135
23100 232 144.307983 0.000000 1000.000000 1.507016 142.842194 -0.041227 0.000000 0.000000 0.000000 1.673403
23200 233 135.919769 0.000000 1000.000000 0.563300 136.643692 -1.287209 0.000000 0.000000 0.000000 3.873227
23300 234 150.681122 0.000000 1000.000000 0.218233 150.462891 0.000000 0.000000 0.000000 0.000000 2.707731
23400 235 138.023727 0.000000 1000.000000 1.114948 137.833847 -0.925064 0.000000 0.000000 0.000000 2.947219
23500 236 119.633278 0.000000 1000.000000 0.717363 120.078438 -1.162524 0.000000 0.000000 0.000000 2.422173
23600 237 189.670502 0.000000 1000.000000 1.414583 153.741226 -2.212774 36.727463 0.000000 0.000000 3.820351
23700 238 154.938187 0.000000 1000.000000 0.625983 154.619675 -0.307470 0.000000 0.000000 0.000000 4.954706
23800 239 125.369629 0.000000 1000.000000 0.599192 130.405472 -2.746118 -2.888915 0.000000 0.000000 2.709966
23900 240 141.293915 0.000000 1000.000000 0.236751 141.658844 -0.601688 0.000000 0.000000 0.000000 3.827507
24000 241 119.600990 0.000000 1000.000000 0.920470 119.943291 -1.262770 0.000000 0.000000 0.000000 4.709141
24100 242 139.293045 0.000000 1000.000000 2.374876 137.079956 -0.161790 0.000000 0.000000 0.000000 6.282500
24200 243 132.801697 0.000000 1000.000000 0.863168 131.996689 -0.058167 0.000000 0.000000 0.000000 3.398155
24300 244 142.110626 0.000000 1000.000000 2.033653 140.676605 -0.599623 0.000000 0.000000 0.000000 4.036738
24400 245 136.999039 0.000000 1000.000000 0.528322 136.735306 -0.264588 0.000000 0.000000 0.000000 4.129509
24500 246 118.173233 0.000000 1000.000000 1.019265 116.609581 -1.368543 1.912933 0.000000 0.000000 3.307077
24600 247 139.449722 0.000000 1000.000000 0.424707 139.766434 -0.741429 0.000000 0.000000 0.000000 4.370392
24700 248 132.555573 0.000000 1000.000000 0.602913 132.277054 -0.324396 0.000000 0.000000 0.000000 2.897772
24800 249 138.928452 0.000000 1000.000000 0.305982 138.900665 -0.278198 0.000000 0.000000 0.000000 2.665711
24900 250 139.284348 0.000000 1000.000000 0.842898 144.609604 -1.267990 -4.900167 0.000000 0.000000 3.324890
25000 251 155.242584 0.000000 1000.000000 1.189479 155.198227 -1.145130 0.000000 0.000000 0.000000 2.365890
25100 252 130.064484 0.000000 1000.000000 0.463382 129.943436 -0.342336 0.000000 0.000000 0.000000 2.612230
25200 253 142.014130 0.000000 1000.000000 1.120289 141.829605 -0.935758 0.000000 0.000000 0.000000 3.488476
25300 254 128.916611 0.000000 1000.000000 0.289018 129.156006 -0.528408 0.000000 0.000000 0.000000 5.238055
25400 255 130.476379 0.000000 1000.000000 0.359146 130.445969 -0.328736 0.000000 0.000000 0.000000 3.083726
25500 256 154.044205 0.000000 1000.000000 0.770096 153.629166 -0.355056 0.000000 0.000000 0.000000 5.302335
25600 257 139.296371 0.000000 1000.000000 0.514327 144.217056 -1.146793 -4.288224 0.000000 0.000000 4.794489
25700 258 141.276031 0.000000 1000.000000 0.341878 140.934158 0.000000 0.000000 0.000000 0.000000 3.667342
25800 259 136.169357 0.000000 1000.000000 0.514628 135.654724 0.000000 0.000000 0.000000 0.000000 4.752796
25900 260 160.925674 0.000000 1000.000000 0.323848 161.130981 -0.529154 0.000000 0.000000 0.000000 3.562469
26000 261 147.533051 0.000000 1000.000000 0.370485 147.162567 0.000000 0.000000 0.000000 0.000000 4.394650
26100 262 149.507812 0.000000 1000.000000 0.439238 150.594681 -1.526107 0.000000 0.000000 0.000000 3.044796
26200 263 142.455154 0.000000 1000.000000 1.175215 142.179962 -0.900020 0.000000 0.000000 0.000000 1.417526
26300 264 128.147629 0.000000 1000.000000 0.885653 127.355812 -0.093843 0.000000 0.000000 0.000000 3.185682
26400 265 140.320023 0.000000 1000.000000 0.639381 140.382706 -0.702053 0.000000 0.000000 0.000000 2.017984
26500 266 139.230972 0.000000 1000.000000 0.349079 138.881897 0.000000 0.000000 0.000000 0.000000 2.442324
26600 267 164.289749 0.000000 1000.000000 0.460478 164.042831 -0.213557 0.000000 0.000000 0.000000 3.641328
26700 268 146.106339 0.000000 1000.000000 0.505293 146.158676 -0.557634 0.000000 0.000000 0.000000 2.866249
26800 269 132.547852 0.000000 1000.000000 0.136563 132.411285 0.000000 0.000000 0.000000 0.000000 3.253176
26900 270 133.779404 0.000000 1000.000000 0.549581 133.797333 -0.567501 0.000000 0.000000 0.000000 4.422820
27000 271 137.248291 0.000000 1000.000000 1.386957 141.155075 -1.116982 -4.176758 0.000000 0.000000 2.176221
27100 272 147.323532 0.000000 1000.000000 0.401257 147.320480 -0.398216 0.000000 0.000000 0.000000 3.143537
27200 273 116.803223 0.000000 1000.000000 1.466520 115.474724 -0.138025 0.000000 0.000000 0.000000 3.938506
27300 274 128.882660 0.000000 1000.000000 0.493678 128.863541 -0.474556 0.000000 0.000000 0.000000 6.928693
27400 275 137.109818 0.000000 1000.000000 0.739774 136.831924 -0.461884 0.000000 0.000000 0.000000 4.808881
27500 276 163.342758 0.000000 1000.000000 0.729669 164.849869 -2.236792 0.000000 0.000000 0.000000 4.707976
27600 277 162.025848 0.000000 1000.000000 0.921856 162.432739 -1.328758 0.000000 0.000000 0.000000 4.957211
27700 278 127.595932 0.000000 1000.000000 0.379944 127.831268 -0.615283 0.000000 0.000000 0.000000 6.456882
27800 279 133.058807 0.000000 1000.000000 0.324266 132.998550 -0.264006 0.000000 0.000000 0.000000 3.186550
27900 280 128.590271 0.000000 1000.000000 0.297836 128.527756 -0.235316 0.000000 0.000000 0.000000 3.387265
28000 281 151.426422 0.000000 1000.000000 0.618601 156.520508 -1.654211 -4.058482 0.000000 0.000000 3.031293
28100 282 141.173080 0.000000 1000.000000 0.501565 141.417282 -0.745778 0.000000 0.000000 0.000000 3.065868
28200 283 133.579254 0.000000 1000.000000 0.887834 133.402176 -0.710758 0.000000 0.000000 0.000000 3.505729
28300 284 134.083939 0.000000 1000.000000 1.681227 132.743896 -0.341184 0.000000 0.000000 0.000000 6.838964
28400 285 140.188553 0.000000 1000.000000 0.474207 140.342896 -0.628553 0.000000 0.000000 0.000000 5.488694
28500 286 150.120468 0.000000 1000.000000 1.814377 149.055023 -0.748936 0.000000 0.000000 0.000000 4.981172
28600 287 142.836838 0.000000 1000.000000 0.756936 143.085953 -1.006062 0.000000 0.000000 0.000000 3.534375
28700 288 141.649673 0.000000 1000.000000 0.675288 142.837952 -1.863566 0.000000 0.000000 0.000000 2.694231
28800 289 119.778107 0.000000 1000.000000 1.737906 118.488251 -0.448051 0.000000 0.000000 0.000000 4.953463
28900 290 136.982574 0.000000 1000.000000 0.510535 136.528397 -0.056349 0.000000 0.000000 0.000000 2.516920
29000 291 147.512909 0.000000 1000.000000 0.600020 147.278732 -0.365847 0.000000 0.000000 0.000000 2.377926
29100 292 120.393806 0.000000 1000.000000 0.055667 120.338142 0.000000 0.000000 0.000000 0.000000 2.985353
29200 293 138.133224 0.000000 1000.000000 0.210340 137.922882 0.000000 0.000000 0.000000 0.000000 4.020611
29300 294 136.552734 0.000000 1000.000000 0.274815 137.677917 -1.399990 0.000000 0.000000 0.000000 4.651978
29400 295 133.292480 0.000000 1000.000000 0.092764 133.199722 0.000000 0.000000 0.000000 0.000000 3.215439
29500 296 138.566742 0.000000 1000.000000 0.268417 138.509201 -0.210880 0.000000 0.000000 0.000000 3.619453
29600 297 149.708099 0.000000 1000.000000 0.297757 149.941025 -0.530680 0.000000 0.000000 0.000000 4.058600
29700 298 146.525223 0.000000 1000.000000 0.989498 145.535721 0.000000 0.000000 0.000000 0.000000 3.741229
29800 299 146.261200 0.000000 1000.000000 0.700186 145.692078 -0.131059 0.000000 0.000000 0.000000 2.184157
29900 300 150.095993 0.000000 1000.000000 0.885078 149.367493 -0.156564 0.000000 0.000000 0.000000 2.816899
30000 301 146.468918 0.000000 1000.000000 0.984215 146.258316 -0.773623 0.000000 0.000000 0.000000 2.717770
30100 302 131.763519 0.000000 1000.000000 0.872454 133.078400 -2.187329 0.000000 0.000000 0.000000 3.158145
30200 303 139.881119 0.000000 1000.000000 1.146429 139.857315 -1.122620 0.000000 0.000000 0.000000 2.589068
30300 304 137.520920 0.000000 1000.000000 0.829862 138.843155 -2.152099 0.000000 0.000000 0.000000 2.740847
30400 305 144.369278 0.000000 1000.000000 0.318291 144.672226 -0.621248 0.000000 0.000000 0.000000 1.824714
30500 306 159.213531 0.000000 1000.000000 3.158993 156.515762 -0.461223 0.000000 0.000000 0.000000 2.692232
30600 307 148.407425 0.000000 1000.000000 2.123924 146.376175 -0.092674 0.000000 0.000000 0.000000 4.076048
30700 308 159.210785 0.000000 1000.000000 1.144189 158.387299 -0.320712 0.000000 0.000000 0.000000 3.921261
30800 309 144.872864 0.000000 1000.000000 1.461552 144.263748 -0.852440 0.000000 0.000000 0.000000 2.049436
30900 310 132.757797 0.000000 1000.000000 0.810876 132.824539 -0.877617 0.000000 0.000000 0.000000 3.720633
31000 311 145.537003 0.000000 1000.000000 0.544678 145.630325 -0.637996 0.000000 0.000000 0.000000 3.216477
31100 312 144.961731 0.000000 1000.000000 0.136178 145.291656 -0.466105 0.000000 0.000000 0.000000 3.907486
31200 313 159.984009 0.000000 1000.000000 0.271353 160.020065 -0.307402 0.000000 0.000000 0.000000 6.717926
31300 314 148.683441 0.000000 1000.000000 0.281242 148.900513 -0.498309 0.000000 0.000000 0.000000 5.362765
31400 315 164.907364 0.000000 1000.000000 1.489502 163.417862 0.000000 0.000000 0.000000 0.000000 5.846019
31500 316 150.246155 0.000000 1000.000000 1.958616 149.317642 -1.030103 0.000000 0.000000 0.000000 3.203962
31600 317 143.660614 0.000000 1000.000000 0.842443 144.404129 -1.585957 0.000000 0.000000 0.000000 3.047523
31700 318 140.832153 0.000000 1000.000000 0.519503 140.388962 -0.076308 0.000000 0.000000 0.000000 2.326848
31800 319 132.172897 0.000000 1000.000000 0.394324 136.652130 -1.879917 -2.993635 0.000000 0.000000 3.571232
31900 320 130.941025 0.000000 1000.000000 0.317357 130.955994 -0.332318 0.000000 0.000000 0.000000 4.369989
32000 321 153.465973 0.000000 1000.000000 0.390379 153.885406 -0.809812 0.000000 0.000000 0.000000 5.590344
32100 322 144.319702 0.000000 1000.000000 2.525977 142.209106 -0.415380 0.000000 0.000000 0.000000 4.764446
32200 323 155.054825 0.000000 1000.000000 0.861101 154.459564 -0.265836 0.000000 0.000000 0.000000 3.586718
32300 324 159.747238 0.000000 1000.000000 0.227270 160.147369 -0.627398 0.000000 0.000000 0.000000 3.146598
32400 325 153.912079 0.000000 1000.000000 0.897751 153.923477 -0.909155 0.000000 0.000000 0.000000 2.476636
32500 326 143.670517 0.000000 1000.000000 0.930341 143.681961 -0.941792 0.000000 0.000000 0.000000 2.457373
32600 327 142.228714 0.000000 1000.000000 1.549986 142.149994 -1.471271 0.000000 0.000000 0.000000 2.635204
32700 328 144.444458 0.000000 1000.000000 0.433400 145.679810 -1.668749 0.000000 0.000000 0.000000 2.607261
32800 329 146.033066 0.000000 1000.000000 0.595033 145.741364 -0.303328 0.000000 0.000000 0.000000 3.117360
32900 330 142.198502 0.000000 1000.000000 0.487165 142.550278 -0.838940 0.000000 0.000000 0.000000 4.676023
33000 331 145.335022 0.000000 1000.000000 0.354680 145.736847 -0.756497 0.000000 0.000000 0.000000 2.146193
33100 332 184.459198 0.000000 1000.000000 0.725207 160.890289 -1.840950 24.684650 0.000000 0.000000 2.816529
33200 333 143.136383 0.000000 1000.000000 1.554790 143.059784 -1.478197 0.000000 0.000000 0.000000 2.864431
33300 334 143.285339 0.000000 1000.000000 1.279746 143.068756 -1.063164 0.000000 0.000000 0.000000 2.885432
33400 335 139.861542 0.000000 1000.000000 1.297367 139.111679 -0.547506 0.000000 0.000000 0.000000 2.448467
33500 336 141.763535 0.000000 1000.000000 1.023844 142.147293 -1.407611 0.000000 0.000000 0.000000 3.584812
33600 337 138.119019 0.000000 1000.000000 0.251505 138.848770 -0.981257 0.000000 0.000000 0.000000 3.082515
33700 338 131.687302 0.000000 1000.000000 0.637599 131.386703 -0.337011 0.000000 0.000000 0.000000 2.623674
33800 339 143.481934 0.000000 1000.000000 0.839439 143.469177 -0.826673 0.000000 0.000000 0.000000 2.591444
33900 340 138.375854 0.000000 1000.000000 0.428125 139.228790 -1.281063 0.000000 0.000000 0.000000 3.315577
34000 341 150.198746 0.000000 1000.000000 1.075098 150.232651 -2.283693 1.174689 0.000000 0.000000 3.276517
34100 342 143.557663 0.000000 1000.000000 0.782986 149.771408 -4.520194 -2.476542 0.000000 0.000000 3.312799
34200 343 141.606308 0.000000 1000.000000 1.058359 140.661758 -0.113821 0.000000 0.000000 0.000000 3.883497
34300 344 131.740067 0.000000 1000.000000 2.256088 130.623123 -1.139138 0.000000 0.000000 0.000000 3.572715
34400 345 149.639343 0.000000 1000.000000 1.070990 150.343842 -1.775480 0.000000 0.000000 0.000000 3.221021
34500 346 144.304062 0.000000 1000.000000 0.348186 145.285278 -1.329408 0.000000 0.000000 0.000000 1.091776
34600 347 153.351456 0.000000 1000.000000 1.096015 154.699997 -2.444542 0.000000 0.000000 0.000000 2.425759
34700 348 156.423080 0.000000 1000.000000 0.613781 159.050079 -3.240782 0.000000 0.000000 0.000000 2.921566
34800 349 135.331085 0.000000 1000.000000 1.077740 135.240540 -0.987192 0.000000 0.000000 0.000000 2.257584
34900 350 148.459244 0.000000 1000.000000 2.637343 145.995865 -0.173961 0.000000 0.000000 0.000000 1.813291
35000 351 140.854477 0.000000 1000.000000 1.413329 140.778122 -1.336972 0.000000 0.000000 0.000000 2.481522
35100 352 174.045151 0.000000 1000.000000 0.661612 165.686432 -3.338388 11.035501 0.000000 0.000000 1.944350
35200 353 150.989655 0.000000 1000.000000 0.521859 125.297638 -4.305031 29.475183 0.000000 0.000000 2.443583
35300 354 147.549133 0.000000 1000.000000 1.408565 148.915405 -2.774845 0.000000 0.000000 0.000000 4.279194
35400 355 130.374496 0.000000 1000.000000 0.293204 130.843689 -0.762394 0.000000 0.000000 0.000000 3.076000
35500 356 147.239288 0.000000 1000.000000 0.902244 149.101852 -2.764796 0.000000 0.000000 0.000000 3.417750
35600 357 145.484146 0.000000 1000.000000 0.922518 145.256927 -0.695290 0.000000 0.000000 0.000000 2.185190
35700 358 159.595490 0.000000 1000.000000 0.288323 168.181778 -3.871922 -5.002699 0.000000 0.000000 4.587628
35800 359 168.309601 0.000000 1000.000000 0.459727 171.771378 -3.921514 0.000000 0.000000 0.000000 2.126341
35900 360 147.073456 0.000000 1000.000000 3.376387 148.599274 -2.591606 -2.310604 0.000000 0.000000 2.029706
36000 361 153.577682 0.000000 1000.000000 0.305803 154.430954 -1.159075 0.000000 0.000000 0.000000 4.640818
36100 362 158.907059 0.000000 1000.000000 0.508285 158.508438 -0.109663 0.000000 0.000000 0.000000 2.613896
36200 363 145.732178 0.000000 1000.000000 1.195010 144.537170 0.000000 0.000000 0.000000 0.000000 3.894155
36300 364 148.893372 0.000000 1000.000000 0.562958 150.095657 -1.765249 0.000000 0.000000 0.000000 5.109599
36400 365 124.719498 0.000000 1000.000000 0.679360 128.970276 -3.131322 -1.798824 0.000000 0.000000 2.520919
36500 366 151.688644 0.000000 1000.000000 1.191899 152.987335 -2.490586 0.000000 0.000000 0.000000 1.861057
36600 367 146.130356 0.000000 1000.000000 0.554609 147.527466 -1.951714 0.000000 0.000000 0.000000 2.966357
36700 368 148.533585 0.000000 1000.000000 0.866649 149.835419 -2.168483 0.000000 0.000000 0.000000 3.113032
36800 369 147.658234 0.000000 1000.000000 0.492625 149.039688 -1.874089 0.000000 0.000000 0.000000 2.461166
36900 370 137.867676 0.000000 1000.000000 0.580792 139.335587 -2.048702 0.000000 0.000000 0.000000 2.196343
37000 371 145.493820 0.000000 1000.000000 0.177171 158.249466 -3.645126 -9.287687 0.000000 0.000000 1.987639
37100 372 130.222412 0.000000 1000.000000 1.053120 135.207153 -3.503621 -2.534242 0.000000 0.000000 1.738878
37200 373 130.250214 0.000000 1000.000000 0.099981 137.165451 -4.631667 -2.383538 0.000000 0.000000 1.624491
37300 374 140.047729 0.000000 1000.000000 1.364985 142.083969 -3.401231 0.000000 0.000000 0.000000 1.096653
37400 375 137.262558 0.000000 1000.000000 0.222652 140.011627 -2.138742 -0.832983 0.000000 0.000000 3.154018
37500 376 129.088806 0.000000 1000.000000 1.043662 129.847275 -1.802117 0.000000 0.000000 0.000000 1.906912
37600 377 140.448883 0.000000 1000.000000 1.155033 140.276215 -0.982359 0.000000 0.000000 0.000000 3.026421
37700 378 138.716385 0.000000 1000.000000 0.826691 138.028671 -0.138975 0.000000 0.000000 0.000000 3.760495
37800 379 153.807007 0.000000 1000.000000 0.295928 152.405182 -3.792091 4.897980 0.000000 0.000000 1.578608
37900 380 134.618484 0.000000 1000.000000 4.038462 135.208572 -1.603692 -3.024860 0.000000 0.000000 2.220892
38000 381 123.771667 0.000000 1000.000000 1.395392 130.200790 -2.501375 -5.323138 0.000000 0.000000 1.252904
38100 382 129.133957 0.000000 1000.000000 0.440716 136.048477 -3.071106 -4.284133 0.000000 0.000000 1.781026
38200 383 164.755981 0.000000 1000.000000 0.954230 163.930710 -0.128959 0.000000 0.000000 0.000000 2.295636
38300 384 128.120270 0.000000 1000.000000 1.583723 138.170120 -3.978575 -7.655004 0.000000 0.000000 1.801749
38400 385 138.501282 0.000000 1000.000000 1.439034 140.391678 -3.329443 0.000000 0.000000 0.000000 2.677891
38500 386 119.024307 0.000000 1000.000000 0.393246 124.654488 -2.771196 -3.252235 0.000000 0.000000 4.402863
38600 387 142.684860 0.000000 1000.000000 0.374308 146.571594 -1.082904 -3.178142 0.000000 0.000000 3.760223
38700 388 183.453674 0.000000 1000.000000 1.543544 137.212463 -1.498754 46.196415 0.000000 0.000000 5.223372
38800 389 148.836197 0.000000 1000.000000 0.788209 149.783127 -1.735143 0.000000 0.000000 0.000000 3.887839
38900 390 137.402771 0.000000 1000.000000 0.502433 137.886261 -0.985918 0.000000 0.000000 0.000000 3.725796
39000 391 147.844803 0.000000 1000.000000 1.502087 147.647293 -1.304585 0.000000 0.000000 0.000000 3.032637
39100 392 126.405586 0.000000 1000.000000 0.428441 137.830566 -2.638470 -9.214943 0.000000 0.000000 2.822956
39200 393 161.745239 0.000000 1000.000000 0.498408 161.775024 -0.528191 0.000000 0.000000 0.000000 4.952140
39300 394 127.374031 0.000000 1000.000000 0.280973 132.132568 -3.134263 -1.905249 0.000000 0.000000 2.459858
39400 395 147.229294 0.000000 1000.000000 2.573541 144.865738 -0.209986 0.000000 0.000000 0.000000 3.081472
39500 396 166.251343 0.000000 1000.000000 0.503730 154.066422 -2.474360 14.155566 0.000000 0.000000 1.885120
39600 397 111.491028 0.000000 1000.000000 0.976459 116.496704 -4.203293 -1.778837 0.000000 0.000000 2.009921
39700 398 140.523636 0.000000 1000.000000 1.339595 144.339722 -3.686043 -1.469636 0.000000 0.000000 2.148752
39800 399 145.566513 0.000000 1000.000000 2.620613 145.038895 -2.093005 0.000000 0.000000 0.000000 1.216847
39900 400 239.171326 0.000000 1000.000000 1.533110 152.398972 -5.118681 90.357925 0.000000 0.000000 1.550708
40000 401 133.080688 0.000000 1000.000000 0.600392 134.739029 -2.258733 0.000000 0.000000 0.000000 2.691418
40100 402 168.502136 0.000000 1000.000000 0.420431 171.919739 -3.838027 0.000000 0.000000 0.000000 1.430597
40200 403 149.346069 0.000000 1000.000000 0.738415 145.779510 -4.457966 7.286105 0.000000 0.000000 2.187813
40300 404 152.708038 0.000000 1000.000000 0.550396 152.369080 -0.211440 0.000000 0.000000 0.000000 2.464734
40400 405 135.557327 0.000000 1000.000000 1.117504 136.339661 -1.899846 0.000000 0.000000 0.000000 1.115920
40500 406 144.317017 0.000000 1000.000000 0.183748 145.579224 -1.445961 0.000000 0.000000 0.000000 3.589259
40600 407 125.014664 0.000000 1000.000000 1.071290 130.039658 -3.718294 -2.377991 0.000000 0.000000 2.498989
40700 408 151.887909 0.000000 1000.000000 0.957736 156.446259 -3.599153 -1.916929 0.000000 0.000000 0.908217
40800 409 125.148178 0.000000 1000.000000 0.639817 132.127396 -4.073575 -3.545456 0.000000 0.000000 3.668737
40900 410 122.140167 0.000000 1000.000000 0.225875 127.993050 -6.470660 0.391908 0.000000 0.000000 1.723617
41000 411 146.109802 0.000000 1000.000000 0.734231 145.420959 -0.045401 0.000000 0.000000 0.000000 0.996651
41100 412 127.919876 0.000000 1000.000000 1.725616 130.694565 -5.540067 1.039768 0.000000 0.000000 1.507715
41200 413 135.397751 0.000000 1000.000000 1.389773 135.608078 -1.600092 0.000000 0.000000 0.000000 2.042707
41300 414 144.931641 0.000000 1000.000000 0.736866 127.354065 -4.207023 21.047743 0.000000 0.000000 1.798943
41400 415 136.430069 0.000000 1000.000000 0.431226 138.331284 -2.332447 0.000000 0.000000 0.000000 3.532529
41500 416 129.325516 0.000000 1000.000000 0.584865 135.806030 -4.090830 -2.974542 0.000000 0.000000 1.806532
41600 417 135.798996 0.000000 1000.000000 2.606973 135.916107 -2.724095 0.000000 0.000000 0.000000 2.124905
41700 418 123.736496 0.000000 1000.000000 1.279937 127.661026 -3.432890 -1.771574 0.000000 0.000000 1.941170
41800 419 147.898270 0.000000 1000.000000 1.926736 149.051437 -3.079907 0.000000 0.000000 0.000000 0.735074
41900 420 126.873199 0.000000 1000.000000 1.211485 138.366516 -5.382379 -7.322415 0.000000 0.000000 0.793978
42000 421 162.290756 0.000000 1000.000000 1.456144 142.929398 -3.246019 21.151236 0.000000 0.000000 2.612106
42100 422 151.049866 0.000000 1000.000000 2.268828 136.931931 -3.123136 14.972248 0.000000 0.000000 2.305666
42200 423 135.643311 0.000000 1000.000000 0.733597 125.310463 -4.723791 14.323036 0.000000 0.000000 1.810306
42300 424 143.711624 0.000000 1000.000000 0.597041 144.506149 -1.391567 0.000000 0.000000 0.000000 1.574417
42400 425 143.632599 0.000000 1000.000000 0.271940 144.616043 -1.255388 0.000000 0.000000 0.000000 3.714859
42500 426 147.832367 0.000000 1000.000000 0.411957 148.805222 -1.384807 0.000000 0.000000 0.000000 6.589303
42600 427 178.381256 0.000000 1000.000000 0.932480 152.523560 -3.251345 28.176552 0.000000 0.000000 2.664960
42700 428 135.081390 0.000000 1000.000000 1.758524 135.813812 -2.490959 0.000000 0.000000 0.000000 3.486814
42800 429 148.733154 0.000000 1000.000000 0.705394 154.909958 -4.084288 -2.797915 0.000000 0.000000 1.363584
42900 430 157.702194 0.000000 1000.000000 1.198282 141.039810 -3.584295 19.048384 0.000000 0.000000 2.545923
43000 431 126.117126 0.000000 1000.000000 0.737617 132.987076 -3.889414 -3.718141 0.000000 0.000000 1.167602
43100 432 146.156494 0.000000 1000.000000 1.763622 148.033493 -3.640621 0.000000 0.000000 0.000000 1.435778
43200 433 129.266983 0.000000 1000.000000 1.760011 136.695511 -5.046765 -4.141763 0.000000 0.000000 0.942039
43300 434 172.918625 0.000000 1000.000000 1.304684 147.085327 -4.421982 28.950598 0.000000 0.000000 1.203826
43400 435 142.239166 0.000000 1000.000000 4.685647 137.553513 0.000000 0.000000 0.000000 0.000000 2.228245
43500 436 135.569443 0.000000 1000.000000 1.029757 144.209930 -4.026659 -5.643582 0.000000 0.000000 1.339602
43600 437 149.929184 0.000000 1000.000000 0.247971 151.674225 -1.993011 0.000000 0.000000 0.000000 2.180691
43700 438 156.597153 0.000000 1000.000000 0.792455 156.131622 -0.326919 0.000000 0.000000 0.000000 2.546180
43800 439 142.019028 0.000000 1000.000000 0.529790 142.909851 -1.420609 0.000000 0.000000 0.000000 3.174047
43900 440 154.127731 0.000000 1000.000000 0.562648 151.925385 -4.031587 5.671278 0.000000 0.000000 1.156217
44000 441 155.298615 0.000000 1000.000000 1.406676 155.335495 -1.443560 0.000000 0.000000 0.000000 2.229297
44100 442 158.238403 0.000000 1000.000000 0.211386 159.117249 -1.090221 0.000000 0.000000 0.000000 1.364295
44200 443 135.946609 0.000000 1000.000000 0.220990 141.322433 -2.872980 -2.723827 0.000000 0.000000 1.793840
44300 444 158.573639 0.000000 1000.000000 0.556179 142.583710 -4.226300 19.660042 0.000000 0.000000 1.540398
44400 445 144.998108 0.000000 1000.000000 0.674895 151.085785 -3.359503 -3.403081 0.000000 0.000000 1.984249
44500 446 141.266312 0.000000 1000.000000 1.112276 140.154037 0.000000 0.000000 0.000000 0.000000 3.009725
44600 447 143.552643 0.000000 1000.000000 0.659583 146.200653 -3.307579 0.000000 0.000000 0.000000 1.857674
44700 448 136.604721 0.000000 1000.000000 0.842830 135.761887 0.000000 0.000000 0.000000 0.000000 2.886651
44800 449 151.424667 0.000000 1000.000000 1.526706 151.498444 -1.600482 0.000000 0.000000 0.000000 2.690444
44900 450 155.398499 0.000000 1000.000000 1.050237 156.465027 -2.116755 0.000000 0.000000 0.000000 1.756789
45000 451 168.319809 0.000000 1000.000000 0.815521 158.337906 -4.068294 13.234682 0.000000 0.000000 1.685337
45100 452 161.913040 0.000000 1000.000000 2.394094 166.633194 -3.343813 -3.770437 0.000000 0.000000 1.723147
45200 453 154.768906 0.000000 1000.000000 0.794757 154.636292 -0.662136 0.000000 0.000000 0.000000 2.028302
45300 454 150.363693 0.000000 1000.000000 0.531742 151.331207 -1.499252 0.000000 0.000000 0.000000 2.235779
45400 455 154.876617 0.000000 1000.000000 0.335719 155.227432 -0.686544 0.000000 0.000000 0.000000 1.857220
45500 456 119.227356 0.000000 1000.000000 0.425588 139.507660 -7.123780 -13.582110 0.000000 0.000000 0.764245
45600 457 145.385193 0.000000 1000.000000 1.328633 146.398590 -2.342032 0.000000 0.000000 0.000000 1.348857
45700 458 144.826828 0.000000 1000.000000 0.504710 144.322113 0.000000 0.000000 0.000000 0.000000 2.562467
45800 459 143.429337 0.000000 1000.000000 0.472083 144.098526 -1.141266 0.000000 0.000000 0.000000 1.668052
45900 460 140.016693 0.000000 1000.000000 0.330136 146.179657 -2.880537 -3.612564 0.000000 0.000000 1.539113
46000 461 151.045059 0.000000 1000.000000 1.582931 152.307800 -2.845670 0.000000 0.000000 0.000000 1.237406
46100 462 151.251205 0.000000 1000.000000 0.209750 151.087891 -0.046438 0.000000 0.000000 0.000000 2.769026
46200 463 154.148102 0.000000 1000.000000 0.508528 139.192764 -4.921874 19.368689 0.000000 0.000000 1.746139
46300 464 154.587189 0.000000 1000.000000 1.018679 146.029434 -3.420715 10.959787 0.000000 0.000000 1.198235
46400 465 135.141174 0.000000 1000.000000 0.728901 141.019287 -2.937901 -3.669117 0.000000 0.000000 2.109057
46500 466 128.793793 0.000000 1000.000000 0.476399 134.982986 -5.881822 -0.783771 0.000000 0.000000 1.279021
46600 467 131.956329 0.000000 1000.000000 0.256292 142.158783 -6.252768 -4.205986 0.000000 0.000000 0.520724
46700 468 113.520172 0.000000 1000.000000 0.111420 123.369514 -4.842290 -5.118473 0.000000 0.000000 0.935635
46800 469 140.068253 0.000000 1000.000000 0.431328 142.043655 -2.406728 0.000000 0.000000 0.000000 1.907866
46900 470 131.594635 0.000000 1000.000000 0.430598 141.112701 -4.588384 -5.360297 0.000000 0.000000 1.122507
47000 471 145.486786 0.000000 1000.000000 3.218385 142.268402 0.000000 0.000000 0.000000 0.000000 3.152362
47100 472 136.146835 0.000000 1000.000000 0.227419 142.025345 -3.384942 -2.720985 0.000000 0.000000 1.388740
47200 473 158.275803 0.000000 1000.000000 0.686017 157.589783 0.000000 0.000000 0.000000 0.000000 0.963426
47300 474 149.036774 0.000000 1000.000000 0.930376 144.247025 -2.708116 6.567495 0.000000 0.000000 1.253268
47400 475 147.055771 0.000000 1000.000000 2.286186 144.632446 -5.153970 5.291102 0.000000 0.000000 1.673127
47500 476 142.043304 0.000000 1000.000000 0.857587 142.275528 -1.089811 0.000000 0.000000 0.000000 1.229481
47600 477 167.267487 0.000000 1000.000000 1.855169 137.505646 -5.416008 33.322693 0.000000 0.000000 0.899675
47700 478 123.577934 0.000000 1000.000000 2.036568 123.076897 -1.535528 0.000000 0.000000 0.000000 1.835998
47800 479 135.302902 0.000000 1000.000000 0.838034 136.601151 -2.136271 0.000000 0.000000 0.000000 1.230565
47900 480 130.725967 0.000000 1000.000000 0.524044 138.116013 -3.490640 -4.423441 0.000000 0.000000 1.167439
48000 481 135.157990 0.000000 1000.000000 1.370227 138.254944 -1.919262 -2.547909 0.000000 0.000000 1.212156
48100 482 140.483780 0.000000 1000.000000 0.850359 142.384293 -2.750868 0.000000 0.000000 0.000000 2.282538
48200 483 127.874504 0.000000 1000.000000 0.163047 132.832520 -2.633070 -2.487980 0.000000 0.000000 2.374299
48300 484 137.939728 0.000000 1000.000000 0.488439 137.451294 0.000000 0.000000 0.000000 0.000000 2.111990
48400 485 131.037506 0.000000 1000.000000 1.334012 130.531525 -0.828038 0.000000 0.000000 0.000000 1.809007
48500 486 144.259842 0.000000 1000.000000 0.247315 144.897125 -0.884600 0.000000 0.000000 0.000000 2.974324
48600 487 138.622025 0.000000 1000.000000 0.796738 141.396881 -2.724930 -0.846660 0.000000 0.000000 1.729366
48700 488 156.885071 0.000000 1000.000000 1.327532 139.065903 -6.205201 22.696840 0.000000 0.000000 1.075098
48800 489 135.189056 0.000000 1000.000000 0.533171 135.764008 -3.786301 2.678178 0.000000 0.000000 1.108489
48900 490 141.749893 0.000000 1000.000000 0.510060 144.299194 -3.059360 0.000000 0.000000 0.000000 1.098605
49000 491 131.311371 0.000000 1000.000000 0.419948 135.730942 -4.839518 0.000000 0.000000 0.000000 2.597574
49100 492 126.257133 0.000000 1000.000000 1.252944 135.640778 -6.386212 -4.250371 0.000000 0.000000 0.733320
49200 493 143.365128 0.000000 1000.000000 1.081966 147.094482 -3.724196 -1.087126 0.000000 0.000000 2.058975
49300 494 142.656403 0.000000 1000.000000 0.955993 145.056564 -3.356155 0.000000 0.000000 0.000000 1.855035
49400 495 141.030960 0.000000 1000.000000 0.325177 148.660873 -4.649902 -3.305195 0.000000 0.000000 2.001344
49500 496 152.360107 0.000000 1000.000000 0.585507 152.977341 -2.297701 1.094961 0.000000 0.000000 1.110392
49600 497 152.980469 0.000000 1000.000000 0.982171 154.943115 -2.944818 0.000000 0.000000 0.000000 2.082533
49700 498 130.041962 0.000000 1000.000000 0.893404 125.764420 -3.374867 6.759009 0.000000 0.000000 2.743210
49800 499 138.628922 0.000000 1000.000000 0.668336 139.210312 -1.249725 0.000000 0.000000 0.000000 1.394455
49900 500 131.474609 0.000000 1000.000000 0.236220 134.025925 -2.787538 0.000000 0.000000 0.000000 1.872839
50000 501 146.157806 0.000000 1000.000000 0.701865 148.777863 -3.321920 0.000000 0.000000 0.000000 1.117710
