1 1 205.062286 0.000000 1000.000000 0.886183 214.621246 -0.180920 -10.264219 0.000000 0.000000 17.574099
100 2 165.063751 0.000000 1000.000000 0.725403 164.338348 0.000000 0.000000 0.000000 0.000000 9.085666
200 3 160.174591 0.000000 1000.000000 0.935956 159.238632 0.000000 0.000000 0.000000 0.000000 10.555592
300 4 167.837082 0.000000 1000.000000 0.684781 167.152298 0.000000 0.000000 0.000000 0.000000 9.683313
400 5 169.056610 0.000000 1000.000000 1.990261 167.903091 -0.836739 0.000000 0.000000 0.000000 7.393823
500 6 161.285645 0.000000 1000.000000 0.358949 162.656555 -1.729856 0.000000 0.000000 0.000000 4.376585
600 7 146.214966 0.000000 1000.000000 0.303174 145.911789 0.000000 0.000000 0.000000 0.000000 5.399507
700 8 139.344513 0.000000 1000.000000 0.677324 138.667191 0.000000 0.000000 0.000000 0.000000 6.191612
800 9 173.109146 0.000000 1000.000000 0.653484 172.455658 0.000000 0.000000 0.000000 0.000000 6.701478
900 10 165.067383 0.000000 1000.000000 0.195314 164.872070 0.000000 0.000000 0.000000 0.000000 6.814979
1000 11 141.965927 0.000000 1000.000000 0.269608 143.801132 -0.837874 -1.266939 0.000000 0.000000 5.864494
1100 12 158.733887 0.000000 1000.000000 2.577044 156.156845 0.000000 0.000000 0.000000 0.000000 6.114771
1200 13 160.655533 0.000000 1000.000000 0.472529 160.537384 -0.354390 0.000000 0.000000 0.000000 7.059730
1300 14 178.407761 0.000000 1000.000000 1.639174 177.317856 -0.549275 0.000000 0.000000 0.000000 7.012300
1400 15 166.906067 0.000000 1000.000000 1.278441 165.627625 0.000000 0.000000 0.000000 0.000000 4.498402
1500 16 151.526276 0.000000 1000.000000 1.437858 150.715225 -0.626807 0.000000 0.000000 0.000000 2.674396
1600 17 174.669312 0.000000 1000.000000 2.050403 173.712128 -1.093213 0.000000 0.000000 0.000000 3.054695
1700 18 160.746628 0.000000 1000.000000 0.507977 161.367462 -1.128811 0.000000 0.000000 0.000000 2.970777
1800 19 162.895554 0.000000 1000.000000 0.687764 163.898560 -1.093511 -0.597258 0.000000 0.000000 3.036267
1900 20 166.121536 0.000000 1000.000000 2.067688 164.784729 -0.730886 0.000000 0.000000 0.000000 4.344177
2000 21 176.423691 0.000000 1000.000000 1.590646 175.578995 -0.745949 0.000000 0.000000 0.000000 3.847518
2100 22 168.369171 0.000000 1000.000000 0.449696 167.919479 0.000000 0.000000 0.000000 0.000000 4.125054
2200 23 177.336151 0.000000 1000.000000 1.762261 147.160706 -0.783496 29.196665 0.000000 0.000000 3.586917
2300 24 155.602264 0.000000 1000.000000 0.579415 155.592392 -0.569542 0.000000 0.000000 0.000000 4.565964
2400 25 150.895203 0.000000 1000.000000 0.410133 154.476746 -0.791741 -3.199926 0.000000 0.000000 4.251178
2500 26 144.660309 0.000000 1000.000000 0.740943 144.587097 -0.667723 0.000000 0.000000 0.000000 5.094456
2600 27 134.968674 0.000000 1000.000000 0.961730 142.414856 -1.383922 -7.023980 0.000000 0.000000 3.600891
2700 28 157.407608 0.000000 1000.000000 1.227860 157.145142 -0.965388 0.000000 0.000000 0.000000 3.206505
2800 29 141.615662 0.000000 1000.000000 0.771665 145.454178 -2.625064 -1.985120 0.000000 0.000000 1.919587
2900 30 163.183807 0.000000 1000.000000 2.521941 162.600891 -1.939024 0.000000 0.000000 0.000000 2.994113
3000 31 145.907883 0.000000 1000.000000 0.765076 146.087189 -0.944379 0.000000 0.000000 0.000000 4.431316
3100 32 157.329361 0.000000 1000.000000 0.656695 157.747879 -1.075208 0.000000 0.000000 0.000000 4.061354
3200 33 162.223785 0.000000 1000.000000 1.213282 158.353973 -1.100545 3.757059 0.000000 0.000000 4.035508
3300 34 151.385330 0.000000 1000.000000 1.320778 157.679062 -2.000576 -5.613920 0.000000 0.000000 3.425988
3400 35 153.683533 0.000000 1000.000000 0.452237 158.496933 -1.750092 -3.515545 0.000000 0.000000 3.086885
3500 36 128.980148 0.000000 1000.000000 1.262849 135.560165 -2.527030 -5.315840 0.000000 0.000000 2.866084
3600 37 147.112259 0.000000 1000.000000 0.851797 121.507942 -2.287219 27.039738 0.000000 0.000000 3.076710
3700 38 146.420486 0.000000 1000.000000 0.159790 147.194534 -0.933834 0.000000 0.000000 0.000000 3.043534
3800 39 148.519485 0.000000 1000.000000 0.449788 152.805313 -2.824078 -1.911536 0.000000 0.000000 2.345557
3900 40 133.788773 0.000000 1000.000000 0.521159 138.234802 -1.848612 -3.118579 0.000000 0.000000 2.981550
4000 41 138.432770 0.000000 1000.000000 0.674507 146.257446 -2.214597 -6.284579 0.000000 0.000000 3.990915
4100 42 158.606583 0.000000 1000.000000 0.880975 158.899750 -1.174146 0.000000 0.000000 0.000000 3.566767
4200 43 157.022186 0.000000 1000.000000 0.794575 157.878082 -1.650469 0.000000 0.000000 0.000000 3.747849
4300 44 164.376846 0.000000 1000.000000 1.859076 158.135300 -2.217071 6.599552 0.000000 0.000000 2.032744
4400 45 136.696960 0.000000 1000.000000 0.581585 143.833557 -2.846916 -4.871269 0.000000 0.000000 2.009874
4500 46 138.888870 0.000000 1000.000000 0.963053 145.164032 -1.850650 -5.387575 0.000000 0.000000 2.611897
4600 47 168.307480 0.000000 1000.000000 0.627464 157.225555 -2.318182 12.772641 0.000000 0.000000 2.981934
4700 48 168.917664 0.000000 1000.000000 2.214433 139.880692 -2.188687 29.011238 0.000000 0.000000 2.029824
4800 49 236.154724 0.000000 1000.000000 1.726850 141.466583 -3.426161 96.387444 0.000000 0.000000 2.864216
4900 50 156.916901 0.000000 1000.000000 0.591520 157.643829 -1.318453 0.000000 0.000000 0.000000 5.153429
5000 51 147.199417 0.000000 1000.000000 1.228302 146.239838 -0.268722 0.000000 0.000000 0.000000 4.097579
5100 52 145.206314 0.000000 1000.000000 0.316601 146.757309 -1.867605 0.000000 0.000000 0.000000 2.333271
5200 53 153.389206 0.000000 1000.000000 1.762436 165.306946 -3.582271 -10.097895 0.000000 0.000000 2.141523
5300 54 140.316132 0.000000 1000.000000 0.423681 143.175293 -3.282836 0.000000 0.000000 0.000000 2.366255
5400 55 140.223923 0.000000 1000.000000 1.728832 139.175888 -0.680794 0.000000 0.000000 0.000000 2.522503
5500 56 161.383347 0.000000 1000.000000 1.142895 161.236771 -3.131190 2.134878 0.000000 0.000000 2.196871
5600 57 130.283691 0.000000 1000.000000 1.535740 130.243027 -1.495074 0.000000 0.000000 0.000000 2.714467
5700 58 149.720367 0.000000 1000.000000 0.789300 149.965286 -1.034229 0.000000 0.000000 0.000000 3.141473
5800 59 152.680664 0.000000 1000.000000 0.566307 152.874908 -0.760536 0.000000 0.000000 0.000000 6.351792
5900 60 136.762100 0.000000 1000.000000 0.233382 137.127502 -0.598790 0.000000 0.000000 0.000000 3.955412
6000 61 144.398483 0.000000 1000.000000 2.179846 141.180237 -1.109097 2.147508 0.000000 0.000000 3.501441
6100 62 158.396317 0.000000 1000.000000 0.465233 159.411270 -0.578307 -0.901878 0.000000 0.000000 3.478110
6200 63 159.202911 0.000000 1000.000000 2.142248 158.080048 -1.019376 0.000000 0.000000 0.000000 2.773605
6300 64 166.114044 0.000000 1000.000000 1.007024 170.999725 -2.029023 -3.863682 0.000000 0.000000 2.077140
6400 65 157.674255 0.000000 1000.000000 1.089011 161.617905 -2.170998 -2.861647 0.000000 0.000000 3.663929
6500 66 158.504898 0.000000 1000.000000 0.430146 159.370453 -1.295703 0.000000 0.000000 0.000000 3.474344
6600 67 141.820618 0.000000 1000.000000 1.327732 148.666916 -3.120563 -5.053470 0.000000 0.000000 1.896659
6700 68 139.165558 0.000000 1000.000000 0.326477 144.959396 -1.899142 -4.221171 0.000000 0.000000 2.066424
6800 69 143.172516 0.000000 1000.000000 1.313636 147.637466 -2.938495 -2.840093 0.000000 0.000000 3.362171
6900 70 139.630432 0.000000 1000.000000 0.861230 140.692261 -1.923059 0.000000 0.000000 0.000000 2.513529
7000 71 150.900528 0.000000 1000.000000 0.832449 152.001541 -1.933461 0.000000 0.000000 0.000000 2.556634
7100 72 146.061523 0.000000 1000.000000 0.921528 145.139999 0.000000 0.000000 0.000000 0.000000 3.204282
7200 73 157.910919 0.000000 1000.000000 1.509526 156.401398 0.000000 0.000000 0.000000 0.000000 2.917419
7300 74 142.585510 0.000000 1000.000000 1.164148 153.671860 -3.088620 -9.161874 0.000000 0.000000 1.765272
7400 75 139.577011 0.000000 1000.000000 0.801405 138.775604 0.000000 0.000000 0.000000 0.000000 2.998949
7500 76 155.932480 0.000000 1000.000000 1.049794 154.882690 0.000000 0.000000 0.000000 0.000000 4.549869
7600 77 141.636597 0.000000 1000.000000 0.399964 143.611420 -0.928993 -1.445781 0.000000 0.000000 3.528738
7700 78 159.737213 0.000000 1000.000000 0.928231 159.358582 -0.549608 0.000000 0.000000 0.000000 4.865206
7800 79 138.294891 0.000000 1000.000000 0.492251 138.139877 -0.337233 0.000000 0.000000 0.000000 7.010368
7900 80 146.923889 0.000000 1000.000000 1.071651 146.417038 -0.564809 0.000000 0.000000 0.000000 5.019731
8000 81 148.017059 0.000000 1000.000000 0.658630 140.329788 -0.674223 7.702867 0.000000 0.000000 2.926076
8100 82 126.967644 0.000000 1000.000000 0.394225 131.684021 -0.709309 -4.401298 0.000000 0.000000 3.563469
8200 83 141.586624 0.000000 1000.000000 0.421345 141.165283 0.000000 0.000000 0.000000 0.000000 5.317424
8300 84 175.449799 0.000000 1000.000000 1.549566 175.301254 -1.401021 0.000000 0.000000 0.000000 3.707443
8400 85 172.965775 0.000000 1000.000000 2.678296 171.797012 -1.509533 0.000000 0.000000 0.000000 4.374496
8500 86 162.115173 0.000000 1000.000000 2.251771 161.368500 -1.505090 0.000000 0.000000 0.000000 2.485863
8600 87 146.565033 0.000000 1000.000000 2.730260 148.512634 -1.717230 -2.960634 0.000000 0.000000 4.211322
8700 88 147.083191 0.000000 1000.000000 1.739001 146.383804 -1.039608 0.000000 0.000000 0.000000 3.821715
8800 89 161.860321 0.000000 1000.000000 0.952648 165.534271 -3.317750 -1.308858 0.000000 0.000000 1.807356
8900 90 155.987076 0.000000 1000.000000 0.625467 156.693100 -1.331493 0.000000 0.000000 0.000000 4.264203
9000 91 142.060837 0.000000 1000.000000 1.515109 141.994156 -1.448432 0.000000 0.000000 0.000000 2.017923
9100 92 140.959030 0.000000 1000.000000 0.131018 149.622375 -3.289434 -5.504922 0.000000 0.000000 3.144066
9200 93 149.250168 0.000000 1000.000000 1.171033 148.149445 -0.070314 0.000000 0.000000 0.000000 5.261467
9300 94 147.941238 0.000000 1000.000000 1.302057 151.967896 -1.740886 -3.587835 0.000000 0.000000 3.044885
9400 95 145.120117 0.000000 1000.000000 0.443970 147.398148 -2.141900 -0.580092 0.000000 0.000000 2.748607
9500 96 147.063004 0.000000 1000.000000 0.552191 147.486862 -0.976051 0.000000 0.000000 0.000000 3.910378
9600 97 158.378281 0.000000 1000.000000 0.475581 150.950546 -2.500588 9.452747 0.000000 0.000000 3.462419
9700 98 143.749603 0.000000 1000.000000 0.195683 144.517822 -0.963896 0.000000 0.000000 0.000000 4.780404
9800 99 128.538467 0.000000 1000.000000 0.347973 129.593307 -1.402815 0.000000 0.000000 0.000000 1.865645
9900 100 147.076736 0.000000 1000.000000 0.965587 150.604126 -1.786896 -2.706092 0.000000 0.000000 2.533534
10000 101 147.357422 0.000000 1000.000000 0.380674 149.906372 -2.929621 0.000000 0.000000 0.000000 2.950460
10100 102 128.340698 0.000000 1000.000000 0.483953 130.190720 -2.333973 0.000000 0.000000 0.000000 2.882187
10200 103 154.824463 0.000000 1000.000000 3.697073 139.472458 -2.876997 14.531944 0.000000 0.000000 2.918744
10300 104 133.417267 0.000000 1000.000000 0.250378 133.783142 -0.616258 0.000000 0.000000 0.000000 2.491176
10400 105 136.408661 0.000000 1000.000000 0.142803 138.249512 -1.983657 0.000000 0.000000 0.000000 3.038984
10500 106 139.528702 0.000000 1000.000000 1.113308 139.290878 -0.875495 0.000000 0.000000 0.000000 2.863756
10600 107 118.555466 0.000000 1000.000000 1.611484 130.393295 -4.884355 -8.564959 0.000000 0.000000 1.081115
10700 108 120.650124 0.000000 1000.000000 1.211401 131.195297 -4.583208 -7.173360 0.000000 0.000000 1.810738
10800 109 109.191116 0.000000 1000.000000 0.170164 115.978973 -3.990594 -2.967429 0.000000 0.000000 1.173298
10900 110 118.177032 0.000000 1000.000000 1.293816 130.033585 -4.554601 -8.595770 0.000000 0.000000 1.286521
11000 111 142.518585 0.000000 1000.000000 1.606600 141.958878 -1.046896 0.000000 0.000000 0.000000 1.899183
11100 112 123.830421 0.000000 1000.000000 0.855340 129.226761 -2.304612 -3.947072 0.000000 0.000000 2.356023
11200 113 108.827751 0.000000 1000.000000 1.065738 112.239235 -1.559253 -2.917971 0.000000 0.000000 2.655107
11300 114 172.858307 0.000000 1000.000000 1.461889 130.083633 -1.711375 43.024178 0.000000 0.000000 3.131908
11400 115 137.588867 0.000000 1000.000000 0.792773 138.668427 -1.872331 0.000000 0.000000 0.000000 2.261465
11500 116 143.051056 0.000000 1000.000000 1.256929 143.269775 -1.475651 0.000000 0.000000 0.000000 2.086673
11600 117 125.074951 0.000000 1000.000000 1.421776 128.886581 -2.384973 -2.848440 0.000000 0.000000 2.715825
11700 118 154.750519 0.000000 1000.000000 0.565656 150.413422 -4.883344 8.654792 0.000000 0.000000 2.357383
11800 119 159.259720 0.000000 1000.000000 1.073929 148.749786 -1.226404 10.662411 0.000000 0.000000 3.404896
11900 120 141.029663 0.000000 1000.000000 0.705184 141.613922 -1.289437 0.000000 0.000000 0.000000 2.390304
12000 121 121.795654 0.000000 1000.000000 0.398318 131.843414 -4.005224 -6.440854 0.000000 0.000000 1.673024
12100 122 141.496826 0.000000 1000.000000 1.024466 147.639175 -3.066938 -4.099873 0.000000 0.000000 1.377791
12200 123 122.166916 0.000000 1000.000000 1.963746 122.950188 -2.747013 0.000000 0.000000 0.000000 0.663517
12300 124 116.684212 0.000000 1000.000000 1.651320 118.104477 -2.555611 -0.515978 0.000000 0.000000 1.656764
12400 125 157.159241 0.000000 1000.000000 0.514805 133.286514 -3.400401 26.758333 0.000000 0.000000 1.301799
12500 126 132.141739 0.000000 1000.000000 0.430154 137.851517 -4.550688 -1.589248 0.000000 0.000000 0.897611
12600 127 135.356796 0.000000 1000.000000 1.949888 134.848404 -1.441502 0.000000 0.000000 0.000000 2.769218
12700 128 148.044281 0.000000 1000.000000 2.518741 146.209763 -0.684212 0.000000 0.000000 0.000000 4.548536
12800 129 127.619278 0.000000 1000.000000 1.101190 129.859970 -3.341885 0.000000 0.000000 0.000000 2.497174
12900 130 145.105789 0.000000 1000.000000 0.246664 144.933823 -4.388086 4.313407 0.000000 0.000000 1.318405
13000 131 151.256165 0.000000 1000.000000 0.518419 150.737747 0.000000 0.000000 0.000000 0.000000 2.232066
13100 132 134.773895 0.000000 1000.000000 2.098542 136.430923 -3.755571 0.000000 0.000000 0.000000 2.971186
13200 133 148.475479 0.000000 1000.000000 0.620457 149.555862 -1.700841 0.000000 0.000000 0.000000 1.585259
13300 134 123.141045 0.000000 1000.000000 0.549232 133.099594 -4.535364 -5.972403 0.000000 0.000000 1.281972
13400 135 143.068588 0.000000 1000.000000 1.649421 130.355606 -4.584915 15.648488 0.000000 0.000000 1.127520
13500 136 130.922791 0.000000 1000.000000 0.352194 133.922028 -3.351418 0.000000 0.000000 0.000000 2.078303
13600 137 208.370789 0.000000 1000.000000 1.356307 129.672836 -3.083602 80.425255 0.000000 0.000000 1.345765
13700 138 126.874451 0.000000 1000.000000 0.457135 131.511444 -1.700437 -3.393693 0.000000 0.000000 3.052454
13800 139 143.906448 0.000000 1000.000000 1.116895 140.017471 -2.245275 5.017344 0.000000 0.000000 2.108290
13900 140 129.731064 0.000000 1000.000000 0.463722 138.925079 -4.550439 -5.107277 0.000000 0.000000 1.482500
14000 141 132.405029 0.000000 1000.000000 0.379622 132.025406 0.000000 0.000000 0.000000 0.000000 2.761174
14100 142 120.243942 0.000000 1000.000000 0.214245 122.073074 -2.043383 0.000000 0.000000 0.000000 2.573536
14200 143 138.330322 0.000000 1000.000000 0.757789 139.499146 -1.926602 0.000000 0.000000 0.000000 2.147138
14300 144 123.714752 0.000000 1000.000000 0.577551 125.408844 -2.271647 0.000000 0.000000 0.000000 2.078988
14400 145 134.670532 0.000000 1000.000000 0.547232 136.990921 -2.867619 0.000000 0.000000 0.000000 1.443168
14500 146 129.005310 0.000000 1000.000000 1.357406 127.986839 -0.338928 0.000000 0.000000 0.000000 2.422797
14600 147 149.561157 0.000000 1000.000000 1.302113 128.521729 -2.744469 22.481792 0.000000 0.000000 2.012786
14700 148 134.323746 0.000000 1000.000000 0.963389 137.089249 -3.728900 0.000000 0.000000 0.000000 1.446354
14800 149 119.248436 0.000000 1000.000000 1.151965 124.504807 -4.752481 -1.655851 0.000000 0.000000 0.946669
14900 150 120.850853 0.000000 1000.000000 1.038412 127.305832 -3.357059 -4.136328 0.000000 0.000000 1.169782
15000 151 126.708504 0.000000 1000.000000 0.661047 124.527473 -3.111600 4.631583 0.000000 0.000000 1.469261
15100 152 141.241364 0.000000 1000.000000 0.520539 144.902115 -1.838884 -2.342412 0.000000 0.000000 2.522399
15200 153 137.637680 0.000000 1000.000000 0.387057 139.133148 -1.882519 0.000000 0.000000 0.000000 3.270213
15300 154 122.597351 0.000000 1000.000000 0.335853 125.481636 -2.442031 -0.778110 0.000000 0.000000 2.147708
15400 155 122.184982 0.000000 1000.000000 0.403213 122.483253 -0.701481 0.000000 0.000000 0.000000 3.140801
15500 156 133.555359 0.000000 1000.000000 0.391915 134.174545 -1.011108 0.000000 0.000000 0.000000 1.647198
15600 157 142.955704 0.000000 1000.000000 0.603834 137.512405 -6.935710 11.775182 0.000000 0.000000 1.093522
15700 158 138.515579 0.000000 1000.000000 0.612494 139.441284 -1.538197 0.000000 0.000000 0.000000 4.137436
15800 159 108.965385 0.000000 1000.000000 0.303585 116.088432 -7.935988 0.509353 0.000000 0.000000 0.427033
15900 160 145.356995 0.000000 1000.000000 1.429646 127.090599 -3.513429 20.350180 0.000000 0.000000 1.796150
16000 161 106.222443 0.000000 1000.000000 0.159941 120.854950 -5.009633 -9.782818 0.000000 0.000000 0.843270
16100 162 130.652908 0.000000 1000.000000 0.385182 136.347473 -4.028003 -2.051741 0.000000 0.000000 0.642720
16200 163 122.208527 0.000000 1000.000000 0.248128 124.643181 -2.682786 0.000000 0.000000 0.000000 0.620583
16300 164 139.152939 0.000000 1000.000000 0.726267 143.403564 -3.068488 -1.908413 0.000000 0.000000 1.245771
16400 165 131.850906 0.000000 1000.000000 0.871968 132.059341 -1.080396 0.000000 0.000000 0.000000 1.308677
16500 166 112.408920 0.000000 1000.000000 2.330646 119.334427 -4.716183 -4.539964 0.000000 0.000000 1.461891
16600 167 116.238380 0.000000 1000.000000 0.380938 128.810776 -4.890377 -8.062948 0.000000 0.000000 0.765737
16700 168 111.118423 0.000000 1000.000000 0.199588 114.327454 -3.408616 0.000000 0.000000 0.000000 1.968157
16800 169 129.544174 0.000000 1000.000000 0.469204 129.813324 -0.738359 0.000000 0.000000 0.000000 1.210516
16900 170 126.856552 0.000000 1000.000000 1.692682 126.283562 -1.119687 0.000000 0.000000 0.000000 1.610541
17000 171 120.858292 0.000000 1000.000000 0.421716 126.164139 -3.227650 -2.499911 0.000000 0.000000 1.013945
17100 172 125.120796 0.000000 1000.000000 0.459004 142.588028 -7.264385 -10.661842 0.000000 0.000000 0.587471
17200 173 126.855919 0.000000 1000.000000 0.434471 126.421448 0.000000 0.000000 0.000000 0.000000 1.771375
17300 174 143.326569 0.000000 1000.000000 1.020792 143.664841 -1.359067 0.000000 0.000000 0.000000 2.036591
17400 175 136.558060 0.000000 1000.000000 0.954978 135.603088 0.000000 0.000000 0.000000 0.000000 2.150551
17500 176 120.271149 0.000000 1000.000000 1.682705 127.496460 -4.655608 -4.252412 0.000000 0.000000 1.501188
17600 177 140.390884 0.000000 1000.000000 0.618239 145.153671 -2.674086 -2.706938 0.000000 0.000000 1.524490
17700 178 134.790970 0.000000 1000.000000 0.685664 141.055588 -5.265275 -1.685013 0.000000 0.000000 1.165985
17800 179 134.693542 0.000000 1000.000000 0.553262 136.448059 -2.307784 0.000000 0.000000 0.000000 1.908372
17900 180 142.443604 0.000000 1000.000000 0.619101 133.263947 -4.566397 13.126954 0.000000 0.000000 1.246196
18000 181 130.187531 0.000000 1000.000000 1.731755 128.455780 0.000000 0.000000 0.000000 0.000000 6.035225
18100 182 143.051651 0.000000 1000.000000 0.682253 149.734756 -4.540806 -2.824560 0.000000 0.000000 1.534085
18200 183 145.418655 0.000000 1000.000000 0.742245 146.583511 -1.907098 0.000000 0.000000 0.000000 2.737388
18300 184 123.571335 0.000000 1000.000000 0.240874 128.232452 -2.692788 -2.209205 0.000000 0.000000 1.249545
18400 185 126.613899 0.000000 1000.000000 0.147190 134.482544 -3.433867 -4.581963 0.000000 0.000000 2.961640
18500 186 133.460678 0.000000 1000.000000 0.707495 135.952835 -3.199646 0.000000 0.000000 0.000000 1.302779
18600 187 124.277550 0.000000 1000.000000 1.911601 129.254211 -4.247720 -2.640546 0.000000 0.000000 2.158105
18700 188 141.977966 0.000000 1000.000000 0.929406 142.400513 -1.351959 0.000000 0.000000 0.000000 2.573523
18800 189 123.973328 0.000000 1000.000000 0.674558 123.298767 0.000000 0.000000 0.000000 0.000000 4.152123
18900 190 146.604370 0.000000 1000.000000 0.562756 148.143143 -1.868906 -0.232619 0.000000 0.000000 2.362956
19000 191 130.631851 0.000000 1000.000000 1.936122 131.051590 -2.355872 0.000000 0.000000 0.000000 0.642965
19100 192 133.838303 0.000000 1000.000000 1.781742 138.245285 -3.590051 -2.598662 0.000000 0.000000 1.027111
19200 193 134.826050 0.000000 1000.000000 0.528360 135.073898 -4.782518 4.006299 0.000000 0.000000 0.838836
19300 194 129.196838 0.000000 1000.000000 1.795311 127.401527 0.000000 0.000000 0.000000 0.000000 2.749045
19400 195 136.831055 0.000000 1000.000000 0.629912 133.496124 -4.838310 7.543332 0.000000 0.000000 0.868855
19500 196 139.954895 0.000000 1000.000000 0.327435 147.268494 -2.828978 -4.812064 0.000000 0.000000 1.779521
19600 197 136.013275 0.000000 1000.000000 0.849021 136.128632 -0.964377 0.000000 0.000000 0.000000 3.607828
19700 198 125.883408 0.000000 1000.000000 0.914253 125.487923 -0.518767 0.000000 0.000000 0.000000 1.875033
19800 199 141.598114 0.000000 1000.000000 1.035974 141.182419 -0.620279 0.000000 0.000000 0.000000 2.649981
19900 200 135.946350 0.000000 1000.000000 1.161219 141.855484 -4.676894 -2.393458 0.000000 0.000000 1.616991
20000 201 150.758606 0.000000 1000.000000 1.354291 117.500648 -2.621921 34.525574 0.000000 0.000000 1.693942
20100 202 114.426033 0.000000 1000.000000 0.340527 116.038574 -1.953072 0.000000 0.000000 0.000000 1.318087
20200 203 123.624733 0.000000 1000.000000 0.969567 128.689178 -4.683485 -1.350529 0.000000 0.000000 1.622181
20300 204 122.537888 0.000000 1000.000000 0.375842 123.290024 -1.127972 0.000000 0.000000 0.000000 1.711084
20400 205 136.717926 0.000000 1000.000000 0.938231 138.580368 -2.800669 0.000000 0.000000 0.000000 3.099361
20500 206 119.696487 0.000000 1000.000000 0.588860 124.813530 -3.526916 -2.178989 0.000000 0.000000 2.918146
20600 207 105.690994 0.000000 1000.000000 0.642512 106.242058 -1.193576 0.000000 0.000000 0.000000 1.608367
20700 208 125.070854 0.000000 1000.000000 1.377469 126.840668 -3.147284 0.000000 0.000000 0.000000 2.217487
20800 209 151.731140 0.000000 1000.000000 0.730417 135.737686 -3.886392 19.149426 0.000000 0.000000 1.738533
20900 210 142.364929 0.000000 1000.000000 0.393555 131.353531 -4.061303 14.679139 0.000000 0.000000 2.552915
21000 211 155.261322 0.000000 1000.000000 1.094734 138.182022 -5.269293 21.253862 0.000000 0.000000 0.553519
21100 212 135.655319 0.000000 1000.000000 0.348975 138.417648 -3.909662 0.798366 0.000000 0.000000 0.596501
21200 213 154.797119 0.000000 1000.000000 1.205282 154.527298 -0.935459 0.000000 0.000000 0.000000 1.609052
21300 214 174.804642 0.000000 1000.000000 1.157900 138.166138 -4.852092 40.332699 0.000000 0.000000 0.520349
21400 215 128.519836 0.000000 1000.000000 0.803618 133.509644 -3.343190 -2.450235 0.000000 0.000000 2.450334
21500 216 138.571640 0.000000 1000.000000 1.430886 138.658142 -1.517402 0.000000 0.000000 0.000000 1.187594
21600 217 136.060684 0.000000 1000.000000 0.917071 137.548203 -2.404581 0.000000 0.000000 0.000000 0.755690
21700 218 121.325981 0.000000 1000.000000 0.565175 123.119553 -2.358752 0.000000 0.000000 0.000000 1.973335
21800 219 183.021484 0.000000 1000.000000 1.769692 137.946259 -4.117014 47.422539 0.000000 0.000000 0.546536
21900 220 132.698471 0.000000 1000.000000 1.174114 132.657883 -1.133530 0.000000 0.000000 0.000000 1.067665
22000 221 146.806107 0.000000 1000.000000 0.525957 149.314590 -3.034434 0.000000 0.000000 0.000000 0.795550
22100 222 134.821091 0.000000 1000.000000 0.996554 135.159073 -1.334535 0.000000 0.000000 0.000000 2.053998
22200 223 125.441895 0.000000 1000.000000 0.190287 133.036163 -2.699790 -5.084776 0.000000 0.000000 2.771744
22300 224 185.104843 0.000000 1000.000000 0.990418 143.851044 -4.721642 44.985035 0.000000 0.000000 1.325286
22400 225 148.240402 0.000000 1000.000000 3.873818 144.423798 -0.057217 0.000000 0.000000 0.000000 0.779142
22500 226 169.287445 0.000000 1000.000000 1.198433 168.089020 0.000000 0.000000 0.000000 0.000000 2.273636
22600 227 137.927353 0.000000 1000.000000 0.233279 141.162033 -2.321030 -1.146931 0.000000 0.000000 2.633707
22700 228 152.658127 0.000000 1000.000000 1.840079 152.154556 -1.336497 0.000000 0.000000 0.000000 1.563854
22800 229 149.300949 0.000000 1000.000000 0.717520 151.204941 -2.621504 0.000000 0.000000 0.000000 1.602908
22900 230 115.888725 0.000000 1000.000000 0.419347 116.575523 -1.106148 0.000000 0.000000 0.000000 2.208688
23000 231 133.325760 0.000000 1000.000000 0.303569 134.848602 -1.826417 0.000000 0.000000 0.000000 4.104523
23100 232 123.260109 0.000000 1000.000000 0.968966 123.233284 -0.942140 0.000000 0.000000 0.000000 1.496455
23200 233 128.197357 0.000000 1000.000000 0.269049 137.297272 -3.475289 -5.893661 0.000000 0.000000 1.487916
23300 234 132.297607 0.000000 1000.000000 0.849545 140.089157 -3.364362 -5.276726 0.000000 0.000000 1.301548
23400 235 180.328232 0.000000 1000.000000 1.842764 169.322754 -3.041988 12.204705 0.000000 0.000000 1.549439
23500 236 132.648590 0.000000 1000.000000 0.456144 133.327103 -1.134661 0.000000 0.000000 0.000000 2.502611
23600 237 146.885010 0.000000 1000.000000 0.702348 146.773865 -0.591200 0.000000 0.000000 0.000000 1.216435
23700 238 128.446228 0.000000 1000.000000 0.927721 133.956558 -4.061645 -2.376396 0.000000 0.000000 1.446671
23800 239 135.701385 0.000000 1000.000000 0.336420 136.402786 -1.037829 0.000000 0.000000 0.000000 1.921740
23900 240 136.581421 0.000000 1000.000000 0.311264 138.405121 -2.134960 0.000000 0.000000 0.000000 3.207539
24000 241 143.402603 0.000000 1000.000000 0.640040 145.619003 -2.856438 0.000000 0.000000 0.000000 0.964211
24100 242 135.614014 0.000000 1000.000000 1.755808 133.858200 0.000000 0.000000 0.000000 0.000000 7.747626
24200 243 142.169327 0.000000 1000.000000 2.007007 149.858017 -3.437199 -6.258499 0.000000 0.000000 1.804230
24300 244 167.306000 0.000000 1000.000000 0.896862 168.698715 -2.289575 0.000000 0.000000 0.000000 1.893868
24400 245 133.397583 0.000000 1000.000000 0.510584 134.333267 -1.446270 0.000000 0.000000 0.000000 1.840083
24500 246 130.798416 0.000000 1000.000000 0.213413 131.115799 -0.530787 0.000000 0.000000 0.000000 2.451950
24600 247 143.975708 0.000000 1000.000000 0.553299 143.539658 -0.117247 0.000000 0.000000 0.000000 3.296296
24700 248 137.313034 0.000000 1000.000000 1.621531 136.988251 -1.296752 0.000000 0.000000 0.000000 5.665208
24800 249 146.454529 0.000000 1000.000000 0.381784 147.721298 -1.648556 0.000000 0.000000 0.000000 2.182354
24900 250 134.353592 0.000000 1000.000000 0.387573 140.676727 -2.319828 -4.390888 0.000000 0.000000 1.187131
25000 251 142.887497 0.000000 1000.000000 1.065287 143.755539 -1.933335 0.000000 0.000000 0.000000 2.187304
25100 252 136.757294 0.000000 1000.000000 0.490378 137.244720 -0.977791 0.000000 0.000000 0.000000 3.160371
25200 253 143.438980 0.000000 1000.000000 0.765667 148.537140 -3.999721 -1.864102 0.000000 0.000000 1.642065
25300 254 128.703781 0.000000 1000.000000 0.314056 129.369049 -0.979317 0.000000 0.000000 0.000000 3.038308
25400 255 133.761444 0.000000 1000.000000 1.252895 132.508545 0.000000 0.000000 0.000000 0.000000 2.777100
25500 256 146.296188 0.000000 1000.000000 0.535878 146.291885 -0.531563 0.000000 0.000000 0.000000 2.179354
25600 257 145.136780 0.000000 1000.000000 0.746144 146.222183 -1.831544 0.000000 0.000000 0.000000 3.342017
25700 258 120.000664 0.000000 1000.000000 1.033568 130.833786 -2.822683 -9.044016 0.000000 0.000000 3.041450
25800 259 129.890854 0.000000 1000.000000 0.905668 136.015366 -2.320119 -4.710068 0.000000 0.000000 3.452791
25900 260 142.608612 0.000000 1000.000000 0.525241 143.110611 -1.027242 0.000000 0.000000 0.000000 3.412984
26000 261 140.268845 0.000000 1000.000000 0.451327 141.308945 -1.491427 0.000000 0.000000 0.000000 2.391985
26100 262 126.907234 0.000000 1000.000000 0.405791 118.541397 -3.032382 10.992425 0.000000 0.000000 4.169496
26200 263 136.937973 0.000000 1000.000000 0.539787 137.982498 -1.584307 0.000000 0.000000 0.000000 3.253685
26300 264 140.613586 0.000000 1000.000000 0.994582 127.034676 -2.831372 15.415712 0.000000 0.000000 1.496148
26400 265 141.549744 0.000000 1000.000000 0.313194 142.406158 -1.169606 0.000000 0.000000 0.000000 2.256233
26500 266 134.055664 0.000000 1000.000000 0.977088 134.949402 -1.870816 0.000000 0.000000 0.000000 4.675122
26600 267 131.512634 0.000000 1000.000000 0.533422 134.067108 -1.832269 -1.255621 0.000000 0.000000 4.394700
26700 268 122.525436 0.000000 1000.000000 0.309479 126.425377 -1.943001 -2.266418 0.000000 0.000000 3.887011
26800 269 144.137634 0.000000 1000.000000 0.346734 141.367706 -1.075208 3.498393 0.000000 0.000000 3.325899
26900 270 120.125664 0.000000 1000.000000 0.285155 128.167862 -2.928714 -5.398644 0.000000 0.000000 2.896613
27000 271 155.204895 0.000000 1000.000000 0.413950 151.960663 -1.792732 4.623018 0.000000 0.000000 2.402317
27100 272 153.694366 0.000000 1000.000000 0.160114 155.112488 -1.578236 0.000000 0.000000 0.000000 4.037443
27200 273 138.974640 0.000000 1000.000000 0.998826 139.308380 -1.332565 0.000000 0.000000 0.000000 1.844446
27300 274 151.987350 0.000000 1000.000000 0.628268 155.507019 -2.453420 -1.694514 0.000000 0.000000 2.099902
27400 275 150.648941 0.000000 1000.000000 0.553398 151.146484 -1.050946 0.000000 0.000000 0.000000 2.022926
27500 276 147.454468 0.000000 1000.000000 1.718057 149.286377 -3.390480 -0.159494 0.000000 0.000000 2.511940
27600 277 149.707474 0.000000 1000.000000 0.656720 152.442719 -3.391967 0.000000 0.000000 0.000000 1.920130
27700 278 140.969849 0.000000 1000.000000 2.589586 140.928818 -2.548555 0.000000 0.000000 0.000000 2.140590
27800 279 141.783463 0.000000 1000.000000 0.373881 142.513412 -1.103832 0.000000 0.000000 0.000000 3.412439
27900 280 139.044724 0.000000 1000.000000 1.291813 140.310593 -2.557676 0.000000 0.000000 0.000000 2.387918
28000 281 157.959137 0.000000 1000.000000 1.282402 144.297638 -2.323890 14.702990 0.000000 0.000000 1.227854
28100 282 131.965515 0.000000 1000.000000 0.551241 133.561295 -2.147013 0.000000 0.000000 0.000000 1.912579
28200 283 131.394638 0.000000 1000.000000 0.619976 131.419144 -0.644488 0.000000 0.000000 0.000000 1.599123
28300 284 174.216217 0.000000 1000.000000 0.734297 155.223282 -2.041294 20.299921 0.000000 0.000000 1.783468
28400 285 140.110565 0.000000 1000.000000 0.967103 142.605515 -3.462048 0.000000 0.000000 0.000000 1.078733
28500 286 130.915314 0.000000 1000.000000 0.805676 137.399353 -4.361351 -2.928356 0.000000 0.000000 0.966155
28600 287 137.900803 0.000000 1000.000000 0.295596 139.300171 -1.694964 0.000000 0.000000 0.000000 2.588019
28700 288 145.820175 0.000000 1000.000000 1.630835 146.291092 -2.101745 0.000000 0.000000 0.000000 2.072675
28800 289 139.118896 0.000000 1000.000000 0.691604 140.166946 -1.739647 0.000000 0.000000 0.000000 2.629784
28900 290 132.948563 0.000000 1000.000000 0.833682 135.170624 -3.055745 0.000000 0.000000 0.000000 1.106141
29000 291 143.322540 0.000000 1000.000000 1.017076 145.808029 -3.502566 0.000000 0.000000 0.000000 1.763440
29100 292 127.971245 0.000000 1000.000000 1.072990 130.190689 -3.292428 0.000000 0.000000 0.000000 2.721397
29200 293 141.632797 0.000000 1000.000000 0.605607 143.070892 -2.043696 0.000000 0.000000 0.000000 3.627256
29300 294 122.857567 0.000000 1000.000000 0.458386 133.556976 -4.269936 -6.887856 0.000000 0.000000 1.909761
29400 295 116.497940 0.000000 1000.000000 0.344850 118.940071 -2.786979 0.000000 0.000000 0.000000 3.252733
29500 296 142.251526 0.000000 1000.000000 0.973963 142.455200 -1.177642 0.000000 0.000000 0.000000 2.970923
29600 297 132.786301 0.000000 1000.000000 0.289390 134.074280 -1.577366 0.000000 0.000000 0.000000 3.071553
29700 298 121.075027 0.000000 1000.000000 1.643064 120.474617 -1.042653 0.000000 0.000000 0.000000 2.918799
29800 299 128.531815 0.000000 1000.000000 0.467941 129.684143 -1.620275 0.000000 0.000000 0.000000 3.338014
29900 300 152.192490 0.000000 1000.000000 0.264323 151.928162 0.000000 0.000000 0.000000 0.000000 3.736084
30000 301 136.328430 0.000000 1000.000000 0.184884 137.522400 -1.378856 0.000000 0.000000 0.000000 2.535988
30100 302 137.622055 0.000000 1000.000000 0.393423 138.542664 -1.314024 0.000000 0.000000 0.000000 4.553853
30200 303 135.613998 0.000000 1000.000000 0.517800 137.562531 -2.466334 0.000000 0.000000 0.000000 3.947351
30300 304 121.764778 0.000000 1000.000000 0.466551 121.972710 -0.674485 0.000000 0.000000 0.000000 3.298412
30400 305 140.387573 0.000000 1000.000000 0.688608 142.076218 -2.377263 0.000000 0.000000 0.000000 2.037628
30500 306 121.534676 0.000000 1000.000000 0.679322 126.854675 -2.030107 -3.969214 0.000000 0.000000 3.716014
30600 307 128.106384 0.000000 1000.000000 1.077613 133.265213 -2.207654 -4.028782 0.000000 0.000000 2.560381
30700 308 137.086044 0.000000 1000.000000 0.246336 138.023575 -1.183871 0.000000 0.000000 0.000000 1.812190
30800 309 123.964798 0.000000 1000.000000 0.206228 126.017143 -2.258575 0.000000 0.000000 0.000000 2.361741
30900 310 133.537506 0.000000 1000.000000 0.773604 138.162643 -1.671267 -3.727476 0.000000 0.000000 2.244522
31000 311 146.895035 0.000000 1000.000000 0.236821 148.506836 -1.848617 0.000000 0.000000 0.000000 2.750039
31100 312 137.433533 0.000000 1000.000000 0.995596 137.329590 -0.891646 0.000000 0.000000 0.000000 2.400263
31200 313 134.072540 0.000000 1000.000000 0.264534 136.525299 -4.286283 1.569008 0.000000 0.000000 1.129046
31300 314 127.002777 0.000000 1000.000000 0.319480 127.391045 -0.707752 0.000000 0.000000 0.000000 2.945399
31400 315 118.135567 0.000000 1000.000000 1.063342 117.776108 -0.703884 0.000000 0.000000 0.000000 3.788338
31500 316 129.860138 0.000000 1000.000000 0.661473 129.333771 -0.135103 0.000000 0.000000 0.000000 3.296486
31600 317 128.206284 0.000000 1000.000000 0.241821 134.836029 -3.114842 -3.756734 0.000000 0.000000 3.456413
31700 318 126.476357 0.000000 1000.000000 0.547425 136.424652 -4.134560 -6.361170 0.000000 0.000000 3.018867
31800 319 137.070282 0.000000 1000.000000 1.376252 136.564651 -0.870624 0.000000 0.000000 0.000000 2.953872
31900 320 141.163116 0.000000 1000.000000 0.890477 140.847763 -0.575116 0.000000 0.000000 0.000000 1.794710
32000 321 123.756668 0.000000 1000.000000 0.866884 132.292328 -2.935129 -6.467408 0.000000 0.000000 3.066150
32100 322 126.168404 0.000000 1000.000000 0.408595 129.997330 -1.816914 -2.420617 0.000000 0.000000 2.861444
32200 323 140.365082 0.000000 1000.000000 0.486673 143.785095 -1.585713 -2.320986 0.000000 0.000000 3.021444
32300 324 132.184784 0.000000 1000.000000 0.432309 138.481827 -3.809857 -2.919500 0.000000 0.000000 2.631691
32400 325 128.060120 0.000000 1000.000000 1.204192 128.111694 -1.255763 0.000000 0.000000 0.000000 3.483536
32500 326 133.655441 0.000000 1000.000000 0.448006 135.264542 -2.057112 0.000000 0.000000 0.000000 2.553860
32600 327 134.413803 0.000000 1000.000000 1.292324 133.121475 0.000000 0.000000 0.000000 0.000000 4.642676
32700 328 145.412277 0.000000 1000.000000 0.572684 147.475723 -2.636129 0.000000 0.000000 0.000000 2.686864
32800 329 140.884140 0.000000 1000.000000 0.317098 140.567047 0.000000 0.000000 0.000000 0.000000 3.922104
32900 330 134.395035 0.000000 1000.000000 0.635347 142.036514 -3.563324 -4.713494 0.000000 0.000000 3.203232
33000 331 176.836731 0.000000 1000.000000 1.072663 140.922272 -1.840458 36.682251 0.000000 0.000000 3.032850
33100 332 149.748398 0.000000 1000.000000 0.491220 150.045395 -0.788221 0.000000 0.000000 0.000000 4.540195
33200 333 126.873581 0.000000 1000.000000 0.322735 131.271774 -2.671577 -2.049361 0.000000 0.000000 2.414331
33300 334 143.212112 0.000000 1000.000000 0.114539 143.421432 -0.323856 0.000000 0.000000 0.000000 2.407618
33400 335 143.190765 0.000000 1000.000000 0.746485 144.894455 -2.450177 0.000000 0.000000 0.000000 1.588550
33500 336 142.110611 0.000000 1000.000000 0.961365 140.194855 -3.109220 4.063613 0.000000 0.000000 1.749542
33600 337 146.964172 0.000000 1000.000000 1.481311 146.032776 -0.549913 0.000000 0.000000 0.000000 2.657936
33700 338 142.983017 0.000000 1000.000000 1.319370 142.223923 -0.560269 0.000000 0.000000 0.000000 4.824603
33800 339 153.190247 0.000000 1000.000000 0.577636 143.151840 -2.741687 12.202450 0.000000 0.000000 2.027143
33900 340 128.695770 0.000000 1000.000000 1.144584 130.174088 -2.622898 0.000000 0.000000 0.000000 2.974518
34000 341 150.475616 0.000000 1000.000000 0.673862 153.222351 -1.026173 -2.394420 0.000000 0.000000 3.326735
34100 342 123.723274 0.000000 1000.000000 1.125231 124.084351 -1.486306 0.000000 0.000000 0.000000 1.815879
34200 343 131.946594 0.000000 1000.000000 0.351170 138.827148 -3.473470 -3.758249 0.000000 0.000000 2.418833
34300 344 117.676659 0.000000 1000.000000 0.487981 118.241844 -1.053168 0.000000 0.000000 0.000000 2.145608
34400 345 130.012680 0.000000 1000.000000 0.693152 129.319534 0.000000 0.000000 0.000000 0.000000 2.039166
34500 346 142.829483 0.000000 1000.000000 0.454646 143.260101 -0.885264 0.000000 0.000000 0.000000 2.708519
34600 347 136.173676 0.000000 1000.000000 0.772608 135.686996 -0.285935 0.000000 0.000000 0.000000 2.548067
34700 348 153.007217 0.000000 1000.000000 0.861916 153.257385 -1.112097 0.000000 0.000000 0.000000 2.875409
34800 349 155.225830 0.000000 1000.000000 0.502315 146.455338 -3.334140 11.602313 0.000000 0.000000 1.789778
34900 350 173.763275 0.000000 1000.000000 3.769245 158.962555 -1.480353 12.511829 0.000000 0.000000 2.046892
35000 351 133.701172 0.000000 1000.000000 0.332810 136.129456 -2.761099 0.000000 0.000000 0.000000 1.750960
35100 352 135.471466 0.000000 1000.000000 1.154609 141.595795 -3.360298 -3.918640 0.000000 0.000000 2.902086
35200 353 128.976532 0.000000 1000.000000 1.332650 128.382690 -0.738812 0.000000 0.000000 0.000000 4.819166
35300 354 120.540710 0.000000 1000.000000 0.577917 121.050301 -1.087507 0.000000 0.000000 0.000000 2.534043
35400 355 128.581253 0.000000 1000.000000 0.354790 129.462006 -1.235547 0.000000 0.000000 0.000000 3.741482
35500 356 152.077682 0.000000 1000.000000 1.415141 152.923813 -2.261275 0.000000 0.000000 0.000000 3.276436
35600 357 134.189896 0.000000 1000.000000 0.763886 135.136856 -1.710850 0.000000 0.000000 0.000000 2.140023
35700 358 141.275574 0.000000 1000.000000 1.128131 147.488480 -1.985584 -5.355458 0.000000 0.000000 3.488442
35800 359 143.436890 0.000000 1000.000000 3.148690 142.724136 -2.435946 0.000000 0.000000 0.000000 3.880299
35900 360 132.765701 0.000000 1000.000000 0.727228 133.503983 -2.378216 0.912708 0.000000 0.000000 2.365246
36000 361 134.801651 0.000000 1000.000000 0.228467 136.272812 -1.699635 0.000000 0.000000 0.000000 2.502277
36100 362 123.181000 0.000000 1000.000000 0.498720 130.624954 -2.222599 -5.720076 0.000000 0.000000 3.481032
36200 363 124.832985 0.000000 1000.000000 0.286473 125.036560 -2.522375 2.032327 0.000000 0.000000 3.151903
36300 364 140.392075 0.000000 1000.000000 1.075990 142.831436 -2.432114 -1.083241 0.000000 0.000000 2.559618
36400 365 137.845505 0.000000 1000.000000 0.947148 136.898361 0.000000 0.000000 0.000000 0.000000 3.470538
36500 366 148.386841 0.000000 1000.000000 0.689492 149.107803 -1.410467 0.000000 0.000000 0.000000 2.651388
36600 367 125.639778 0.000000 1000.000000 2.277528 123.759109 -0.396854 0.000000 0.000000 0.000000 2.278863
36700 368 136.470444 0.000000 1000.000000 1.219869 140.657761 -3.874369 -1.532813 0.000000 0.000000 1.096103
36800 369 126.476791 0.000000 1000.000000 1.197379 135.641907 -4.681332 -5.681150 0.000000 0.000000 1.295812
36900 370 129.347351 0.000000 1000.000000 1.185725 120.286194 -4.878737 12.754170 0.000000 0.000000 2.859844
37000 371 136.531372 0.000000 1000.000000 0.452458 137.020584 -0.941662 0.000000 0.000000 0.000000 4.000782
37100 372 138.070129 0.000000 1000.000000 0.705922 140.730194 -2.604999 -0.760982 0.000000 0.000000 2.007742
37200 373 132.107986 0.000000 1000.000000 0.905137 132.437149 -1.234296 0.000000 0.000000 0.000000 2.448550
37300 374 135.399246 0.000000 1000.000000 1.009478 134.389771 0.000000 0.000000 0.000000 0.000000 2.952300
37400 375 130.025024 0.000000 1000.000000 0.389443 129.635574 0.000000 0.000000 0.000000 0.000000 1.933078
37500 376 141.578339 0.000000 1000.000000 0.782390 142.818069 -2.022131 0.000000 0.000000 0.000000 1.612971
37600 377 134.442902 0.000000 1000.000000 0.406845 135.124985 -1.088922 0.000000 0.000000 0.000000 3.884353
37700 378 158.433411 0.000000 1000.000000 0.592028 159.384979 -1.543601 0.000000 0.000000 0.000000 1.717459
37800 379 130.880081 0.000000 1000.000000 0.335858 134.009567 -3.465348 0.000000 0.000000 0.000000 2.086510
37900 380 112.804337 0.000000 1000.000000 2.177639 117.310013 -3.538593 -3.144730 0.000000 0.000000 1.446553
38000 381 143.302155 0.000000 1000.000000 0.197944 146.407227 -3.303005 0.000000 0.000000 0.000000 1.383205
38100 382 110.974686 0.000000 1000.000000 0.294789 122.790710 -6.219775 -5.891042 0.000000 0.000000 0.732774
38200 383 133.667038 0.000000 1000.000000 1.593911 134.613510 -2.540389 0.000000 0.000000 0.000000 1.904045
38300 384 148.382568 0.000000 1000.000000 1.395264 130.613800 -4.154798 20.528311 0.000000 0.000000 0.895180
38400 385 131.801147 0.000000 1000.000000 0.203905 135.909119 -2.394327 -1.917537 0.000000 0.000000 1.947255
38500 386 120.519554 0.000000 1000.000000 1.045293 121.139969 -1.665708 0.000000 0.000000 0.000000 2.669347
38600 387 147.336319 0.000000 1000.000000 0.645877 156.630737 -4.500446 -5.439849 0.000000 0.000000 1.237377
38700 388 132.219376 0.000000 1000.000000 0.290577 134.193588 -2.264792 0.000000 0.000000 0.000000 1.393917
38800 389 133.118134 0.000000 1000.000000 0.359972 135.292236 -2.534071 0.000000 0.000000 0.000000 2.213369
38900 390 137.538696 0.000000 1000.000000 1.206421 137.402512 -1.070237 0.000000 0.000000 0.000000 3.232044
39000 391 160.069519 0.000000 1000.000000 1.083286 159.586136 -0.599893 0.000000 0.000000 0.000000 1.815624
39100 392 132.151245 0.000000 1000.000000 0.292078 137.450089 -2.524409 -3.066506 0.000000 0.000000 2.143399
39200 393 141.987610 0.000000 1000.000000 1.140453 142.620438 -1.773279 0.000000 0.000000 0.000000 1.521970
39300 394 140.069000 0.000000 1000.000000 1.188208 139.534180 -0.653376 0.000000 0.000000 0.000000 2.435403
39400 395 133.891739 0.000000 1000.000000 1.454872 134.493866 -2.056985 0.000000 0.000000 0.000000 1.338645
39500 396 126.728889 0.000000 1000.000000 1.065925 127.063118 -1.400152 0.000000 0.000000 0.000000 1.653926
39600 397 124.557648 0.000000 1000.000000 0.691213 124.697281 -0.830852 0.000000 0.000000 0.000000 2.516098
39700 398 116.746246 0.000000 1000.000000 0.292321 126.307747 -4.221656 -5.632166 0.000000 0.000000 1.266414
39800 399 135.471497 0.000000 1000.000000 3.136564 132.616684 -0.281755 0.000000 0.000000 0.000000 3.693767
39900 400 142.609100 0.000000 1000.000000 0.476065 142.721344 -0.588298 0.000000 0.000000 0.000000 2.072581
40000 401 133.971695 0.000000 1000.000000 1.400107 133.383957 -0.812367 0.000000 0.000000 0.000000 2.147923
40100 402 125.474579 0.000000 1000.000000 1.104560 139.051605 -5.269741 -9.411837 0.000000 0.000000 1.516485
40200 403 125.641106 0.000000 1000.000000 2.124385 129.652115 -1.838610 -4.296788 0.000000 0.000000 2.087154
40300 404 108.332123 0.000000 1000.000000 0.566877 115.855453 -3.497838 -4.592372 0.000000 0.000000 1.332827
40400 405 116.659019 0.000000 1000.000000 0.765531 117.973885 -2.080402 0.000000 0.000000 0.000000 2.283648
40500 406 125.493790 0.000000 1000.000000 0.140823 130.017273 -2.588468 -2.075833 0.000000 0.000000 4.206919
40600 407 117.402702 0.000000 1000.000000 2.083427 115.319275 0.000000 0.000000 0.000000 0.000000 2.286110
40700 408 144.249374 0.000000 1000.000000 0.705030 143.777618 -0.233275 0.000000 0.000000 0.000000 3.743538
40800 409 120.182732 0.000000 1000.000000 0.170960 127.307350 -4.059518 -3.236064 0.000000 0.000000 1.824502
40900 410 146.441544 0.000000 1000.000000 0.465147 143.771042 -6.833533 9.038879 0.000000 0.000000 1.953874
41000 411 147.351486 0.000000 1000.000000 0.679274 147.526337 -0.854131 0.000000 0.000000 0.000000 2.660695
41100 412 132.304916 0.000000 1000.000000 0.285855 133.506851 -1.487787 0.000000 0.000000 0.000000 1.737060
41200 413 132.081512 0.000000 1000.000000 0.601460 132.084412 -0.604356 0.000000 0.000000 0.000000 2.416015
41300 414 133.356842 0.000000 1000.000000 0.617715 134.545975 -1.806858 0.000000 0.000000 0.000000 2.270559
41400 415 128.464890 0.000000 1000.000000 1.073776 135.329971 -3.368750 -4.570117 0.000000 0.000000 1.745064
41500 416 114.871414 0.000000 1000.000000 0.200427 129.516281 -6.211687 -8.633608 0.000000 0.000000 1.751194
41600 417 143.806732 0.000000 1000.000000 1.010618 144.860794 -2.064678 0.000000 0.000000 0.000000 3.202129
41700 418 163.147964 0.000000 1000.000000 0.619040 164.621277 -2.092353 0.000000 0.000000 0.000000 1.221272
41800 419 117.224007 0.000000 1000.000000 0.131879 120.643967 -1.995888 -1.555957 0.000000 0.000000 1.349679
41900 420 152.085480 0.000000 1000.000000 0.184394 151.901093 0.000000 0.000000 0.000000 0.000000 3.162726
42000 421 125.358543 0.000000 1000.000000 0.207817 128.415665 -3.264934 0.000000 0.000000 0.000000 3.262770
42100 422 146.705948 0.000000 1000.000000 0.301183 149.092911 -2.688144 0.000000 0.000000 0.000000 1.661268
42200 423 135.767365 0.000000 1000.000000 0.359789 137.898193 -2.490621 0.000000 0.000000 0.000000 2.502486
42300 424 140.258606 0.000000 1000.000000 1.350124 141.112091 -2.203606 0.000000 0.000000 0.000000 1.623492
42400 425 130.093094 0.000000 1000.000000 0.956908 132.329163 -3.192980 0.000000 0.000000 0.000000 1.286290
42500 426 135.232742 0.000000 1000.000000 0.371275 136.762726 -1.901257 0.000000 0.000000 0.000000 1.338049
42600 427 136.154556 0.000000 1000.000000 0.743252 136.294586 -0.883283 0.000000 0.000000 0.000000 0.975578
42700 428 131.787247 0.000000 1000.000000 0.543384 131.243866 0.000000 0.000000 0.000000 0.000000 3.598593
42800 429 129.400589 0.000000 1000.000000 0.515055 137.006454 -4.080031 -4.040900 0.000000 0.000000 2.517797
42900 430 119.810684 0.000000 1000.000000 0.290910 120.238243 -0.718469 0.000000 0.000000 0.000000 1.729645
43000 431 124.534828 0.000000 1000.000000 0.480812 124.054016 0.000000 0.000000 0.000000 0.000000 1.669060
43100 432 137.627701 0.000000 1000.000000 0.668738 138.211075 -1.252099 0.000000 0.000000 0.000000 2.482229
43200 433 119.756378 0.000000 1000.000000 1.706852 126.131958 -3.649558 -4.432876 0.000000 0.000000 1.145443
43300 434 123.343964 0.000000 1000.000000 2.258434 121.790123 -0.704587 0.000000 0.000000 0.000000 1.480981
43400 435 131.397934 0.000000 1000.000000 1.338205 132.715057 -2.655338 0.000000 0.000000 0.000000 3.073680
43500 436 122.141968 0.000000 1000.000000 0.932913 133.079559 -5.849574 -6.020924 0.000000 0.000000 0.455509
43600 437 129.942749 0.000000 1000.000000 0.568599 136.033173 -3.982666 -2.676359 0.000000 0.000000 0.964059
43700 438 126.276306 0.000000 1000.000000 1.120141 142.525848 -8.769043 -8.600643 0.000000 0.000000 0.322169
43800 439 151.792114 0.000000 1000.000000 0.560390 136.815399 -4.676892 19.093222 0.000000 0.000000 0.804068
43900 440 163.846161 0.000000 1000.000000 1.693207 148.900467 -4.777410 18.029900 0.000000 0.000000 0.950553
44000 441 143.015961 0.000000 1000.000000 0.511938 143.764297 -1.260265 0.000000 0.000000 0.000000 2.722682
44100 442 142.812088 0.000000 1000.000000 0.203646 143.766800 -1.158362 0.000000 0.000000 0.000000 2.155331
44200 443 137.942169 0.000000 1000.000000 0.393266 136.889771 -4.049579 4.708716 0.000000 0.000000 0.978969
44300 444 150.299194 0.000000 1000.000000 0.376085 153.589523 -3.666405 0.000000 0.000000 0.000000 1.716496
44400 445 170.679443 0.000000 1000.000000 0.647523 171.196777 -1.164855 0.000000 0.000000 0.000000 1.590370
44500 446 143.205048 0.000000 1000.000000 0.290232 145.198456 -2.283652 0.000000 0.000000 0.000000 1.751638
44600 447 128.267822 0.000000 1000.000000 0.263807 130.343552 -2.339543 0.000000 0.000000 0.000000 1.758823
44700 448 150.880951 0.000000 1000.000000 0.170385 151.123810 -0.413240 0.000000 0.000000 0.000000 2.726159
44800 449 142.879364 0.000000 1000.000000 0.255589 142.623779 0.000000 0.000000 0.000000 0.000000 2.012758
44900 450 147.505753 0.000000 1000.000000 1.018297 147.689468 -1.202007 0.000000 0.000000 0.000000 1.390055
45000 451 141.942352 0.000000 1000.000000 0.289804 142.648941 -3.702367 2.705956 0.000000 0.000000 1.809103
45100 452 141.194321 0.000000 1000.000000 0.868163 146.578659 -3.153180 -3.099320 0.000000 0.000000 1.449635
45200 453 152.047073 0.000000 1000.000000 0.353248 155.513474 -3.819643 0.000000 0.000000 0.000000 1.165983
45300 454 134.727707 0.000000 1000.000000 0.345825 139.042816 -3.631237 -1.029696 0.000000 0.000000 1.334027
45400 455 149.732666 0.000000 1000.000000 0.357686 153.477356 -1.135018 -2.967351 0.000000 0.000000 1.582590
45500 456 130.972305 0.000000 1000.000000 0.654888 130.850311 -0.532902 0.000000 0.000000 0.000000 1.784257
45600 457 290.642731 0.000000 1000.000000 2.100141 137.329391 -4.476491 155.689682 0.000000 0.000000 1.122796
45700 458 134.931000 0.000000 1000.000000 0.850994 143.698090 -3.840633 -5.777454 0.000000 0.000000 1.482960
45800 459 133.639206 0.000000 1000.000000 1.823431 132.810989 -0.995204 0.000000 0.000000 0.000000 3.065771
45900 460 142.401337 0.000000 1000.000000 2.846899 140.130386 -0.575939 0.000000 0.000000 0.000000 3.445902
46000 461 129.426926 0.000000 1000.000000 0.481347 130.948944 -2.003374 0.000000 0.000000 0.000000 4.674701
46100 462 146.439423 0.000000 1000.000000 0.553059 146.551697 -0.665326 0.000000 0.000000 0.000000 3.945151
46200 463 140.291351 0.000000 1000.000000 0.340843 140.472092 -0.521575 0.000000 0.000000 0.000000 3.729238
46300 464 124.763611 0.000000 1000.000000 1.188772 130.536606 -4.100729 -2.861033 0.000000 0.000000 0.961692
46400 465 139.261475 0.000000 1000.000000 0.540833 141.026291 -2.305650 0.000000 0.000000 0.000000 1.642162
46500 466 143.443695 0.000000 1000.000000 0.415410 145.276016 -2.247728 0.000000 0.000000 0.000000 3.965657
46600 467 148.756989 0.000000 1000.000000 0.556358 149.695007 -1.494373 0.000000 0.000000 0.000000 3.110921
46700 468 136.110168 0.000000 1000.000000 2.858295 135.267761 -2.015885 0.000000 0.000000 0.000000 3.248452
46800 469 123.455978 0.000000 1000.000000 0.137121 124.607185 -1.288328 0.000000 0.000000 0.000000 2.981022
46900 470 120.423103 0.000000 1000.000000 0.396708 125.517868 -1.971236 -3.520234 0.000000 0.000000 1.927831
47000 471 118.984680 0.000000 1000.000000 1.919569 123.240959 -2.173170 -4.002675 0.000000 0.000000 4.115461
47100 472 126.967308 0.000000 1000.000000 0.588268 127.698692 -1.319648 0.000000 0.000000 0.000000 3.879052
47200 473 132.155807 0.000000 1000.000000 1.157015 132.752106 -1.753309 0.000000 0.000000 0.000000 3.011854
47300 474 131.055603 0.000000 1000.000000 1.026901 131.590576 -1.561875 0.000000 0.000000 0.000000 2.105652
47400 475 131.695084 0.000000 1000.000000 0.547287 133.139435 -1.991641 0.000000 0.000000 0.000000 2.349648
47500 476 132.117249 0.000000 1000.000000 0.462535 135.473541 -1.623511 -2.195324 0.000000 0.000000 2.509354
47600 477 137.126083 0.000000 1000.000000 0.493378 138.375229 -1.742516 0.000000 0.000000 0.000000 2.516424
47700 478 116.934654 0.000000 1000.000000 0.500112 123.312363 -3.024522 -3.853305 0.000000 0.000000 2.787686
47800 479 162.929901 0.000000 1000.000000 0.549568 163.222366 -2.319758 1.477737 0.000000 0.000000 3.835742
47900 480 156.670242 0.000000 1000.000000 1.069275 156.099731 -0.498771 0.000000 0.000000 0.000000 2.298527
48000 481 135.970474 0.000000 1000.000000 0.954291 136.292282 -1.276094 0.000000 0.000000 0.000000 1.767086
48100 482 141.495972 0.000000 1000.000000 0.290855 153.840347 -4.365737 -8.269493 0.000000 0.000000 1.898903
48200 483 140.783569 0.000000 1000.000000 0.444636 141.864975 -1.526046 0.000000 0.000000 0.000000 1.886367
48300 484 139.555954 0.000000 1000.000000 0.262466 140.143021 -0.849539 0.000000 0.000000 0.000000 1.869151
48400 485 144.438568 0.000000 1000.000000 0.537509 144.580704 -0.679640 0.000000 0.000000 0.000000 2.326745
48500 486 147.931442 0.000000 1000.000000 0.974634 147.546249 -0.589450 0.000000 0.000000 0.000000 3.287133
48600 487 125.017899 0.000000 1000.000000 2.198390 135.885178 -2.602746 -10.462918 0.000000 0.000000 2.371799
48700 488 286.833618 0.000000 1000.000000 2.565532 144.829498 -4.143066 143.581665 0.000000 0.000000 2.420468
48800 489 137.223557 0.000000 1000.000000 1.559437 136.589890 -0.925766 0.000000 0.000000 0.000000 2.217867
48900 490 126.673439 0.000000 1000.000000 1.243662 135.901505 -2.860676 -7.611058 0.000000 0.000000 2.349819
49000 491 154.608536 0.000000 1000.000000 0.409351 149.723175 -3.278594 7.754611 0.000000 0.000000 1.811103
49100 492 142.255295 0.000000 1000.000000 1.525559 142.095627 -1.365889 0.000000 0.000000 0.000000 2.204822
49200 493 130.737335 0.000000 1000.000000 1.820292 131.214996 -2.297966 0.000000 0.000000 0.000000 2.104904
49300 494 131.623550 0.000000 1000.000000 0.479509 122.186913 -4.255219 13.212353 0.000000 0.000000 2.223123
49400 495 139.408340 0.000000 1000.000000 0.977290 138.431046 0.000000 0.000000 0.000000 0.000000 4.246831
49500 496 129.444321 0.000000 1000.000000 0.573696 136.112686 -6.397508 -0.844563 0.000000 0.000000 2.240702
49600 497 136.134171 0.000000 1000.000000 0.750134 136.165985 -0.781958 0.000000 0.000000 0.000000 2.491607
49700 498 124.746094 0.000000 1000.000000 0.847087 129.824051 -2.250598 -3.674451 0.000000 0.000000 2.971302
49800 499 132.533051 0.000000 1000.000000 0.447556 133.256668 -1.171179 0.000000 0.000000 0.000000 1.589872
49900 500 133.094147 0.000000 1000.000000 2.167081 132.361252 -1.434186 0.000000 0.000000 0.000000 3.228511
50000 501 115.042915 0.000000 1000.000000 0.772733 124.421799 -4.399899 -5.751718 0.000000 0.000000 2.217625
