1 1 179.491928 0.000000 1000.000000 0.167170 198.351532 -0.491050 -18.535732 0.000000 0.000000 20.337011
100 2 161.063553 0.000000 1000.000000 0.174177 161.552094 -0.662726 0.000000 0.000000 0.000000 8.523459
200 3 168.126038 0.000000 1000.000000 1.521561 167.795700 -1.191228 0.000000 0.000000 0.000000 6.929127
300 4 198.467102 0.000000 1000.000000 1.351236 166.436539 -1.820173 32.499493 0.000000 0.000000 4.698339
400 5 163.684448 0.000000 1000.000000 0.555003 163.918228 -0.788790 0.000000 0.000000 0.000000 5.902785
500 6 169.394363 0.000000 1000.000000 0.273404 169.120956 0.000000 0.000000 0.000000 0.000000 5.570529
600 7 155.525772 0.000000 1000.000000 0.801956 155.435883 -0.712068 0.000000 0.000000 0.000000 5.392995
700 8 156.195923 0.000000 1000.000000 0.397599 161.003983 -1.286215 -3.919453 0.000000 0.000000 6.399861
800 9 134.897964 0.000000 1000.000000 0.360953 135.198853 -0.661829 0.000000 0.000000 0.000000 4.362076
900 10 162.432877 0.000000 1000.000000 0.769129 162.430618 -0.766875 0.000000 0.000000 0.000000 2.230077
1000 11 176.646805 0.000000 1000.000000 0.629279 177.628540 -1.611012 0.000000 0.000000 0.000000 3.008918
1100 12 245.128052 0.000000 1000.000000 0.929560 170.435150 -1.666683 75.430016 0.000000 0.000000 2.507055
1200 13 166.385788 0.000000 1000.000000 1.018271 142.243698 -1.310222 24.434046 0.000000 0.000000 4.953177
1300 14 160.798294 0.000000 1000.000000 1.087693 160.938660 -1.228062 0.000000 0.000000 0.000000 2.460205
1400 15 149.962769 0.000000 1000.000000 1.007108 148.955658 0.000000 0.000000 0.000000 0.000000 2.930207
1500 16 135.429871 0.000000 1000.000000 0.311875 136.575409 -1.457410 0.000000 0.000000 0.000000 4.612720
1600 17 146.516571 0.000000 1000.000000 0.788739 150.599792 -4.871966 0.000000 0.000000 0.000000 2.687482
1700 18 175.322845 0.000000 1000.000000 0.409807 163.705688 -2.650621 13.857966 0.000000 0.000000 2.626817
1800 19 162.235275 0.000000 1000.000000 0.368228 163.298477 -1.431420 0.000000 0.000000 0.000000 2.705743
1900 20 152.005936 0.000000 1000.000000 0.206247 153.143188 -1.343501 0.000000 0.000000 0.000000 2.831416
2000 21 153.506607 0.000000 1000.000000 0.229456 154.142410 -0.865268 0.000000 0.000000 0.000000 3.097669
2100 22 143.174164 0.000000 1000.000000 0.295849 144.488449 -1.610136 0.000000 0.000000 0.000000 3.331424
2200 23 159.966324 0.000000 1000.000000 0.612317 160.940781 -1.586782 0.000000 0.000000 0.000000 2.517594
2300 24 164.273117 0.000000 1000.000000 0.985377 163.287735 0.000000 0.000000 0.000000 0.000000 4.166646
2400 25 170.262802 0.000000 1000.000000 0.897127 169.365677 0.000000 0.000000 0.000000 0.000000 4.960812
2500 26 154.427689 0.000000 1000.000000 0.131150 154.296539 0.000000 0.000000 0.000000 0.000000 4.477622
2600 27 158.046173 0.000000 1000.000000 0.216197 159.867142 -2.037171 0.000000 0.000000 0.000000 1.978900
2700 28 154.606445 0.000000 1000.000000 0.562092 155.614471 -1.570119 0.000000 0.000000 0.000000 4.029782
2800 29 156.526443 0.000000 1000.000000 1.292683 155.233765 0.000000 0.000000 0.000000 0.000000 3.131890
2900 30 151.268555 0.000000 1000.000000 0.201409 151.067139 0.000000 0.000000 0.000000 0.000000 4.161179
3000 31 245.235504 0.000000 1000.000000 1.640809 166.027634 -2.637657 80.204720 0.000000 0.000000 3.049507
3100 32 145.302734 0.000000 1000.000000 0.261260 145.975449 -0.933978 0.000000 0.000000 0.000000 2.014416
3200 33 167.562881 0.000000 1000.000000 0.438458 168.743454 -1.619030 0.000000 0.000000 0.000000 2.545356
3300 34 152.845367 0.000000 1000.000000 0.673003 153.155823 -0.983454 0.000000 0.000000 0.000000 2.312790
3400 35 133.221588 0.000000 1000.000000 0.068527 136.153305 -3.000237 0.000000 0.000000 0.000000 2.755618
3500 36 168.041779 0.000000 1000.000000 0.461867 167.579910 0.000000 0.000000 0.000000 0.000000 2.611608
3600 37 184.916611 0.000000 1000.000000 1.110700 162.568115 -3.594067 24.831867 0.000000 0.000000 1.734685
3700 38 169.703873 0.000000 1000.000000 0.368308 170.526962 -1.191384 0.000000 0.000000 0.000000 2.786949
3800 39 153.266678 0.000000 1000.000000 0.581756 158.454742 -3.606520 -2.163300 0.000000 0.000000 1.018944
3900 40 156.407074 0.000000 1000.000000 1.329955 158.212341 -3.135231 0.000000 0.000000 0.000000 2.057817
4000 41 149.627319 0.000000 1000.000000 0.713507 151.448181 -2.534370 0.000000 0.000000 0.000000 1.238443
4100 42 138.019989 0.000000 1000.000000 0.510575 139.882843 -2.373434 0.000000 0.000000 0.000000 1.769833
4200 43 144.417572 0.000000 1000.000000 0.353646 148.414642 -2.695460 -1.655262 0.000000 0.000000 1.599744
4300 44 139.914703 0.000000 1000.000000 0.844212 145.100525 -3.488133 -2.541904 0.000000 0.000000 0.812209
4400 45 152.736069 0.000000 1000.000000 2.331973 154.284622 -3.880530 0.000000 0.000000 0.000000 1.553978
4500 46 130.003937 0.000000 1000.000000 0.582545 143.789795 -6.452120 -7.916294 0.000000 0.000000 1.292766
4600 47 169.314285 0.000000 1000.000000 0.566136 140.265533 -4.867859 33.350479 0.000000 0.000000 3.177355
4700 48 153.319351 0.000000 1000.000000 0.785029 152.336990 -3.676371 3.873705 0.000000 0.000000 2.111859
4800 49 176.940033 0.000000 1000.000000 1.344680 155.662262 -3.281114 23.214201 0.000000 0.000000 1.324333
4900 50 133.306183 0.000000 1000.000000 0.437749 136.023331 -3.154890 0.000000 0.000000 0.000000 1.563002
5000 51 139.577728 0.000000 1000.000000 0.718543 138.859192 0.000000 0.000000 0.000000 0.000000 1.652174
5100 52 134.832336 0.000000 1000.000000 0.085089 139.476669 -4.729417 0.000000 0.000000 0.000000 1.174688
5200 53 138.650925 0.000000 1000.000000 0.782690 142.807999 -3.572731 -1.367027 0.000000 0.000000 3.074088
5300 54 140.740616 0.000000 1000.000000 0.141163 142.732346 -2.132888 0.000000 0.000000 0.000000 0.584165
5400 55 132.332108 0.000000 1000.000000 0.164751 135.750290 -3.582930 0.000000 0.000000 0.000000 1.616069
5500 56 198.655869 0.000000 1000.000000 1.591364 145.870880 -3.653461 54.847080 0.000000 0.000000 1.772871
5600 57 131.753937 0.000000 1000.000000 0.179292 132.633133 -1.058487 0.000000 0.000000 0.000000 2.436817
5700 58 152.731674 0.000000 1000.000000 1.806533 153.006485 -2.081349 0.000000 0.000000 0.000000 2.781399
5800 59 161.603714 0.000000 1000.000000 0.541139 150.627365 -3.369426 13.804648 0.000000 0.000000 1.595614
5900 60 143.960251 0.000000 1000.000000 0.549299 143.410950 0.000000 0.000000 0.000000 0.000000 4.992335
6000 61 137.375290 0.000000 1000.000000 0.233638 137.691833 -0.550192 0.000000 0.000000 0.000000 3.005878
6100 62 171.533020 0.000000 1000.000000 0.361853 172.242157 -1.070986 0.000000 0.000000 0.000000 2.923997
6200 63 160.020859 0.000000 1000.000000 0.507926 152.514175 -6.109672 13.108430 0.000000 0.000000 1.005929
6300 64 147.406906 0.000000 1000.000000 1.474739 147.668655 -1.736477 0.000000 0.000000 0.000000 3.797740
6400 65 160.620514 0.000000 1000.000000 0.573656 161.654327 -1.607462 0.000000 0.000000 0.000000 4.416195
6500 66 143.223907 0.000000 1000.000000 2.135898 141.445694 -0.357686 0.000000 0.000000 0.000000 3.409714
6600 67 164.446014 0.000000 1000.000000 0.927975 164.645004 -1.126969 0.000000 0.000000 0.000000 2.671396
6700 68 142.803024 0.000000 1000.000000 0.550741 144.432892 -2.180608 0.000000 0.000000 0.000000 1.677806
6800 69 151.352478 0.000000 1000.000000 0.259654 152.931793 -1.838973 0.000000 0.000000 0.000000 2.068078
6900 70 116.970215 0.000000 1000.000000 0.842687 124.820671 -4.033821 -4.659328 0.000000 0.000000 0.970220
7000 71 140.855637 0.000000 1000.000000 0.534107 143.071106 -4.997767 2.248201 0.000000 0.000000 0.971833
7100 72 142.694427 0.000000 1000.000000 0.662666 144.557663 -2.525887 0.000000 0.000000 0.000000 1.247720
7200 73 156.639572 0.000000 1000.000000 1.395986 158.190659 -2.947061 0.000000 0.000000 0.000000 0.998381
7300 74 137.140900 0.000000 1000.000000 0.379065 137.993347 -1.231502 0.000000 0.000000 0.000000 1.847985
7400 75 127.276283 0.000000 1000.000000 1.589434 136.836395 -3.688756 -7.460790 0.000000 0.000000 1.375628
7500 76 143.045227 0.000000 1000.000000 1.001008 143.589661 -1.545444 0.000000 0.000000 0.000000 2.031289
7600 77 161.425217 0.000000 1000.000000 0.295390 165.217133 -4.087306 0.000000 0.000000 0.000000 1.130781
7700 78 142.289246 0.000000 1000.000000 0.536358 146.340225 -3.812604 -0.774733 0.000000 0.000000 1.639252
7800 79 133.065079 0.000000 1000.000000 1.083973 133.767471 -1.786361 0.000000 0.000000 0.000000 1.612188
7900 80 132.581390 0.000000 1000.000000 0.865807 133.930847 -2.215276 0.000000 0.000000 0.000000 3.482260
8000 81 139.919373 0.000000 1000.000000 0.289235 135.841629 -1.573761 5.362267 0.000000 0.000000 1.333074
8100 82 147.163315 0.000000 1000.000000 0.280697 147.948868 -1.066252 0.000000 0.000000 0.000000 2.966453
8200 83 164.601639 0.000000 1000.000000 0.509094 141.293701 -2.359552 25.158401 0.000000 0.000000 2.944098
8300 84 127.387512 0.000000 1000.000000 0.676499 128.736679 -2.025666 0.000000 0.000000 0.000000 2.036161
8400 85 149.087067 0.000000 1000.000000 0.921417 136.869339 -2.016988 13.313287 0.000000 0.000000 2.644789
8500 86 128.247986 0.000000 1000.000000 0.750887 126.299774 -1.695468 2.892786 0.000000 0.000000 2.095875
8600 87 136.503738 0.000000 1000.000000 0.485621 137.852707 -1.834591 0.000000 0.000000 0.000000 4.202976
8700 88 149.833191 0.000000 1000.000000 0.554300 145.395340 -2.085277 5.968833 0.000000 0.000000 3.326368
8800 89 131.453796 0.000000 1000.000000 1.688296 131.114105 -1.348601 0.000000 0.000000 0.000000 2.259675
8900 90 122.799881 0.000000 1000.000000 2.286810 131.978912 -2.967024 -8.498806 0.000000 0.000000 2.372292
9000 91 140.443817 0.000000 1000.000000 0.361873 142.681168 -2.528831 -0.070398 0.000000 0.000000 2.008781
9100 92 132.583420 0.000000 1000.000000 1.148728 138.997940 -2.365413 -5.197836 0.000000 0.000000 2.523729
9200 93 144.782715 0.000000 1000.000000 0.202542 145.442047 -0.861882 0.000000 0.000000 0.000000 2.480127
9300 94 135.064636 0.000000 1000.000000 0.673321 135.530182 -1.138863 0.000000 0.000000 0.000000 3.135580
9400 95 150.062912 0.000000 1000.000000 0.981599 150.258911 -1.177601 0.000000 0.000000 0.000000 3.137193
9500 96 132.938263 0.000000 1000.000000 0.122438 132.976761 -0.160938 0.000000 0.000000 0.000000 4.624055
9600 97 148.543213 0.000000 1000.000000 0.350586 149.212601 -1.019970 0.000000 0.000000 0.000000 5.904056
9700 98 134.994736 0.000000 1000.000000 0.318290 136.970337 -2.293885 0.000000 0.000000 0.000000 2.701090
9800 99 144.702164 0.000000 1000.000000 1.737304 143.619965 -0.655110 0.000000 0.000000 0.000000 2.096325
9900 100 165.428040 0.000000 1000.000000 0.872695 152.174377 -1.508065 13.889041 0.000000 0.000000 2.817316
10000 101 139.159744 0.000000 1000.000000 0.292865 140.416245 -1.549369 0.000000 0.000000 0.000000 1.469575
10100 102 128.047745 0.000000 1000.000000 0.388472 128.395477 -0.736213 0.000000 0.000000 0.000000 1.653096
10200 103 117.640541 0.000000 1000.000000 0.621854 122.668602 -2.066080 -3.583841 0.000000 0.000000 2.455724
10300 104 127.348557 0.000000 1000.000000 0.586978 126.761581 0.000000 0.000000 0.000000 0.000000 2.396277
10400 105 136.116287 0.000000 1000.000000 0.237356 138.335938 -2.456995 0.000000 0.000000 0.000000 2.314650
10500 106 137.741364 0.000000 1000.000000 0.673668 137.692078 -0.624368 0.000000 0.000000 0.000000 4.800580
10600 107 117.245110 0.000000 1000.000000 0.990524 120.942619 -1.646404 -3.041635 0.000000 0.000000 2.576307
10700 108 154.662476 0.000000 1000.000000 0.572051 155.548996 -1.458579 0.000000 0.000000 0.000000 2.500465
10800 109 134.171570 0.000000 1000.000000 1.096311 133.075256 0.000000 0.000000 0.000000 0.000000 2.009844
10900 110 136.169342 0.000000 1000.000000 0.366814 137.525925 -1.723396 0.000000 0.000000 0.000000 2.100089
11000 111 145.291092 0.000000 1000.000000 0.424782 145.251556 -0.385255 0.000000 0.000000 0.000000 2.431072
11100 112 149.481995 0.000000 1000.000000 0.978345 149.481720 -0.978066 0.000000 0.000000 0.000000 2.009578
11200 113 168.954010 0.000000 1000.000000 0.846847 145.910034 -1.977870 24.175011 0.000000 0.000000 1.826430
11300 114 130.947571 0.000000 1000.000000 0.117076 132.720459 -1.889967 0.000000 0.000000 0.000000 2.803982
11400 115 125.465843 0.000000 1000.000000 0.815679 130.403595 -2.157477 -3.595954 0.000000 0.000000 2.833730
11500 116 126.713898 0.000000 1000.000000 0.317716 133.256088 -2.630165 -4.229739 0.000000 0.000000 2.748204
11600 117 137.422638 0.000000 1000.000000 0.601284 138.602402 -1.781052 0.000000 0.000000 0.000000 2.394754
11700 118 140.113998 0.000000 1000.000000 0.421075 139.692917 0.000000 0.000000 0.000000 0.000000 2.515409
11800 119 136.228149 0.000000 1000.000000 0.809820 135.418335 0.000000 0.000000 0.000000 0.000000 2.365119
11900 120 176.440720 0.000000 1000.000000 0.701751 132.486465 -2.683999 45.936504 0.000000 0.000000 3.377446
12000 121 137.282181 0.000000 1000.000000 0.686710 137.674576 -1.079095 0.000000 0.000000 0.000000 3.119568
12100 122 136.234665 0.000000 1000.000000 0.577255 140.981598 -2.442180 -2.882005 0.000000 0.000000 2.265395
12200 123 143.770630 0.000000 1000.000000 1.877672 144.894882 -4.091624 1.089702 0.000000 0.000000 1.703554
12300 124 135.986465 0.000000 1000.000000 0.983589 136.065277 -1.062398 0.000000 0.000000 0.000000 1.946436
12400 125 141.318161 0.000000 1000.000000 1.253782 141.971329 -1.906959 0.000000 0.000000 0.000000 2.818003
12500 126 131.906815 0.000000 1000.000000 2.393638 130.486038 -0.972860 0.000000 0.000000 0.000000 3.351810
12600 127 133.779007 0.000000 1000.000000 0.930245 136.818985 -1.329351 -2.640892 0.000000 0.000000 2.261440
12700 128 148.022202 0.000000 1000.000000 0.471782 148.639450 -1.089029 0.000000 0.000000 0.000000 2.065222
12800 129 133.932510 0.000000 1000.000000 1.722535 132.209976 0.000000 0.000000 0.000000 0.000000 2.487291
12900 130 120.846260 0.000000 1000.000000 2.363319 118.482941 0.000000 0.000000 0.000000 0.000000 4.485097
13000 131 126.847397 0.000000 1000.000000 0.253559 127.153847 -0.560009 0.000000 0.000000 0.000000 1.898780
13100 132 130.927414 0.000000 1000.000000 0.801332 131.655228 -1.529147 0.000000 0.000000 0.000000 2.826097
13200 133 160.297272 0.000000 1000.000000 0.430818 151.319748 -0.721158 9.267871 0.000000 0.000000 3.747014
13300 134 124.292870 0.000000 1000.000000 0.419300 124.618309 -0.744735 0.000000 0.000000 0.000000 4.865623
13400 135 128.526840 0.000000 1000.000000 0.466717 128.974609 -0.914494 0.000000 0.000000 0.000000 3.984614
13500 136 137.684921 0.000000 1000.000000 0.352257 145.408691 -2.957473 -5.118558 0.000000 0.000000 3.109590
13600 137 122.288818 0.000000 1000.000000 0.385333 126.615723 -2.955968 -1.756264 0.000000 0.000000 1.718105
13700 138 131.293396 0.000000 1000.000000 1.946227 130.385788 -1.038627 0.000000 0.000000 0.000000 2.011660
13800 139 131.487381 0.000000 1000.000000 0.354360 132.016769 -0.883748 0.000000 0.000000 0.000000 2.062465
13900 140 171.259628 0.000000 1000.000000 1.119736 159.758102 -4.705451 15.087236 0.000000 0.000000 1.625681
14000 141 134.722458 0.000000 1000.000000 1.370020 135.602539 -2.250109 0.000000 0.000000 0.000000 1.736509
14100 142 123.607880 0.000000 1000.000000 0.180830 128.612915 -2.027947 -3.157920 0.000000 0.000000 1.017705
14200 143 149.282928 0.000000 1000.000000 0.767872 148.515060 0.000000 0.000000 0.000000 0.000000 2.024880
14300 144 183.920059 0.000000 1000.000000 0.977522 161.384552 -3.591335 25.149328 0.000000 0.000000 2.147551
14400 145 172.303970 0.000000 1000.000000 0.451396 179.816681 -2.758626 -5.205495 0.000000 0.000000 2.298839
14500 146 128.252457 0.000000 1000.000000 0.610797 132.661621 -3.599624 -1.420339 0.000000 0.000000 2.288987
14600 147 143.892532 0.000000 1000.000000 0.700075 145.329742 -2.137284 0.000000 0.000000 0.000000 4.738755
14700 148 124.203949 0.000000 1000.000000 0.166757 124.119179 -0.081988 0.000000 0.000000 0.000000 3.895921
14800 149 124.335350 0.000000 1000.000000 0.227083 124.108269 0.000000 0.000000 0.000000 0.000000 1.951336
14900 150 115.793350 0.000000 1000.000000 0.140855 117.814941 -2.162447 0.000000 0.000000 0.000000 2.097858
15000 151 134.406219 0.000000 1000.000000 0.468272 143.353470 -3.973561 -5.441976 0.000000 0.000000 1.799606
15100 152 141.912262 0.000000 1000.000000 0.323688 142.310928 -0.722355 0.000000 0.000000 0.000000 2.166781
15200 153 135.731247 0.000000 1000.000000 0.744111 136.734497 -1.747357 0.000000 0.000000 0.000000 2.084746
15300 154 125.427002 0.000000 1000.000000 0.344096 132.030640 -3.829990 -3.117751 0.000000 0.000000 1.893580
15400 155 145.622040 0.000000 1000.000000 1.254170 144.759262 -1.653165 1.261780 0.000000 0.000000 2.586210
15500 156 130.294174 0.000000 1000.000000 0.634083 129.348450 -2.607023 2.918667 0.000000 0.000000 1.005484
15600 157 144.264587 0.000000 1000.000000 1.306829 142.957764 0.000000 0.000000 0.000000 0.000000 1.202307
15700 158 142.361481 0.000000 1000.000000 0.669968 142.748840 -1.057322 0.000000 0.000000 0.000000 2.302859
15800 159 139.332291 0.000000 1000.000000 0.664106 141.082535 -2.414349 0.000000 0.000000 0.000000 2.456630
15900 160 141.170761 0.000000 1000.000000 0.616294 146.688126 -1.719515 -4.414140 0.000000 0.000000 3.110948
16000 161 144.557129 0.000000 1000.000000 0.668655 144.794052 -0.905577 0.000000 0.000000 0.000000 4.191138
16100 162 152.199005 0.000000 1000.000000 0.549963 152.108566 -0.459519 0.000000 0.000000 0.000000 3.023014
16200 163 141.101318 0.000000 1000.000000 0.321069 141.600113 -0.819873 0.000000 0.000000 0.000000 3.340008
16300 164 176.060577 0.000000 1000.000000 0.454749 172.293137 -2.076376 5.389070 0.000000 0.000000 3.673747
16400 165 147.971863 0.000000 1000.000000 1.248448 147.164856 -0.441439 0.000000 0.000000 0.000000 3.237908
16500 166 143.906677 0.000000 1000.000000 0.447490 143.763351 -0.304173 0.000000 0.000000 0.000000 1.866276
16600 167 135.624451 0.000000 1000.000000 0.419536 141.608643 -3.051632 -3.352101 0.000000 0.000000 2.008020
16700 168 116.437943 0.000000 1000.000000 0.298284 123.565918 -3.630313 -3.795956 0.000000 0.000000 2.077049
16800 169 126.946762 0.000000 1000.000000 0.364910 127.425529 -0.843679 0.000000 0.000000 0.000000 2.954693
16900 170 149.825134 0.000000 1000.000000 2.390839 142.218796 -2.684433 7.899936 0.000000 0.000000 1.775367
17000 171 144.875977 0.000000 1000.000000 1.333156 143.961563 -0.418744 0.000000 0.000000 0.000000 1.333862
17100 172 137.230545 0.000000 1000.000000 0.267951 137.942184 -0.979582 0.000000 0.000000 0.000000 2.913579
17200 173 142.762161 0.000000 1000.000000 0.834120 143.824234 -1.896201 0.000000 0.000000 0.000000 2.620036
17300 174 151.861679 0.000000 1000.000000 0.515666 152.057632 -0.953734 0.242108 0.000000 0.000000 2.726952
17400 175 125.609573 0.000000 1000.000000 0.852021 128.816940 -3.046298 -1.013095 0.000000 0.000000 2.395464
17500 176 148.549667 0.000000 1000.000000 0.357577 151.802765 -3.610672 0.000000 0.000000 0.000000 1.784609
17600 177 167.802063 0.000000 1000.000000 0.817417 167.940933 -0.956289 0.000000 0.000000 0.000000 2.980876
17700 178 148.958786 0.000000 1000.000000 0.884199 148.074585 0.000000 0.000000 0.000000 0.000000 4.007429
17800 179 150.057007 0.000000 1000.000000 0.560620 150.252014 -0.755637 0.000000 0.000000 0.000000 1.672259
17900 180 134.873077 0.000000 1000.000000 0.409265 134.463806 0.000000 0.000000 0.000000 0.000000 3.908802
18000 181 153.102722 0.000000 1000.000000 0.376875 154.010300 -1.284462 0.000000 0.000000 0.000000 3.188425
18100 182 150.588013 0.000000 1000.000000 3.251688 148.330429 -0.994115 0.000000 0.000000 0.000000 2.589712
18200 183 142.596252 0.000000 1000.000000 0.627053 142.341660 -0.372464 0.000000 0.000000 0.000000 3.330229
18300 184 159.327911 0.000000 1000.000000 0.216840 160.361267 -1.250200 0.000000 0.000000 0.000000 2.911502
18400 185 147.978668 0.000000 1000.000000 1.166925 147.799652 -0.987917 0.000000 0.000000 0.000000 2.490560
18500 186 135.646332 0.000000 1000.000000 0.862149 136.272491 -1.488310 0.000000 0.000000 0.000000 3.074194
18600 187 132.384048 0.000000 1000.000000 0.532078 131.851974 0.000000 0.000000 0.000000 0.000000 3.593448
18700 188 158.773453 0.000000 1000.000000 1.521315 157.472031 -0.219894 0.000000 0.000000 0.000000 4.895817
18800 189 145.535995 0.000000 1000.000000 0.291772 146.242889 -0.998667 0.000000 0.000000 0.000000 2.750041
18900 190 140.864441 0.000000 1000.000000 0.229467 140.947601 -0.312618 0.000000 0.000000 0.000000 3.598745
19000 191 169.885803 0.000000 1000.000000 0.574741 169.311066 0.000000 0.000000 0.000000 0.000000 1.641842
19100 192 159.370697 0.000000 1000.000000 0.277840 159.684601 -0.591737 0.000000 0.000000 0.000000 3.572125
19200 193 141.212128 0.000000 1000.000000 0.348959 140.863174 0.000000 0.000000 0.000000 0.000000 3.740558
19300 194 151.846329 0.000000 1000.000000 1.464617 150.673813 -0.292091 0.000000 0.000000 0.000000 3.444512
19400 195 159.364105 0.000000 1000.000000 0.547296 158.816803 0.000000 0.000000 0.000000 0.000000 3.757166
19500 196 152.222366 0.000000 1000.000000 0.513305 131.122330 -1.696362 22.283092 0.000000 0.000000 3.690301
19600 197 149.894058 0.000000 1000.000000 0.759663 150.254349 -1.119944 0.000000 0.000000 0.000000 4.380936
19700 198 177.582550 0.000000 1000.000000 1.136916 176.445633 0.000000 0.000000 0.000000 0.000000 3.434895
19800 199 171.557159 0.000000 1000.000000 0.736334 172.032074 -1.211239 0.000000 0.000000 0.000000 3.935879
19900 200 170.118729 0.000000 1000.000000 0.919058 169.965637 -1.313993 0.548041 0.000000 0.000000 3.726413
20000 201 155.346573 0.000000 1000.000000 0.378106 155.491104 -0.522646 0.000000 0.000000 0.000000 2.898903
20100 202 162.215073 0.000000 1000.000000 1.418122 160.796951 0.000000 0.000000 0.000000 0.000000 3.040602
20200 203 170.003616 0.000000 1000.000000 0.695547 169.308075 0.000000 0.000000 0.000000 0.000000 3.457138
20300 204 178.912445 0.000000 1000.000000 1.417432 177.495010 0.000000 0.000000 0.000000 0.000000 3.335211
20400 205 145.620316 0.000000 1000.000000 0.497680 149.529510 -1.302053 -3.104825 0.000000 0.000000 3.565116
20500 206 140.332123 0.000000 1000.000000 0.284899 140.092239 -0.045013 0.000000 0.000000 0.000000 3.868480
20600 207 144.894958 0.000000 1000.000000 0.548542 144.346420 0.000000 0.000000 0.000000 0.000000 3.864527
20700 208 151.243622 0.000000 1000.000000 0.586053 151.781067 -1.123504 0.000000 0.000000 0.000000 2.378953
20800 209 150.492264 0.000000 1000.000000 0.204993 152.044754 -1.757470 0.000000 0.000000 0.000000 3.313604
20900 210 156.595688 0.000000 1000.000000 0.955852 157.036499 -1.396669 0.000000 0.000000 0.000000 2.417163
21000 211 148.422516 0.000000 1000.000000 0.870125 147.552399 0.000000 0.000000 0.000000 0.000000 4.693491
21100 212 154.152313 0.000000 1000.000000 1.149961 146.174591 -1.754991 8.582741 0.000000 0.000000 3.047132
21200 213 151.584045 0.000000 1000.000000 0.419347 151.164703 0.000000 0.000000 0.000000 0.000000 3.067904
21300 214 143.747604 0.000000 1000.000000 0.255801 143.883286 -0.391477 0.000000 0.000000 0.000000 3.131713
21400 215 152.580795 0.000000 1000.000000 0.476268 153.398880 -1.294361 0.000000 0.000000 0.000000 4.762449
21500 216 144.721268 0.000000 1000.000000 0.569526 144.665756 -0.514010 0.000000 0.000000 0.000000 3.733700
21600 217 128.093582 0.000000 1000.000000 0.758950 128.431870 -1.097241 0.000000 0.000000 0.000000 3.468975
21700 218 142.978821 0.000000 1000.000000 0.350375 143.390289 -0.761845 0.000000 0.000000 0.000000 3.569648
21800 219 136.990433 0.000000 1000.000000 0.979934 137.389099 -1.378594 0.000000 0.000000 0.000000 4.036782
21900 220 146.817108 0.000000 1000.000000 0.761743 147.452408 -1.397055 0.000000 0.000000 0.000000 3.336201
22000 221 149.807510 0.000000 1000.000000 0.841041 149.780258 -0.813783 0.000000 0.000000 0.000000 3.142173
22100 222 126.658638 0.000000 1000.000000 1.995449 125.853546 -1.190351 0.000000 0.000000 0.000000 3.858277
22200 223 146.068619 0.000000 1000.000000 0.372959 145.695663 0.000000 0.000000 0.000000 0.000000 3.724407
22300 224 145.237503 0.000000 1000.000000 0.546558 144.762604 -0.071653 0.000000 0.000000 0.000000 3.471439
22400 225 161.473572 0.000000 1000.000000 0.945529 161.026535 -0.498496 0.000000 0.000000 0.000000 5.328112
22500 226 172.804276 0.000000 1000.000000 1.183480 171.620789 0.000000 0.000000 0.000000 0.000000 6.497183
22600 227 138.088898 0.000000 1000.000000 1.103225 137.946991 -0.961315 0.000000 0.000000 0.000000 3.536890
22700 228 150.186874 0.000000 1000.000000 1.220699 149.684830 -0.718663 0.000000 0.000000 0.000000 3.512823
22800 229 138.966095 0.000000 1000.000000 0.302038 139.810303 -1.146248 0.000000 0.000000 0.000000 2.766760
22900 230 171.012985 0.000000 1000.000000 1.808250 141.137741 -1.730096 29.797110 0.000000 0.000000 3.117703
23000 231 130.334793 0.000000 1000.000000 0.841411 131.751541 -2.258166 0.000000 0.000000 0.000000 4.245347
23100 232 142.029053 0.000000 1000.000000 3.685874 138.343185 0.000000 0.000000 0.000000 0.000000 4.801389
23200 233 140.352463 0.000000 1000.000000 0.556320 141.114838 -1.318702 0.000000 0.000000 0.000000 5.103676
23300 234 132.262985 0.000000 1000.000000 0.270688 131.992294 0.000000 0.000000 0.000000 0.000000 5.312289
23400 235 140.765900 0.000000 1000.000000 0.570199 140.195694 0.000000 0.000000 0.000000 0.000000 4.688555
23500 236 138.098129 0.000000 1000.000000 0.394605 141.376541 -2.289546 -1.383470 0.000000 0.000000 5.926068
23600 237 135.894974 0.000000 1000.000000 0.586603 136.488876 -1.180511 0.000000 0.000000 0.000000 3.026034
23700 238 141.181168 0.000000 1000.000000 0.457309 142.288605 -1.564740 0.000000 0.000000 0.000000 4.247637
23800 239 128.922409 0.000000 1000.000000 0.277744 129.882507 -1.237839 0.000000 0.000000 0.000000 2.941944
23900 240 142.510025 0.000000 1000.000000 0.749631 142.959244 -1.198859 0.000000 0.000000 0.000000 3.036829
24000 241 125.497643 0.000000 1000.000000 0.785818 124.711823 0.000000 0.000000 0.000000 0.000000 4.433724
24100 242 145.788864 0.000000 1000.000000 0.616161 142.746536 -1.803915 4.230075 0.000000 0.000000 4.142358
24200 243 143.445831 0.000000 1000.000000 2.334361 141.111465 0.000000 0.000000 0.000000 0.000000 4.441348
24300 244 150.632812 0.000000 1000.000000 0.352253 156.872482 -1.795918 -4.795998 0.000000 0.000000 3.442568
24400 245 130.588974 0.000000 1000.000000 1.444770 129.144211 0.000000 0.000000 0.000000 0.000000 5.105375
24500 246 135.540985 0.000000 1000.000000 0.554798 134.986191 0.000000 0.000000 0.000000 0.000000 4.161191
24600 247 134.499237 0.000000 1000.000000 0.496079 134.003159 0.000000 0.000000 0.000000 0.000000 4.862200
24700 248 146.931946 0.000000 1000.000000 1.367080 145.564865 0.000000 0.000000 0.000000 0.000000 7.261109
24800 249 127.748611 0.000000 1000.000000 0.163985 128.620712 -1.036089 0.000000 0.000000 0.000000 4.556754
24900 250 135.887833 0.000000 1000.000000 0.641102 135.453659 -0.206923 0.000000 0.000000 0.000000 7.256301
25000 251 128.632965 0.000000 1000.000000 0.088080 130.856323 -1.328080 -0.983355 0.000000 0.000000 4.469285
25100 252 127.887794 0.000000 1000.000000 0.404551 127.923561 -0.440319 0.000000 0.000000 0.000000 4.146558
25200 253 119.611160 0.000000 1000.000000 0.489947 119.121216 0.000000 0.000000 0.000000 0.000000 4.005182
25300 254 137.512726 0.000000 1000.000000 0.917817 136.594910 0.000000 0.000000 0.000000 0.000000 4.620861
25400 255 130.673630 0.000000 1000.000000 0.366558 130.595108 -0.288033 0.000000 0.000000 0.000000 3.461841
25500 256 138.769653 0.000000 1000.000000 1.630764 137.138885 0.000000 0.000000 0.000000 0.000000 2.062441
25600 257 142.411560 0.000000 1000.000000 1.596396 142.113174 -1.297998 0.000000 0.000000 0.000000 2.521374
25700 258 116.608994 0.000000 1000.000000 0.924958 118.816864 -3.132824 0.000000 0.000000 0.000000 1.314418
25800 259 119.532051 0.000000 1000.000000 0.985740 120.576065 -2.029753 0.000000 0.000000 0.000000 2.088387
25900 260 124.951370 0.000000 1000.000000 0.997516 131.818710 -2.260279 -5.604570 0.000000 0.000000 2.048826
26000 261 177.802704 0.000000 1000.000000 2.327163 131.379776 -2.456937 46.552704 0.000000 0.000000 1.698275
26100 262 137.644974 0.000000 1000.000000 0.334881 139.167267 -1.857179 0.000000 0.000000 0.000000 1.199472
26200 263 136.052200 0.000000 1000.000000 0.521217 135.530991 0.000000 0.000000 0.000000 0.000000 4.707526
26300 264 165.758484 0.000000 1000.000000 1.635505 142.559662 -2.145961 23.709291 0.000000 0.000000 2.875227
26400 265 145.791702 0.000000 1000.000000 0.694268 146.124893 -1.027468 0.000000 0.000000 0.000000 3.504000
26500 266 143.871063 0.000000 1000.000000 1.487375 142.383682 0.000000 0.000000 0.000000 0.000000 2.628103
26600 267 167.299179 0.000000 1000.000000 1.884740 145.637085 -2.004799 21.782145 0.000000 0.000000 2.189953
26700 268 142.044312 0.000000 1000.000000 0.261105 144.556839 -1.099533 -1.674097 0.000000 0.000000 2.897153
26800 269 145.552261 0.000000 1000.000000 1.374643 148.304977 -2.966462 -1.160900 0.000000 0.000000 2.857591
26900 270 131.504822 0.000000 1000.000000 0.482566 131.728897 -0.706636 0.000000 0.000000 0.000000 2.091219
27000 271 147.921661 0.000000 1000.000000 0.857717 148.447235 -1.383284 0.000000 0.000000 0.000000 2.103803
27100 272 146.100143 0.000000 1000.000000 0.722324 147.127563 -1.749742 0.000000 0.000000 0.000000 3.027268
27200 273 132.737564 0.000000 1000.000000 0.412008 133.584351 -1.258785 0.000000 0.000000 0.000000 2.395807
27300 274 138.998611 0.000000 1000.000000 0.396354 139.307327 -0.705060 0.000000 0.000000 0.000000 3.198167
27400 275 140.011398 0.000000 1000.000000 0.631909 140.384201 -1.004709 0.000000 0.000000 0.000000 2.303379
27500 276 145.839203 0.000000 1000.000000 0.575683 149.428818 -4.165306 0.000000 0.000000 0.000000 2.840771
27600 277 159.609100 0.000000 1000.000000 2.284952 158.334671 -1.010528 0.000000 0.000000 0.000000 3.022184
27700 278 155.874329 0.000000 1000.000000 0.887346 154.986984 0.000000 0.000000 0.000000 0.000000 1.504108
27800 279 151.549042 0.000000 1000.000000 2.222442 150.241257 -0.914654 0.000000 0.000000 0.000000 3.658940
27900 280 147.593933 0.000000 1000.000000 0.625124 147.155182 -0.186364 0.000000 0.000000 0.000000 4.412815
28000 281 148.711227 0.000000 1000.000000 0.709935 148.001297 0.000000 0.000000 0.000000 0.000000 4.456068
28100 282 130.234619 0.000000 1000.000000 1.656848 128.577774 0.000000 0.000000 0.000000 0.000000 1.917392
28200 283 134.967331 0.000000 1000.000000 0.277063 136.544098 -1.853831 0.000000 0.000000 0.000000 2.493594
28300 284 149.874664 0.000000 1000.000000 1.048545 149.793549 -0.967429 0.000000 0.000000 0.000000 4.324606
28400 285 140.973755 0.000000 1000.000000 0.503336 142.220093 -1.749678 0.000000 0.000000 0.000000 3.628243
28500 286 147.320557 0.000000 1000.000000 1.830092 145.987366 -0.496899 0.000000 0.000000 0.000000 3.072613
28600 287 147.949524 0.000000 1000.000000 0.711032 148.873047 -1.634555 0.000000 0.000000 0.000000 2.058959
28700 288 138.930405 0.000000 1000.000000 0.351546 146.123138 -3.250611 -4.293668 0.000000 0.000000 1.216399
28800 289 132.219116 0.000000 1000.000000 0.583187 132.523682 -0.887754 0.000000 0.000000 0.000000 2.678854
28900 290 148.219849 0.000000 1000.000000 0.660265 153.146622 -2.841677 -2.745362 0.000000 0.000000 1.761999
29000 291 136.176651 0.000000 1000.000000 1.886755 140.891022 -3.450672 -3.150447 0.000000 0.000000 2.147035
29100 292 123.783676 0.000000 1000.000000 0.345380 131.655151 -3.922455 -4.294405 0.000000 0.000000 1.811678
29200 293 138.304306 0.000000 1000.000000 0.329456 143.332596 -4.408903 -0.948831 0.000000 0.000000 1.141404
29300 294 148.738998 0.000000 1000.000000 0.527499 149.813370 -1.601866 0.000000 0.000000 0.000000 2.330995
29400 295 119.834732 0.000000 1000.000000 1.210175 119.631966 -1.007406 0.000000 0.000000 0.000000 3.250216
29500 296 138.040466 0.000000 1000.000000 1.094725 138.421066 -1.475322 0.000000 0.000000 0.000000 2.359336
29600 297 172.605972 0.000000 1000.000000 2.030646 142.925583 -1.968499 29.618256 0.000000 0.000000 1.899919
29700 298 207.656158 0.000000 1000.000000 1.214945 167.253525 -3.438607 42.626297 0.000000 0.000000 2.707241
29800 299 147.163712 0.000000 1000.000000 0.524734 150.276932 -2.197362 -1.440600 0.000000 0.000000 3.758078
29900 300 147.168442 0.000000 1000.000000 1.082191 148.090210 -2.003945 0.000000 0.000000 0.000000 2.620120
30000 301 157.927994 0.000000 1000.000000 0.640437 142.835541 -3.915836 18.367844 0.000000 0.000000 1.929553
30100 302 114.281509 0.000000 1000.000000 0.244524 122.455742 -4.306345 -4.112412 0.000000 0.000000 1.921230
30200 303 135.716995 0.000000 1000.000000 0.502378 133.520081 -2.681922 4.376453 0.000000 0.000000 2.749466
30300 304 127.796425 0.000000 1000.000000 1.145765 128.098129 -1.447474 0.000000 0.000000 0.000000 5.013748
30400 305 128.113815 0.000000 1000.000000 0.847093 127.994110 -0.727381 0.000000 0.000000 0.000000 2.575202
30500 306 134.646286 0.000000 1000.000000 0.321232 136.818039 -2.492979 0.000000 0.000000 0.000000 1.555298
30600 307 140.980225 0.000000 1000.000000 0.556114 141.331100 -0.906986 0.000000 0.000000 0.000000 2.154904
30700 308 137.552368 0.000000 1000.000000 0.267068 142.901688 -3.280848 -2.335534 0.000000 0.000000 1.147189
30800 309 127.104584 0.000000 1000.000000 0.685199 136.639114 -5.304947 -4.914779 0.000000 0.000000 2.149643
30900 310 145.292038 0.000000 1000.000000 1.096939 145.919159 -1.724061 0.000000 0.000000 0.000000 1.534003
31000 311 142.154175 0.000000 1000.000000 0.341424 144.230423 -2.417680 0.000000 0.000000 0.000000 3.986562
31100 312 130.636185 0.000000 1000.000000 0.827632 131.116486 -1.307937 0.000000 0.000000 0.000000 2.549741
31200 313 154.765274 0.000000 1000.000000 0.872457 136.600769 -4.089152 21.381207 0.000000 0.000000 1.719004
31300 314 145.770309 0.000000 1000.000000 2.009481 143.801208 -0.040368 0.000000 0.000000 0.000000 2.160095
31400 315 127.646744 0.000000 1000.000000 0.576165 130.202393 -3.131824 0.000000 0.000000 0.000000 4.391769
31500 316 129.067093 0.000000 1000.000000 0.554123 127.694527 -1.709688 2.528143 0.000000 0.000000 2.443599
31600 317 131.947845 0.000000 1000.000000 0.561466 134.805954 -3.330644 -0.088929 0.000000 0.000000 3.026360
31700 318 142.660004 0.000000 1000.000000 0.416686 146.752380 -4.509057 0.000000 0.000000 0.000000 1.395654
31800 319 139.076935 0.000000 1000.000000 0.420415 155.036758 -7.038767 -9.341454 0.000000 0.000000 0.564815
31900 320 135.272247 0.000000 1000.000000 0.098135 149.233887 -4.513582 -9.546182 0.000000 0.000000 1.252714
32000 321 127.310905 0.000000 1000.000000 0.592821 128.128082 -1.409998 0.000000 0.000000 0.000000 2.483168
32100 322 132.471909 0.000000 1000.000000 0.860441 133.371460 -1.759988 0.000000 0.000000 0.000000 1.606683
32200 323 139.913330 0.000000 1000.000000 0.385115 142.588165 -3.119631 0.059676 0.000000 0.000000 1.388248
32300 324 160.367874 0.000000 1000.000000 1.168039 143.107574 -3.126660 19.218918 0.000000 0.000000 1.911178
32400 325 138.145081 0.000000 1000.000000 0.338768 138.077789 -3.655253 3.383792 0.000000 0.000000 1.348745
32500 326 132.610107 0.000000 1000.000000 0.670551 133.351074 -1.411520 0.000000 0.000000 0.000000 4.152119
32600 327 107.538513 0.000000 1000.000000 0.185787 113.151695 -2.098649 -3.700323 0.000000 0.000000 4.368300
32700 328 128.975983 0.000000 1000.000000 0.275316 130.780136 -3.544553 1.465085 0.000000 0.000000 3.037591
32800 329 130.439545 0.000000 1000.000000 0.809466 130.857529 -1.227445 0.000000 0.000000 0.000000 1.805032
32900 330 140.803543 0.000000 1000.000000 0.493720 148.664932 -3.307049 -5.048048 0.000000 0.000000 2.140249
33000 331 127.684677 0.000000 1000.000000 0.371571 127.313103 0.000000 0.000000 0.000000 0.000000 1.045348
33100 332 136.822510 0.000000 1000.000000 0.356319 139.666382 -3.200197 0.000000 0.000000 0.000000 2.085592
33200 333 137.491104 0.000000 1000.000000 0.251139 140.470352 -3.230396 0.000000 0.000000 0.000000 1.071743
33300 334 158.175735 0.000000 1000.000000 0.745983 124.114410 -3.536265 36.851604 0.000000 0.000000 1.848043
33400 335 162.839767 0.000000 1000.000000 0.744961 150.153351 -4.110198 16.051645 0.000000 0.000000 1.671649
33500 336 125.414970 0.000000 1000.000000 0.721847 125.960472 -1.267351 0.000000 0.000000 0.000000 3.949306
33600 337 114.334007 0.000000 1000.000000 0.381403 122.077682 -3.414706 -4.710373 0.000000 0.000000 2.029665
33700 338 120.669418 0.000000 1000.000000 1.005609 125.834785 -3.545015 -2.625962 0.000000 0.000000 1.578323
33800 339 152.981705 0.000000 1000.000000 0.836129 153.445923 -1.300347 0.000000 0.000000 0.000000 2.158841
33900 340 139.458038 0.000000 1000.000000 3.561486 130.009567 -4.123439 10.010422 0.000000 0.000000 1.313180
34000 341 131.263092 0.000000 1000.000000 0.948737 130.762863 -0.448495 0.000000 0.000000 0.000000 3.434681
34100 342 114.377914 0.000000 1000.000000 0.416402 127.264511 -4.607989 -8.695011 0.000000 0.000000 1.612085
34200 343 136.884155 0.000000 1000.000000 0.267578 138.259323 -1.642741 0.000000 0.000000 0.000000 3.849556
34300 344 138.110931 0.000000 1000.000000 0.218243 142.066284 -3.589374 -0.584236 0.000000 0.000000 1.284665
34400 345 126.041138 0.000000 1000.000000 0.807672 126.195328 -0.961861 0.000000 0.000000 0.000000 1.683060
34500 346 116.086540 0.000000 1000.000000 0.186767 116.785942 -0.886166 0.000000 0.000000 0.000000 1.746745
34600 347 127.724747 0.000000 1000.000000 0.592722 128.938950 -1.806932 0.000000 0.000000 0.000000 3.177007
34700 348 164.778519 0.000000 1000.000000 0.547884 147.690811 -1.765588 18.305414 0.000000 0.000000 1.488335
34800 349 124.600166 0.000000 1000.000000 0.250456 134.565170 -2.794033 -7.421422 0.000000 0.000000 2.290460
34900 350 147.366531 0.000000 1000.000000 0.878163 152.841537 -3.494156 -2.859008 0.000000 0.000000 2.081677
35000 351 133.237747 0.000000 1000.000000 0.141962 137.080765 -1.888658 -2.096332 0.000000 0.000000 2.287521
35100 352 141.237671 0.000000 1000.000000 0.836786 142.645798 -2.244916 0.000000 0.000000 0.000000 2.322852
35200 353 156.649719 0.000000 1000.000000 1.968034 157.038834 -2.357152 0.000000 0.000000 0.000000 2.835948
35300 354 136.755615 0.000000 1000.000000 0.371563 137.340668 -0.956622 0.000000 0.000000 0.000000 3.861171
35400 355 131.837357 0.000000 1000.000000 1.639621 136.220825 -2.762894 -3.260193 0.000000 0.000000 2.149943
35500 356 149.250320 0.000000 1000.000000 0.484527 149.464386 -0.698588 0.000000 0.000000 0.000000 1.621347
35600 357 146.866196 0.000000 1000.000000 0.701901 153.978516 -3.679258 -4.134961 0.000000 0.000000 1.880794
35700 358 140.266190 0.000000 1000.000000 0.320351 151.339722 -5.323461 -6.070429 0.000000 0.000000 1.167855
35800 359 151.998978 0.000000 1000.000000 0.690114 158.365524 -2.595810 -4.460853 0.000000 0.000000 2.165089
35900 360 135.188217 0.000000 1000.000000 0.368863 135.085999 -0.266649 0.000000 0.000000 0.000000 1.808202
36000 361 143.164917 0.000000 1000.000000 1.780009 143.845825 -2.460926 0.000000 0.000000 0.000000 1.645988
36100 362 158.678894 0.000000 1000.000000 0.945363 158.920959 -1.187420 0.000000 0.000000 0.000000 3.146797
36200 363 137.324280 0.000000 1000.000000 0.092480 146.723740 -3.631740 -5.860199 0.000000 0.000000 1.643390
36300 364 143.587753 0.000000 1000.000000 0.620406 145.100906 -2.133564 0.000000 0.000000 0.000000 1.685865
36400 365 203.906403 0.000000 1000.000000 1.046492 135.701385 -4.835129 71.993645 0.000000 0.000000 0.855510
36500 366 143.047241 0.000000 1000.000000 1.607952 142.914291 -1.475005 0.000000 0.000000 0.000000 1.459018
36600 367 158.161209 0.000000 1000.000000 0.908162 158.596832 -1.343780 0.000000 0.000000 0.000000 1.481310
36700 368 195.533752 0.000000 1000.000000 1.211794 131.783081 -5.414125 67.953011 0.000000 0.000000 1.002204
36800 369 130.555893 0.000000 1000.000000 0.987755 134.761017 -3.652977 -1.539910 0.000000 0.000000 0.805365
36900 370 140.695999 0.000000 1000.000000 4.296482 137.225220 -0.825699 0.000000 0.000000 0.000000 1.485437
37000 371 153.146149 0.000000 1000.000000 1.372257 157.203033 -2.816419 -2.612714 0.000000 0.000000 1.945044
37100 372 140.469009 0.000000 1000.000000 0.354075 148.876907 -4.402417 -4.359562 0.000000 0.000000 1.352561
37200 373 140.267090 0.000000 1000.000000 0.811565 127.888405 -2.422455 13.989577 0.000000 0.000000 2.617246
37300 374 125.305878 0.000000 1000.000000 0.598341 133.746063 -3.799392 -5.239133 0.000000 0.000000 2.635953
37400 375 134.544830 0.000000 1000.000000 2.168895 132.420029 -0.044097 0.000000 0.000000 0.000000 3.956984
37500 376 139.135544 0.000000 1000.000000 4.895456 135.981064 -1.740989 0.000000 0.000000 0.000000 3.452368
37600 377 155.920990 0.000000 1000.000000 0.841859 156.604889 -1.525760 0.000000 0.000000 0.000000 2.650738
37700 378 126.385788 0.000000 1000.000000 2.040768 125.300316 -0.955291 0.000000 0.000000 0.000000 2.616911
37800 379 125.408798 0.000000 1000.000000 0.296262 135.021988 -2.700212 -7.209242 0.000000 0.000000 2.118441
37900 380 118.806770 0.000000 1000.000000 0.300107 120.005928 -1.499268 0.000000 0.000000 0.000000 2.571466
38000 381 135.293655 0.000000 1000.000000 0.720805 136.495239 -1.922400 0.000000 0.000000 0.000000 3.815537
38100 382 149.233246 0.000000 1000.000000 1.990884 148.305679 -1.063326 0.000000 0.000000 0.000000 4.970728
38200 383 143.797272 0.000000 1000.000000 0.784720 143.012558 0.000000 0.000000 0.000000 0.000000 4.380801
38300 384 136.877350 0.000000 1000.000000 0.898578 135.978775 0.000000 0.000000 0.000000 0.000000 3.822143
38400 385 139.944733 0.000000 1000.000000 0.808595 137.404419 -2.348234 4.079960 0.000000 0.000000 2.793529
38500 386 139.617630 0.000000 1000.000000 1.048483 139.497116 -0.927967 0.000000 0.000000 0.000000 2.356961
38600 387 147.513260 0.000000 1000.000000 0.576128 146.937134 0.000000 0.000000 0.000000 0.000000 3.904984
38700 388 148.861084 0.000000 1000.000000 1.706745 147.154343 0.000000 0.000000 0.000000 0.000000 3.602550
38800 389 128.383789 0.000000 1000.000000 0.380997 131.857132 -2.015222 -1.839104 0.000000 0.000000 3.595314
38900 390 150.154922 0.000000 1000.000000 0.468656 149.686264 0.000000 0.000000 0.000000 0.000000 2.087523
39000 391 142.994171 0.000000 1000.000000 0.410505 142.583664 0.000000 0.000000 0.000000 0.000000 2.286174
39100 392 128.036484 0.000000 1000.000000 0.326587 128.714554 -1.004654 0.000000 0.000000 0.000000 2.402919
39200 393 139.024963 0.000000 1000.000000 1.092116 138.034805 -0.101963 0.000000 0.000000 0.000000 3.946768
39300 394 139.983643 0.000000 1000.000000 2.510229 137.815872 -0.342447 0.000000 0.000000 0.000000 1.836338
39400 395 141.117355 0.000000 1000.000000 0.617146 140.500214 0.000000 0.000000 0.000000 0.000000 2.216542
39500 396 127.254242 0.000000 1000.000000 0.828220 127.764015 -1.338001 0.000000 0.000000 0.000000 1.080833
39600 397 128.398148 0.000000 1000.000000 1.025203 128.772781 -1.399838 0.000000 0.000000 0.000000 1.944918
39700 398 123.305832 0.000000 1000.000000 0.680810 126.996033 -2.265038 -2.105971 0.000000 0.000000 3.368082
39800 399 138.297089 0.000000 1000.000000 0.509684 138.737869 -0.950463 0.000000 0.000000 0.000000 2.747274
39900 400 152.098373 0.000000 1000.000000 0.636703 152.080490 -0.618819 0.000000 0.000000 0.000000 1.991417
40000 401 135.854721 0.000000 1000.000000 0.622473 135.653442 -2.836602 2.415413 0.000000 0.000000 1.517583
40100 402 143.810089 0.000000 1000.000000 0.610959 144.827835 -1.628703 0.000000 0.000000 0.000000 2.341614
40200 403 168.037598 0.000000 1000.000000 0.470648 150.551086 -3.595177 20.611061 0.000000 0.000000 0.927308
40300 404 143.385376 0.000000 1000.000000 0.255839 143.129532 0.000000 0.000000 0.000000 0.000000 1.719771
40400 405 135.190475 0.000000 1000.000000 2.144303 135.552063 -2.505885 0.000000 0.000000 0.000000 1.304186
40500 406 151.557053 0.000000 1000.000000 1.921081 149.635971 0.000000 0.000000 0.000000 0.000000 4.473727
40600 407 149.270370 0.000000 1000.000000 1.938532 147.331833 0.000000 0.000000 0.000000 0.000000 2.318664
40700 408 149.535904 0.000000 1000.000000 0.664521 123.111542 -5.368627 31.128468 0.000000 0.000000 0.787960
40800 409 133.622681 0.000000 1000.000000 0.313422 136.718704 -3.409437 0.000000 0.000000 0.000000 1.544971
40900 410 144.781738 0.000000 1000.000000 0.735711 135.400909 -6.509757 15.154859 0.000000 0.000000 0.605967
41000 411 137.739304 0.000000 1000.000000 0.531093 138.571503 -1.363293 0.000000 0.000000 0.000000 1.407444
41100 412 183.081009 0.000000 1000.000000 1.610207 150.782669 -4.157369 34.845486 0.000000 0.000000 2.701974
41200 413 127.044060 0.000000 1000.000000 0.224918 129.196213 -2.377070 0.000000 0.000000 0.000000 1.030372
41300 414 140.088898 0.000000 1000.000000 1.178342 140.490311 -1.579764 0.000000 0.000000 0.000000 1.771916
41400 415 122.651398 0.000000 1000.000000 1.552951 123.787659 -2.576281 -0.112932 0.000000 0.000000 1.771638
41500 416 107.027870 0.000000 1000.000000 0.417851 122.757454 -5.687467 -10.459968 0.000000 0.000000 2.354702
41600 417 126.259827 0.000000 1000.000000 0.148883 133.622284 -2.330484 -5.180847 0.000000 0.000000 3.047225
41700 418 119.160103 0.000000 1000.000000 1.176158 119.230896 -3.674079 2.427132 0.000000 0.000000 1.134812
41800 419 135.366714 0.000000 1000.000000 1.668495 135.101959 -1.403737 0.000000 0.000000 0.000000 2.578216
41900 420 137.871460 0.000000 1000.000000 0.683447 143.815628 -2.061999 -4.565607 0.000000 0.000000 2.283893
42000 421 119.339745 0.000000 1000.000000 0.454852 125.119286 -1.598657 -4.635737 0.000000 0.000000 2.702253
42100 422 147.917679 0.000000 1000.000000 0.955231 147.944092 -0.981642 0.000000 0.000000 0.000000 3.958597
42200 423 144.946884 0.000000 1000.000000 0.453089 144.558304 -0.064520 0.000000 0.000000 0.000000 3.784175
42300 424 150.100082 0.000000 1000.000000 0.985212 150.065109 -0.950238 0.000000 0.000000 0.000000 4.393476
42400 425 153.030441 0.000000 1000.000000 0.440014 152.878586 -0.288169 0.000000 0.000000 0.000000 3.419404
42500 426 139.122711 0.000000 1000.000000 0.607187 138.515518 0.000000 0.000000 0.000000 0.000000 3.540938
42600 427 131.648514 0.000000 1000.000000 0.522905 132.954193 -1.828586 0.000000 0.000000 0.000000 4.829711
42700 428 118.229858 0.000000 1000.000000 0.358762 124.227417 -3.242986 -3.113335 0.000000 0.000000 2.601300
42800 429 142.459305 0.000000 1000.000000 0.322353 144.797394 -2.660448 0.000000 0.000000 0.000000 3.031423
42900 430 162.246841 0.000000 1000.000000 1.336573 162.820419 -1.910160 0.000000 0.000000 0.000000 2.912258
43000 431 135.634750 0.000000 1000.000000 0.261004 136.498032 -1.124277 0.000000 0.000000 0.000000 3.627998
43100 432 158.696899 0.000000 1000.000000 0.594808 159.274384 -1.172293 0.000000 0.000000 0.000000 2.934039
43200 433 161.404480 0.000000 1000.000000 0.579334 161.528473 -0.703326 0.000000 0.000000 0.000000 3.816647
43300 434 249.350494 0.000000 1000.000000 1.915726 129.083786 -1.909686 120.260666 0.000000 0.000000 2.228894
43400 435 145.954102 0.000000 1000.000000 0.301740 154.140350 -4.690218 -3.797769 0.000000 0.000000 1.899842
43500 436 134.985153 0.000000 1000.000000 0.639760 134.345398 0.000000 0.000000 0.000000 0.000000 2.945035
43600 437 143.386078 0.000000 1000.000000 0.215197 146.074326 -2.903442 0.000000 0.000000 0.000000 1.692396
43700 438 140.247101 0.000000 1000.000000 0.769548 139.477554 0.000000 0.000000 0.000000 0.000000 2.594899
43800 439 127.560226 0.000000 1000.000000 0.674144 128.771057 -1.884976 0.000000 0.000000 0.000000 2.034533
43900 440 132.364761 0.000000 1000.000000 0.293227 132.178070 -0.106534 0.000000 0.000000 0.000000 3.416638
44000 441 143.974091 0.000000 1000.000000 0.366550 143.680954 -0.073403 0.000000 0.000000 0.000000 2.533345
44100 442 133.185883 0.000000 1000.000000 1.036263 129.504364 -4.291904 6.937151 0.000000 0.000000 1.551752
44200 443 120.778641 0.000000 1000.000000 0.337328 125.969185 -2.491215 -3.036649 0.000000 0.000000 1.053031
44300 444 126.184952 0.000000 1000.000000 0.128681 127.560951 -1.504673 0.000000 0.000000 0.000000 2.985403
44400 445 129.941620 0.000000 1000.000000 0.583080 134.040329 -4.565130 -0.116664 0.000000 0.000000 1.580439
44500 446 128.015732 0.000000 1000.000000 0.581900 136.031815 -3.683405 -4.914571 0.000000 0.000000 1.230231
44600 447 144.164917 0.000000 1000.000000 0.301491 153.720139 -4.435038 -5.421670 0.000000 0.000000 2.607473
44700 448 133.630508 0.000000 1000.000000 0.212112 145.378967 -4.823209 -7.137364 0.000000 0.000000 1.184672
44800 449 144.709625 0.000000 1000.000000 0.550983 145.281494 -1.122849 0.000000 0.000000 0.000000 2.085644
44900 450 144.650055 0.000000 1000.000000 0.473854 145.439362 -1.263168 0.000000 0.000000 0.000000 2.010648
45000 451 131.754730 0.000000 1000.000000 0.275563 132.554764 -1.075599 0.000000 0.000000 0.000000 1.996089
45100 452 134.907211 0.000000 1000.000000 0.300318 132.302933 -2.305726 4.609683 0.000000 0.000000 2.008215
45200 453 149.507278 0.000000 1000.000000 0.944075 151.808517 -3.556648 0.311331 0.000000 0.000000 2.983904
45300 454 160.866760 0.000000 1000.000000 0.741472 137.613098 -5.162811 27.675003 0.000000 0.000000 3.394819
45400 455 133.651672 0.000000 1000.000000 0.501898 134.812149 -3.270465 1.608099 0.000000 0.000000 2.416352
45500 456 125.477242 0.000000 1000.000000 0.343725 125.822815 -0.689301 0.000000 0.000000 0.000000 2.495242
45600 457 137.056885 0.000000 1000.000000 0.410885 137.138763 -0.492762 0.000000 0.000000 0.000000 2.127092
45700 458 133.367645 0.000000 1000.000000 0.322752 133.184967 -0.140082 0.000000 0.000000 0.000000 5.791727
45800 459 137.155838 0.000000 1000.000000 0.225664 137.595825 -0.665642 0.000000 0.000000 0.000000 3.012947
45900 460 127.233551 0.000000 1000.000000 0.424262 130.660110 -2.187664 -1.663147 0.000000 0.000000 2.911247
46000 461 122.985733 0.000000 1000.000000 1.316695 128.643585 -1.605987 -5.368565 0.000000 0.000000 3.221134
46100 462 162.163437 0.000000 1000.000000 1.336728 161.694290 -0.867590 0.000000 0.000000 0.000000 2.236835
46200 463 175.242462 0.000000 1000.000000 0.781538 182.124252 -1.586426 -6.076905 0.000000 0.000000 4.046764
46300 464 147.357697 0.000000 1000.000000 0.480756 150.142380 -2.929164 -0.336275 0.000000 0.000000 3.011349
46400 465 144.442001 0.000000 1000.000000 1.571555 144.226212 -1.355765 0.000000 0.000000 0.000000 3.446077
46500 466 139.341827 0.000000 1000.000000 0.983784 144.609238 -2.136809 -4.114376 0.000000 0.000000 1.611569
46600 467 156.015594 0.000000 1000.000000 0.535979 160.961731 -1.830438 -3.651667 0.000000 0.000000 2.254042
46700 468 177.870514 0.000000 1000.000000 0.726695 138.189697 -2.031463 40.985573 0.000000 0.000000 2.973653
46800 469 150.729248 0.000000 1000.000000 1.947820 150.731293 -1.949856 0.000000 0.000000 0.000000 5.591553
46900 470 135.861176 0.000000 1000.000000 1.053054 135.524414 -0.716292 0.000000 0.000000 0.000000 6.539973
47000 471 133.025208 0.000000 1000.000000 1.385652 137.084763 -2.156130 -3.289085 0.000000 0.000000 3.095427
47100 472 119.452362 0.000000 1000.000000 0.687542 124.795830 -2.887108 -3.143897 0.000000 0.000000 3.108140
47200 473 135.449738 0.000000 1000.000000 0.827131 137.119461 -2.496863 0.000000 0.000000 0.000000 2.344707
47300 474 131.630783 0.000000 1000.000000 0.489968 129.397217 -2.939289 4.682870 0.000000 0.000000 2.231779
47400 475 132.942825 0.000000 1000.000000 0.362245 136.365143 -1.260658 -2.523916 0.000000 0.000000 3.552794
47500 476 150.307526 0.000000 1000.000000 0.576641 151.294846 -1.563963 0.000000 0.000000 0.000000 5.120306
47600 477 145.668533 0.000000 1000.000000 0.347063 150.422623 -2.396840 -2.704321 0.000000 0.000000 2.132738
47700 478 142.557465 0.000000 1000.000000 0.926449 138.532883 -2.347574 5.445716 0.000000 0.000000 1.828392
47800 479 274.976685 0.000000 1000.000000 1.748488 144.881668 -2.417593 130.764099 0.000000 0.000000 2.069069
47900 480 151.863922 0.000000 1000.000000 0.378626 153.838013 -2.352728 0.000000 0.000000 0.000000 1.410752
48000 481 147.392609 0.000000 1000.000000 0.613331 136.755539 -3.958815 13.982563 0.000000 0.000000 1.434555
48100 482 100.268303 0.000000 1000.000000 1.114416 117.524010 -6.221963 -12.148164 0.000000 0.000000 2.073776
48200 483 129.057968 0.000000 1000.000000 0.693476 129.295059 -0.930577 0.000000 0.000000 0.000000 2.806398
48300 484 125.290550 0.000000 1000.000000 0.307988 133.955383 -5.864535 -3.108287 0.000000 0.000000 1.701433
48400 485 146.421448 0.000000 1000.000000 0.950176 145.471268 0.000000 0.000000 0.000000 0.000000 1.169878
48500 486 124.481850 0.000000 1000.000000 0.672582 128.014648 -4.205378 0.000000 0.000000 0.000000 2.143086
48600 487 121.375763 0.000000 1000.000000 0.307946 127.873497 -2.112010 -4.693673 0.000000 0.000000 3.544090
48700 488 145.919128 0.000000 1000.000000 0.935668 146.358139 -1.374674 0.000000 0.000000 0.000000 1.371674
48800 489 139.104965 0.000000 1000.000000 0.468950 142.860870 -4.224858 0.000000 0.000000 0.000000 1.599663
48900 490 143.031250 0.000000 1000.000000 1.172995 139.011841 -3.998693 6.845102 0.000000 0.000000 1.003023
49000 491 120.921524 0.000000 1000.000000 0.384510 133.501617 -6.629073 -6.335525 0.000000 0.000000 0.579917
49100 492 130.237793 0.000000 1000.000000 0.165760 132.648209 -2.576169 0.000000 0.000000 0.000000 1.424827
49200 493 177.378052 0.000000 1000.000000 1.451859 135.223541 -2.848867 43.551521 0.000000 0.000000 1.594863
49300 494 173.395599 0.000000 1000.000000 1.093803 144.457397 -5.692903 33.537304 0.000000 0.000000 1.114900
49400 495 152.495224 0.000000 1000.000000 1.178833 149.711365 -2.687477 4.292498 0.000000 0.000000 1.744454
49500 496 123.063644 0.000000 1000.000000 0.282693 123.701485 -0.920532 0.000000 0.000000 0.000000 3.928498
49600 497 138.487350 0.000000 1000.000000 0.403240 143.346207 -3.817317 -1.444785 0.000000 0.000000 3.109884
49700 498 183.776855 0.000000 1000.000000 0.947511 135.983337 -3.971487 50.817490 0.000000 0.000000 2.214138
49800 499 135.250198 0.000000 1000.000000 0.962874 139.160751 -3.187514 -1.685908 0.000000 0.000000 2.729714
49900 500 118.496880 0.000000 1000.000000 0.278692 130.995758 -4.599057 -8.178505 0.000000 0.000000 1.864465
50000 501 151.800980 0.000000 1000.000000 0.324917 152.949539 -1.473475 0.000000 0.000000 0.000000 3.231555
