1 1 197.668076 0.000000 1000.000000 0.130327 203.221161 -0.357672 -5.325750 0.000000 0.000000 16.608965
100 2 173.792984 0.000000 1000.000000 0.324235 173.468750 0.000000 0.000000 0.000000 0.000000 6.616191
200 3 161.722031 0.000000 1000.000000 0.622863 161.355713 -0.256545 0.000000 0.000000 0.000000 6.447741
300 4 143.418594 0.000000 1000.000000 0.906414 143.209030 -0.696858 0.000000 0.000000 0.000000 5.952121
400 5 146.453796 0.000000 1000.000000 0.831795 145.621994 0.000000 0.000000 0.000000 0.000000 4.171521
500 6 160.273499 0.000000 1000.000000 0.527774 159.991089 -0.245364 0.000000 0.000000 0.000000 7.251560
600 7 153.434235 0.000000 1000.000000 0.443559 153.140549 -0.149878 0.000000 0.000000 0.000000 8.251852
700 8 150.080811 0.000000 1000.000000 0.341947 151.845215 -0.854169 -1.252187 0.000000 0.000000 3.485428
800 9 153.924576 0.000000 1000.000000 2.972923 152.323563 -1.371900 0.000000 0.000000 0.000000 3.792421
900 10 143.925568 0.000000 1000.000000 0.210091 145.946671 -2.231196 0.000000 0.000000 0.000000 2.832225
1000 11 163.267502 0.000000 1000.000000 0.741484 163.371658 -0.845642 0.000000 0.000000 0.000000 5.448432
1100 12 137.360458 0.000000 1000.000000 0.884263 136.749954 -0.273761 0.000000 0.000000 0.000000 3.820873
1200 13 165.177902 0.000000 1000.000000 0.298624 164.879272 0.000000 0.000000 0.000000 0.000000 3.410450
1300 14 146.287979 0.000000 1000.000000 0.278637 146.009338 0.000000 0.000000 0.000000 0.000000 5.380561
1400 15 137.044281 0.000000 1000.000000 2.369635 136.792297 -2.117641 0.000000 0.000000 0.000000 2.360768
1500 16 146.886749 0.000000 1000.000000 0.904277 147.505402 -1.522933 0.000000 0.000000 0.000000 2.172673
1600 17 152.037964 0.000000 1000.000000 1.099989 152.217545 -1.279577 0.000000 0.000000 0.000000 2.003847
1700 18 130.913315 0.000000 1000.000000 0.308283 131.810226 -1.205206 0.000000 0.000000 0.000000 1.027266
1800 19 137.559036 0.000000 1000.000000 0.625487 140.881622 -3.948070 0.000000 0.000000 0.000000 1.700754
1900 20 133.870300 0.000000 1000.000000 0.367979 134.551941 -1.049616 0.000000 0.000000 0.000000 1.561607
2000 21 127.659012 0.000000 1000.000000 0.705080 126.953934 0.000000 0.000000 0.000000 0.000000 3.088894
2100 22 135.771255 0.000000 1000.000000 0.577198 137.468964 -2.274899 0.000000 0.000000 0.000000 1.511815
2200 23 138.722458 0.000000 1000.000000 0.731587 139.212753 -1.221881 0.000000 0.000000 0.000000 2.461859
2300 24 154.904922 0.000000 1000.000000 1.473793 156.823288 -3.392145 0.000000 0.000000 0.000000 3.144088
2400 25 147.237732 0.000000 1000.000000 2.150389 146.910278 -1.822939 0.000000 0.000000 0.000000 1.537264
2500 26 143.119263 0.000000 1000.000000 1.457716 142.692215 -1.030664 0.000000 0.000000 0.000000 0.904996
2600 27 120.505852 0.000000 1000.000000 0.545704 127.525078 -3.705503 -3.859431 0.000000 0.000000 1.231536
2700 28 129.272430 0.000000 1000.000000 0.264839 131.884933 -2.877348 0.000000 0.000000 0.000000 1.293691
2800 29 134.445053 0.000000 1000.000000 0.620166 134.896362 -1.071472 0.000000 0.000000 0.000000 1.665212
2900 30 131.537033 0.000000 1000.000000 0.487682 133.961685 -2.912335 0.000000 0.000000 0.000000 2.792141
3000 31 162.752472 0.000000 1000.000000 0.574629 163.335953 -1.158114 0.000000 0.000000 0.000000 3.730246
3100 32 125.485046 0.000000 1000.000000 0.304574 127.304924 -2.124448 0.000000 0.000000 0.000000 1.376497
3200 33 132.954834 0.000000 1000.000000 0.606798 132.576096 -0.228056 0.000000 0.000000 0.000000 4.253330
3300 34 141.361465 0.000000 1000.000000 1.185593 141.609985 -1.434114 0.000000 0.000000 0.000000 2.284587
3400 35 148.253830 0.000000 1000.000000 1.761187 147.764343 -1.271702 0.000000 0.000000 0.000000 1.554266
3500 36 142.277817 0.000000 1000.000000 1.727920 143.586319 -3.036418 0.000000 0.000000 0.000000 2.436526
3600 37 162.963745 0.000000 1000.000000 1.341545 167.629227 -3.028062 -2.978965 0.000000 0.000000 3.308169
3700 38 131.747162 0.000000 1000.000000 0.253511 134.526825 -3.033171 0.000000 0.000000 0.000000 1.025189
3800 39 139.786575 0.000000 1000.000000 0.634654 136.649994 -2.814484 5.316404 0.000000 0.000000 1.370192
3900 40 117.666435 0.000000 1000.000000 0.470461 124.138588 -2.310809 -4.631805 0.000000 0.000000 2.092206
4000 41 120.106895 0.000000 1000.000000 0.756437 121.735596 -2.385137 0.000000 0.000000 0.000000 3.622519
4100 42 131.697311 0.000000 1000.000000 0.639017 133.428925 -2.370638 0.000000 0.000000 0.000000 1.094564
4200 43 128.022873 0.000000 1000.000000 0.240814 138.337494 -3.849695 -6.705734 0.000000 0.000000 1.890130
4300 44 132.796707 0.000000 1000.000000 1.191100 133.801788 -2.196186 0.000000 0.000000 0.000000 2.144375
4400 45 126.022194 0.000000 1000.000000 1.917579 125.024178 -0.919563 0.000000 0.000000 0.000000 2.158214
4500 46 144.873566 0.000000 1000.000000 1.307913 145.057693 -1.492038 0.000000 0.000000 0.000000 1.212702
4600 47 124.213654 0.000000 1000.000000 0.471592 140.477783 -6.725659 -10.010052 0.000000 0.000000 0.818920
4700 48 131.629745 0.000000 1000.000000 0.345448 135.128998 -3.844694 0.000000 0.000000 0.000000 1.348975
4800 49 122.478516 0.000000 1000.000000 0.386882 122.932259 -0.840618 0.000000 0.000000 0.000000 1.842617
4900 50 127.309860 0.000000 1000.000000 0.466190 129.203781 -2.360110 0.000000 0.000000 0.000000 1.486794
5000 51 115.498428 0.000000 1000.000000 0.231812 128.864807 -4.664858 -8.933337 0.000000 0.000000 0.930490
5100 52 141.679855 0.000000 1000.000000 0.542294 147.262299 -2.442281 -3.682460 0.000000 0.000000 0.811642
5200 53 116.396057 0.000000 1000.000000 0.417636 125.463661 -5.407629 -4.077609 0.000000 0.000000 0.738828
5300 54 130.247543 0.000000 1000.000000 0.748659 130.556656 -6.091904 5.034136 0.000000 0.000000 0.715467
5400 55 148.662689 0.000000 1000.000000 0.242324 152.102524 -3.682167 0.000000 0.000000 0.000000 2.432510
5500 56 140.578674 0.000000 1000.000000 0.274435 141.003006 -0.698764 0.000000 0.000000 0.000000 1.406157
5600 57 132.067001 0.000000 1000.000000 1.658052 133.116821 -2.707875 0.000000 0.000000 0.000000 1.966522
5700 58 148.852722 0.000000 1000.000000 0.644368 149.478851 -1.270494 0.000000 0.000000 0.000000 1.357985
5800 59 156.551758 0.000000 1000.000000 1.420680 155.764404 -0.633325 0.000000 0.000000 0.000000 1.935948
5900 60 151.681061 0.000000 1000.000000 2.760732 150.682785 -1.762456 0.000000 0.000000 0.000000 2.872962
6000 61 152.077789 0.000000 1000.000000 0.759936 156.907303 -3.242900 -2.346537 0.000000 0.000000 2.039094
6100 62 148.080200 0.000000 1000.000000 1.788697 157.068802 -4.347857 -6.429436 0.000000 0.000000 1.525531
6200 63 154.529495 0.000000 1000.000000 0.453929 155.408401 -1.332834 0.000000 0.000000 0.000000 3.104266
6300 64 132.727371 0.000000 1000.000000 0.241954 147.030396 -6.647074 -7.897900 0.000000 0.000000 2.261112
6400 65 148.289551 0.000000 1000.000000 0.562721 150.655151 -2.928308 0.000000 0.000000 0.000000 4.507870
6500 66 145.118240 0.000000 1000.000000 0.521249 147.371414 -2.774428 0.000000 0.000000 0.000000 2.369601
6600 67 137.590057 0.000000 1000.000000 1.454123 137.723724 -1.587791 0.000000 0.000000 0.000000 4.928885
6700 68 138.223053 0.000000 1000.000000 0.447423 140.478439 -2.702799 0.000000 0.000000 0.000000 3.434955
6800 69 163.652435 0.000000 1000.000000 0.914563 153.689072 -4.392357 13.441158 0.000000 0.000000 2.495827
6900 70 148.394958 0.000000 1000.000000 0.385971 151.945892 -3.936899 0.000000 0.000000 0.000000 2.018922
7000 71 143.377258 0.000000 1000.000000 0.599968 142.777283 0.000000 0.000000 0.000000 0.000000 3.654251
7100 72 195.585938 0.000000 1000.000000 1.988552 151.999893 -4.151317 45.748810 0.000000 0.000000 1.921912
7200 73 154.578705 0.000000 1000.000000 0.687945 159.367676 -3.075504 -2.401410 0.000000 0.000000 2.300212
7300 74 136.964279 0.000000 1000.000000 0.133490 139.576538 -2.745744 0.000000 0.000000 0.000000 1.559949
7400 75 142.624191 0.000000 1000.000000 1.336444 143.372238 -2.084481 0.000000 0.000000 0.000000 1.738317
7500 76 133.108124 0.000000 1000.000000 0.318180 138.068176 -3.765052 -1.513178 0.000000 0.000000 2.345210
7600 77 159.897369 0.000000 1000.000000 1.693626 160.612823 -2.409076 0.000000 0.000000 0.000000 2.494240
7700 78 153.667282 0.000000 1000.000000 0.460528 154.729279 -1.522528 0.000000 0.000000 0.000000 2.741058
7800 79 142.558136 0.000000 1000.000000 0.937026 143.329224 -1.708108 0.000000 0.000000 0.000000 3.540141
7900 80 152.327988 0.000000 1000.000000 0.250231 154.593002 -2.515238 0.000000 0.000000 0.000000 2.780786
8000 81 122.942497 0.000000 1000.000000 0.380423 131.233673 -4.384070 -4.287520 0.000000 0.000000 1.913453
8100 82 140.009644 0.000000 1000.000000 1.836576 141.140762 -0.700875 -2.266811 0.000000 0.000000 3.555996
8200 83 150.477478 0.000000 1000.000000 3.233056 147.398682 -0.154272 0.000000 0.000000 0.000000 4.248752
8300 84 143.067322 0.000000 1000.000000 0.678065 145.398071 -3.008825 0.000000 0.000000 0.000000 2.153729
8400 85 145.814041 0.000000 1000.000000 0.492452 153.669388 -3.053717 -5.294081 0.000000 0.000000 2.168873
8500 86 137.387512 0.000000 1000.000000 0.641799 140.078644 -1.707361 -1.625558 0.000000 0.000000 1.445693
8600 87 121.323662 0.000000 1000.000000 1.305729 131.132812 -3.452503 -7.662379 0.000000 0.000000 2.257369
8700 88 125.283218 0.000000 1000.000000 0.313111 136.490433 -3.582737 -7.937591 0.000000 0.000000 1.943818
8800 89 169.404510 0.000000 1000.000000 1.676208 137.084930 -3.361969 34.005344 0.000000 0.000000 2.500164
8900 90 134.076599 0.000000 1000.000000 0.320187 139.630539 -5.090310 -0.783814 0.000000 0.000000 1.318671
9000 91 157.488846 0.000000 1000.000000 0.752186 156.311279 -6.941120 7.366497 0.000000 0.000000 1.277922
9100 92 164.707397 0.000000 1000.000000 0.420363 167.049866 -2.762830 0.000000 0.000000 0.000000 2.614140
9200 93 146.146820 0.000000 1000.000000 0.530816 153.558990 -4.189349 -3.753653 0.000000 0.000000 2.522128
9300 94 166.791718 0.000000 1000.000000 1.477884 170.108902 -5.031475 0.236411 0.000000 0.000000 2.847950
9400 95 144.679382 0.000000 1000.000000 0.745798 150.831802 -2.037504 -4.860720 0.000000 0.000000 2.363357
9500 96 150.118347 0.000000 1000.000000 1.211341 152.142349 -3.235335 0.000000 0.000000 0.000000 1.875241
9600 97 144.428192 0.000000 1000.000000 0.343647 142.499969 -4.455666 6.040247 0.000000 0.000000 2.201226
9700 98 127.240616 0.000000 1000.000000 0.855559 127.327515 -0.942460 0.000000 0.000000 0.000000 1.890037
9800 99 146.071396 0.000000 1000.000000 1.622337 147.407990 -2.958924 0.000000 0.000000 0.000000 2.789340
9900 100 148.041153 0.000000 1000.000000 1.023686 147.958099 -0.940634 0.000000 0.000000 0.000000 4.045606
10000 101 142.922577 0.000000 1000.000000 0.752052 150.060425 -3.321289 -4.568600 0.000000 0.000000 2.401931
10100 102 127.582352 0.000000 1000.000000 0.628643 126.953705 0.000000 0.000000 0.000000 0.000000 2.572675
10200 103 136.163239 0.000000 1000.000000 0.802272 137.605164 -2.244209 0.000000 0.000000 0.000000 1.909553
10300 104 128.494949 0.000000 1000.000000 0.903543 137.716949 -2.732456 -7.393092 0.000000 0.000000 2.488993
10400 105 152.456390 0.000000 1000.000000 1.805965 150.737000 -0.086572 0.000000 0.000000 0.000000 4.280859
10500 106 164.422287 0.000000 1000.000000 1.114076 148.640427 -3.249362 17.917139 0.000000 0.000000 3.042111
10600 107 151.965790 0.000000 1000.000000 0.783359 152.404114 -1.221683 0.000000 0.000000 0.000000 5.027809
10700 108 154.300858 0.000000 1000.000000 0.689465 154.951096 -1.339700 0.000000 0.000000 0.000000 4.641707
10800 109 127.980675 0.000000 1000.000000 0.546221 132.871429 -3.007099 -2.429881 0.000000 0.000000 2.724654
10900 110 177.334274 0.000000 1000.000000 2.928272 161.947891 -2.774120 15.232234 0.000000 0.000000 3.022481
11000 111 133.075104 0.000000 1000.000000 0.742515 138.069717 -1.287353 -4.449776 0.000000 0.000000 3.816353
11100 112 149.912201 0.000000 1000.000000 0.325592 157.905258 -2.369617 -5.949030 0.000000 0.000000 3.504943
11200 113 138.926819 0.000000 1000.000000 1.149535 138.621063 -0.843779 0.000000 0.000000 0.000000 2.891243
11300 114 149.909637 0.000000 1000.000000 0.993608 150.184464 -1.268425 0.000000 0.000000 0.000000 2.764990
11400 115 275.912689 0.000000 1000.000000 2.191205 142.557693 -4.280871 135.444656 0.000000 0.000000 1.347177
11500 116 163.624680 0.000000 1000.000000 0.488683 165.781906 -2.645903 0.000000 0.000000 0.000000 2.003884
11600 117 161.857773 0.000000 1000.000000 1.158997 161.100998 -0.402224 0.000000 0.000000 0.000000 4.695534
11700 118 146.260544 0.000000 1000.000000 0.984213 151.660339 -2.826023 -3.557976 0.000000 0.000000 2.738563
11800 119 148.585464 0.000000 1000.000000 0.942783 150.172577 -2.529887 0.000000 0.000000 0.000000 2.963049
11900 120 140.844528 0.000000 1000.000000 0.382839 142.969467 -2.507782 0.000000 0.000000 0.000000 2.055276
12000 121 129.336243 0.000000 1000.000000 0.306525 137.317719 -4.094841 -4.193141 0.000000 0.000000 0.998119
12100 122 140.422531 0.000000 1000.000000 0.179399 141.845047 -1.601916 0.000000 0.000000 0.000000 2.336560
12200 123 142.554520 0.000000 1000.000000 0.552839 146.699692 -2.155225 -2.542782 0.000000 0.000000 2.905509
12300 124 140.634521 0.000000 1000.000000 2.347657 145.693878 -3.458237 -3.948770 0.000000 0.000000 0.977200
12400 125 131.093307 0.000000 1000.000000 0.583096 138.307098 -2.392425 -5.404461 0.000000 0.000000 2.094771
12500 126 161.181946 0.000000 1000.000000 0.632956 167.395157 -4.856227 -1.989934 0.000000 0.000000 2.158882
12600 127 137.177429 0.000000 1000.000000 0.444432 137.375626 -0.642624 0.000000 0.000000 0.000000 1.194588
12700 128 182.020859 0.000000 1000.000000 1.032488 146.775284 -3.288844 37.501942 0.000000 0.000000 1.514412
12800 129 164.247864 0.000000 1000.000000 0.540826 156.103317 -3.396577 11.000291 0.000000 0.000000 2.771379
12900 130 134.550125 0.000000 1000.000000 0.306913 135.508835 -1.265632 0.000000 0.000000 0.000000 2.087419
13000 131 144.768280 0.000000 1000.000000 0.422417 148.120300 -3.774442 0.000000 0.000000 0.000000 1.417222
13100 132 148.640030 0.000000 1000.000000 0.277308 155.818619 -4.049622 -3.406275 0.000000 0.000000 2.504673
13200 133 154.076508 0.000000 1000.000000 0.554763 148.868958 -4.707366 9.360149 0.000000 0.000000 1.161239
13300 134 140.600571 0.000000 1000.000000 0.415135 137.498123 -2.498328 5.185637 0.000000 0.000000 1.857345
13400 135 148.915558 0.000000 1000.000000 0.234750 150.377121 -1.696318 0.000000 0.000000 0.000000 1.459885
13500 136 141.371964 0.000000 1000.000000 0.445464 146.929306 -2.420324 -3.582488 0.000000 0.000000 1.154434
13600 137 147.640869 0.000000 1000.000000 0.482775 144.963562 -4.691992 6.886521 0.000000 0.000000 1.828832
13700 138 143.211487 0.000000 1000.000000 0.589505 147.370987 -4.749009 0.000000 0.000000 0.000000 1.463517
13800 139 142.781052 0.000000 1000.000000 0.290002 144.586990 -2.095948 0.000000 0.000000 0.000000 1.511192
13900 140 125.600761 0.000000 1000.000000 0.261246 131.588623 -3.012501 -3.236607 0.000000 0.000000 2.242150
14000 141 138.690826 0.000000 1000.000000 1.825040 142.781281 -2.757625 -3.157866 0.000000 0.000000 1.286972
14100 142 136.671906 0.000000 1000.000000 0.609811 139.082901 -3.020808 0.000000 0.000000 0.000000 2.166247
14200 143 136.588608 0.000000 1000.000000 0.297348 135.638947 -4.100398 4.752722 0.000000 0.000000 1.193692
14300 144 174.143112 0.000000 1000.000000 1.791951 172.351166 0.000000 0.000000 0.000000 0.000000 2.977857
14400 145 147.392181 0.000000 1000.000000 0.690909 148.367264 -1.665986 0.000000 0.000000 0.000000 1.890974
14500 146 141.481140 0.000000 1000.000000 0.485056 152.545898 -4.404596 -7.145215 0.000000 0.000000 1.246471
14600 147 145.324478 0.000000 1000.000000 0.195126 149.337128 -2.629853 -1.577930 0.000000 0.000000 1.244144
14700 148 146.650375 0.000000 1000.000000 0.675094 146.508743 -0.533456 0.000000 0.000000 0.000000 2.061085
14800 149 113.435631 0.000000 1000.000000 0.400335 118.586647 -3.959115 -1.592239 0.000000 0.000000 1.352663
14900 150 144.047638 0.000000 1000.000000 0.526689 133.590897 -4.333671 14.263716 0.000000 0.000000 0.871190
15000 151 144.191055 0.000000 1000.000000 0.384225 154.920059 -7.387544 -3.725700 0.000000 0.000000 0.522167
15100 152 126.679832 0.000000 1000.000000 0.766666 127.717758 -1.804588 0.000000 0.000000 0.000000 1.628217
15200 153 142.184082 0.000000 1000.000000 0.397111 145.886292 -4.099322 0.000000 0.000000 0.000000 1.639420
15300 154 127.515167 0.000000 1000.000000 1.016138 129.007706 -2.508680 0.000000 0.000000 0.000000 1.635913
15400 155 124.600189 0.000000 1000.000000 1.285495 131.799332 -5.311560 -3.173072 0.000000 0.000000 1.155121
15500 156 142.194763 0.000000 1000.000000 0.467763 144.330185 -2.603187 0.000000 0.000000 0.000000 1.947097
15600 157 143.974976 0.000000 1000.000000 0.641050 145.820541 -2.486624 0.000000 0.000000 0.000000 1.923271
15700 158 140.828201 0.000000 1000.000000 2.970398 150.964844 -5.628694 -7.478345 0.000000 0.000000 1.103752
15800 159 123.751083 0.000000 1000.000000 0.377921 125.170723 -1.797562 0.000000 0.000000 0.000000 3.382443
15900 160 136.884781 0.000000 1000.000000 0.341011 139.071152 -2.527377 0.000000 0.000000 0.000000 5.663569
16000 161 147.340820 0.000000 1000.000000 0.945753 149.062866 -2.667798 0.000000 0.000000 0.000000 1.792499
16100 162 135.161499 0.000000 1000.000000 0.277307 142.275162 -3.532605 -3.858366 0.000000 0.000000 1.571611
16200 163 146.507141 0.000000 1000.000000 0.385564 137.235565 -1.745585 10.631604 0.000000 0.000000 2.298340
16300 164 135.876938 0.000000 1000.000000 0.172005 137.110672 -1.405742 0.000000 0.000000 0.000000 1.051221
16400 165 143.392975 0.000000 1000.000000 0.373322 145.436569 -2.416914 0.000000 0.000000 0.000000 1.417732
16500 166 153.580444 0.000000 1000.000000 0.295163 154.168579 -0.883303 0.000000 0.000000 0.000000 3.298266
16600 167 134.271103 0.000000 1000.000000 0.795957 134.184830 -0.709687 0.000000 0.000000 0.000000 3.023564
16700 168 201.819901 0.000000 1000.000000 0.539139 179.347641 -3.700436 25.633560 0.000000 0.000000 1.194639
16800 169 141.664764 0.000000 1000.000000 1.193259 140.471512 0.000000 0.000000 0.000000 0.000000 3.111957
16900 170 150.493408 0.000000 1000.000000 0.782603 150.783920 -1.073119 0.000000 0.000000 0.000000 4.992932
17000 171 165.448074 0.000000 1000.000000 0.808295 171.532242 -2.101628 -4.790827 0.000000 0.000000 1.929883
17100 172 151.965088 0.000000 1000.000000 0.547571 135.445877 -2.849213 18.820854 0.000000 0.000000 2.333703
17200 173 134.811798 0.000000 1000.000000 0.239141 136.660583 -2.087928 0.000000 0.000000 0.000000 2.335204
17300 174 140.472229 0.000000 1000.000000 0.221799 142.641174 -2.390740 0.000000 0.000000 0.000000 1.355465
17400 175 162.595413 0.000000 1000.000000 2.661910 162.802643 -2.869143 0.000000 0.000000 0.000000 1.279657
17500 176 137.484604 0.000000 1000.000000 0.558199 138.669403 -1.743000 0.000000 0.000000 0.000000 1.122441
17600 177 168.622131 0.000000 1000.000000 0.576669 149.709335 -3.339840 21.675964 0.000000 0.000000 2.246514
17700 178 129.157883 0.000000 1000.000000 0.150039 129.881302 -0.873453 0.000000 0.000000 0.000000 2.302031
17800 179 150.323578 0.000000 1000.000000 1.318285 150.995300 -1.990003 0.000000 0.000000 0.000000 1.706103
17900 180 146.189438 0.000000 1000.000000 1.248969 144.940475 0.000000 0.000000 0.000000 0.000000 1.649167
18000 181 146.481339 0.000000 1000.000000 1.397702 146.867722 -1.784091 0.000000 0.000000 0.000000 1.556192
18100 182 140.559906 0.000000 1000.000000 0.957310 139.784988 -0.182395 0.000000 0.000000 0.000000 4.053702
18200 183 152.227356 0.000000 1000.000000 0.531797 152.241196 -0.545635 0.000000 0.000000 0.000000 2.779822
18300 184 128.249329 0.000000 1000.000000 1.341410 128.542892 -1.634986 0.000000 0.000000 0.000000 2.512596
18400 185 135.278580 0.000000 1000.000000 1.048796 136.613876 -2.384094 0.000000 0.000000 0.000000 1.965854
18500 186 139.057999 0.000000 1000.000000 1.054098 150.411804 -6.402359 -6.005540 0.000000 0.000000 0.835082
18600 187 126.431625 0.000000 1000.000000 0.366271 130.058701 -3.993346 0.000000 0.000000 0.000000 2.029550
18700 188 142.096451 0.000000 1000.000000 0.204281 144.168213 -2.276043 0.000000 0.000000 0.000000 1.786430
18800 189 138.093338 0.000000 1000.000000 2.968462 137.078705 -1.953825 0.000000 0.000000 0.000000 2.128663
18900 190 135.326523 0.000000 1000.000000 1.118888 136.263000 -2.055365 0.000000 0.000000 0.000000 1.685519
19000 191 136.709976 0.000000 1000.000000 0.284242 141.196793 -2.811503 -1.959551 0.000000 0.000000 2.065170
19100 192 166.852707 0.000000 1000.000000 1.794285 166.013229 -0.954797 0.000000 0.000000 0.000000 2.082951
19200 193 164.972351 0.000000 1000.000000 0.812406 164.264893 -4.857833 4.752878 0.000000 0.000000 1.475970
19300 194 165.431122 0.000000 1000.000000 0.777080 164.654037 0.000000 0.000000 0.000000 0.000000 3.064021
19400 195 145.731277 0.000000 1000.000000 0.254886 146.878815 -1.402424 0.000000 0.000000 0.000000 1.720824
19500 196 129.323380 0.000000 1000.000000 0.589952 134.420975 -4.721091 -0.966464 0.000000 0.000000 2.971726
19600 197 152.029465 0.000000 1000.000000 0.396938 151.634491 -1.967435 1.965468 0.000000 0.000000 1.237162
19700 198 109.950783 0.000000 1000.000000 0.151398 116.889244 -3.536408 -3.553452 0.000000 0.000000 1.369516
19800 199 141.034943 0.000000 1000.000000 0.484591 147.619690 -2.489152 -4.580184 0.000000 0.000000 1.244534
19900 200 136.668915 0.000000 1000.000000 0.508976 141.897919 -4.463601 -1.274365 0.000000 0.000000 0.805618
20000 201 138.422180 0.000000 1000.000000 1.298292 138.086563 -0.962680 0.000000 0.000000 0.000000 1.548955
20100 202 124.965286 0.000000 1000.000000 0.302929 125.688675 -1.026316 0.000000 0.000000 0.000000 3.278310
20200 203 144.138916 0.000000 1000.000000 2.112716 149.008224 -4.495923 -2.486093 0.000000 0.000000 0.823169
20300 204 141.019821 0.000000 1000.000000 1.114952 149.584671 -6.090642 -3.589170 0.000000 0.000000 0.446006
20400 205 119.201408 0.000000 1000.000000 0.984673 125.781158 -3.487367 -4.077059 0.000000 0.000000 2.074205
20500 206 124.653862 0.000000 1000.000000 0.324801 128.433029 -4.103962 0.000000 0.000000 0.000000 1.107795
20600 207 129.441879 0.000000 1000.000000 1.208220 131.944870 -3.711208 0.000000 0.000000 0.000000 0.957654
20700 208 143.786423 0.000000 1000.000000 0.842649 144.365860 -1.422088 0.000000 0.000000 0.000000 2.679788
20800 209 161.268311 0.000000 1000.000000 1.330767 131.819244 -4.209011 32.327312 0.000000 0.000000 1.629933
20900 210 140.824402 0.000000 1000.000000 0.378576 143.087280 -2.641444 0.000000 0.000000 0.000000 2.008614
21000 211 123.993050 0.000000 1000.000000 0.422374 124.997375 -1.426693 0.000000 0.000000 0.000000 2.251878
21100 212 131.876251 0.000000 1000.000000 1.107123 132.109756 -1.340626 0.000000 0.000000 0.000000 2.553870
21200 213 132.510757 0.000000 1000.000000 1.640366 133.071167 -2.200771 0.000000 0.000000 0.000000 1.272012
21300 214 143.653732 0.000000 1000.000000 0.489140 144.567673 -4.326803 2.923718 0.000000 0.000000 1.500948
21400 215 149.526611 0.000000 1000.000000 0.768293 150.191437 -1.433124 0.000000 0.000000 0.000000 2.035353
21500 216 142.910965 0.000000 1000.000000 0.670184 147.006042 -2.563638 -2.201620 0.000000 0.000000 1.784766
21600 217 140.012070 0.000000 1000.000000 0.233744 145.397324 -2.969353 -2.649645 0.000000 0.000000 1.900034
21700 218 120.644432 0.000000 1000.000000 2.091550 123.888878 -4.065919 -1.270077 0.000000 0.000000 1.084004
21800 219 140.515717 0.000000 1000.000000 0.329579 141.302368 -1.116225 0.000000 0.000000 0.000000 3.313384
21900 220 140.557983 0.000000 1000.000000 0.944944 137.792374 -3.656875 5.477540 0.000000 0.000000 1.113700
22000 221 139.364502 0.000000 1000.000000 2.031193 139.786972 -2.453652 0.000000 0.000000 0.000000 0.903439
22100 222 144.549255 0.000000 1000.000000 0.872872 139.760986 -3.751771 7.667160 0.000000 0.000000 0.881567
22200 223 143.225662 0.000000 1000.000000 0.691127 143.914841 -1.380311 0.000000 0.000000 0.000000 1.128400
22300 224 131.493973 0.000000 1000.000000 0.083377 133.772354 -2.361763 0.000000 0.000000 0.000000 1.093980
22400 225 129.544846 0.000000 1000.000000 0.171398 132.267349 -2.893906 0.000000 0.000000 0.000000 1.478961
22500 226 115.160454 0.000000 1000.000000 0.114791 123.870087 -4.514444 -4.309979 0.000000 0.000000 1.737791
22600 227 113.059273 0.000000 1000.000000 1.414156 122.315109 -5.729237 -4.940748 0.000000 0.000000 1.127021
22700 228 147.746902 0.000000 1000.000000 2.248133 147.468948 -1.970191 0.000000 0.000000 0.000000 1.154876
22800 229 129.470184 0.000000 1000.000000 0.616457 139.401733 -3.727084 -6.820930 0.000000 0.000000 1.490109
22900 230 125.460770 0.000000 1000.000000 1.519028 131.710358 -3.994295 -3.774325 0.000000 0.000000 0.909473
23000 231 132.421982 0.000000 1000.000000 0.832048 132.912933 -1.322994 0.000000 0.000000 0.000000 2.405335
23100 232 154.768677 0.000000 1000.000000 0.503833 158.683960 -4.419112 0.000000 0.000000 0.000000 1.215822
23200 233 167.528046 0.000000 1000.000000 1.324020 167.336533 -1.132512 0.000000 0.000000 0.000000 2.903573
23300 234 152.876328 0.000000 1000.000000 0.367027 157.433426 -2.402838 -2.521285 0.000000 0.000000 2.255466
23400 235 154.114044 0.000000 1000.000000 1.457931 153.734406 -2.740155 1.661870 0.000000 0.000000 1.428411
23500 236 141.233841 0.000000 1000.000000 0.866914 140.975998 -0.609072 0.000000 0.000000 0.000000 1.376018
23600 237 137.134613 0.000000 1000.000000 0.845030 139.326523 -3.036943 0.000000 0.000000 0.000000 1.207956
23700 238 140.611160 0.000000 1000.000000 3.332055 135.732712 -2.188743 3.735126 0.000000 0.000000 1.612807
23800 239 137.122818 0.000000 1000.000000 0.230068 137.788101 -0.895357 0.000000 0.000000 0.000000 1.850663
23900 240 131.310471 0.000000 1000.000000 0.686542 131.760345 -1.136420 0.000000 0.000000 0.000000 1.132217
24000 241 125.866104 0.000000 1000.000000 0.556301 125.934280 -0.624479 0.000000 0.000000 0.000000 0.728662
24100 242 133.333725 0.000000 1000.000000 1.206966 135.676239 -2.688998 -0.860484 0.000000 0.000000 1.842582
24200 243 128.413971 0.000000 1000.000000 0.283394 131.245743 -1.966474 -1.148692 0.000000 0.000000 1.997514
24300 244 136.763992 0.000000 1000.000000 0.224316 138.717850 -2.178173 0.000000 0.000000 0.000000 1.288765
24400 245 152.562698 0.000000 1000.000000 0.751976 153.147034 -1.336305 0.000000 0.000000 0.000000 3.422513
24500 246 128.737732 0.000000 1000.000000 1.110348 131.357117 -3.729730 0.000000 0.000000 0.000000 1.417560
24600 247 122.475014 0.000000 1000.000000 1.078775 128.568649 -5.317071 -1.855348 0.000000 0.000000 0.781752
24700 248 129.428467 0.000000 1000.000000 1.573195 130.927063 -3.071785 0.000000 0.000000 0.000000 1.552129
24800 249 115.261116 0.000000 1000.000000 0.319114 117.571907 -2.629909 0.000000 0.000000 0.000000 0.922623
24900 250 126.433846 0.000000 1000.000000 0.469252 128.457062 -2.492470 0.000000 0.000000 0.000000 1.437788
25000 251 112.509445 0.000000 1000.000000 2.937814 123.989494 -5.759560 -8.658302 0.000000 0.000000 0.830293
25100 252 134.204437 0.000000 1000.000000 1.249271 143.318741 -4.748827 -5.614749 0.000000 0.000000 1.215340
25200 253 146.181931 0.000000 1000.000000 1.251339 129.845352 -2.101698 17.186941 0.000000 0.000000 1.196059
25300 254 142.332733 0.000000 1000.000000 0.831865 144.816956 -3.316085 0.000000 0.000000 0.000000 1.610276
25400 255 129.919922 0.000000 1000.000000 2.803765 134.473175 -4.003727 -3.353310 0.000000 0.000000 1.948964
25500 256 126.934540 0.000000 1000.000000 0.490751 140.990555 -4.049418 -10.497341 0.000000 0.000000 1.755493
25600 257 134.833740 0.000000 1000.000000 1.090843 133.742889 0.000000 0.000000 0.000000 0.000000 2.760598
25700 258 142.105270 0.000000 1000.000000 0.761388 144.119995 -2.776110 0.000000 0.000000 0.000000 2.294220
25800 259 148.020172 0.000000 1000.000000 0.838067 148.114609 -0.932503 0.000000 0.000000 0.000000 1.906191
25900 260 141.416580 0.000000 1000.000000 0.343622 141.794846 -0.721895 0.000000 0.000000 0.000000 2.173094
26000 261 147.203583 0.000000 1000.000000 0.866089 144.831146 -3.974402 5.480748 0.000000 0.000000 0.913119
26100 262 123.370422 0.000000 1000.000000 0.806203 124.441093 -1.876877 0.000000 0.000000 0.000000 1.803928
26200 263 128.527023 0.000000 1000.000000 0.146296 135.977432 -3.509138 -4.087568 0.000000 0.000000 1.330778
26300 264 146.569473 0.000000 1000.000000 0.228736 149.696609 -5.342593 1.986724 0.000000 0.000000 0.806979
26400 265 154.240540 0.000000 1000.000000 0.600208 154.495117 -0.854782 0.000000 0.000000 0.000000 1.391664
26500 266 158.022278 0.000000 1000.000000 0.694234 135.817123 -4.452938 25.963861 0.000000 0.000000 3.509049
26600 267 153.702911 0.000000 1000.000000 0.720173 141.181198 -3.839565 15.641114 0.000000 0.000000 0.848258
26700 268 150.027267 0.000000 1000.000000 0.356854 149.975494 -0.305088 0.000000 0.000000 0.000000 2.807428
26800 269 140.059830 0.000000 1000.000000 2.095694 142.561646 -3.156510 -1.440995 0.000000 0.000000 1.149846
26900 270 155.119583 0.000000 1000.000000 0.535365 155.936279 -1.352060 0.000000 0.000000 0.000000 1.760697
27000 271 147.716614 0.000000 1000.000000 1.232764 148.630219 -2.146370 0.000000 0.000000 0.000000 2.114680
27100 272 128.379303 0.000000 1000.000000 0.242581 129.573456 -1.436743 0.000000 0.000000 0.000000 3.164022
27200 273 155.991638 0.000000 1000.000000 0.571041 157.443741 -2.023153 0.000000 0.000000 0.000000 1.360488
27300 274 148.790237 0.000000 1000.000000 1.440288 148.420959 -1.071016 0.000000 0.000000 0.000000 2.447907
27400 275 158.245605 0.000000 1000.000000 0.364203 157.881409 0.000000 0.000000 0.000000 0.000000 2.306239
27500 276 130.623917 0.000000 1000.000000 0.373511 132.222733 -1.972322 0.000000 0.000000 0.000000 1.422514
27600 277 123.841599 0.000000 1000.000000 0.290295 131.808197 -3.557523 -4.699371 0.000000 0.000000 1.542367
27700 278 133.735275 0.000000 1000.000000 0.736140 134.237259 -1.238122 0.000000 0.000000 0.000000 2.267359
27800 279 141.835800 0.000000 1000.000000 0.734134 141.101669 0.000000 0.000000 0.000000 0.000000 2.551971
27900 280 144.494705 0.000000 1000.000000 0.810749 149.964584 -4.620208 -1.660416 0.000000 0.000000 1.124939
28000 281 125.462563 0.000000 1000.000000 0.407112 139.280380 -5.994862 -8.230081 0.000000 0.000000 1.073867
28100 282 117.118355 0.000000 1000.000000 0.909446 122.697960 -1.806228 -4.682821 0.000000 0.000000 2.659636
28200 283 112.700447 0.000000 1000.000000 0.267325 118.304436 -3.102163 -2.769149 0.000000 0.000000 1.542036
28300 284 151.310715 0.000000 1000.000000 0.403799 153.094254 -2.187337 0.000000 0.000000 0.000000 1.212680
28400 285 117.637062 0.000000 1000.000000 0.352493 120.268768 -2.984199 0.000000 0.000000 0.000000 3.170135
28500 286 122.114151 0.000000 1000.000000 1.613887 121.438446 -0.938179 0.000000 0.000000 0.000000 3.259732
28600 287 136.017441 0.000000 1000.000000 0.496851 136.741501 -1.220915 0.000000 0.000000 0.000000 3.119085
28700 288 119.740433 0.000000 1000.000000 1.511970 123.612228 -2.009688 -3.374078 0.000000 0.000000 1.352182
28800 289 151.369400 0.000000 1000.000000 1.022951 151.713211 -1.366768 0.000000 0.000000 0.000000 2.244539
28900 290 143.389236 0.000000 1000.000000 0.518003 144.862900 -1.991671 0.000000 0.000000 0.000000 1.301579
29000 291 133.657425 0.000000 1000.000000 0.286392 132.457565 -4.749491 5.662950 0.000000 0.000000 2.014867
29100 292 135.961090 0.000000 1000.000000 0.390613 135.570480 0.000000 0.000000 0.000000 0.000000 1.142912
29200 293 134.549942 0.000000 1000.000000 0.390280 137.598114 -3.438453 0.000000 0.000000 0.000000 1.667913
29300 294 122.961945 0.000000 1000.000000 0.758416 125.197296 -2.993765 0.000000 0.000000 0.000000 1.518242
29400 295 126.832825 0.000000 1000.000000 1.986509 134.547592 -4.586411 -5.114865 0.000000 0.000000 0.880203
29500 296 133.016953 0.000000 1000.000000 0.562246 138.333282 -2.323914 -3.554663 0.000000 0.000000 1.955213
29600 297 119.385239 0.000000 1000.000000 0.182706 125.259323 -3.720638 -2.336151 0.000000 0.000000 2.674361
29700 298 119.762573 0.000000 1000.000000 1.267882 131.352402 -5.653134 -7.204576 0.000000 0.000000 2.631405
29800 299 138.116592 0.000000 1000.000000 0.313616 141.041107 -3.238126 0.000000 0.000000 0.000000 2.311345
29900 300 142.290787 0.000000 1000.000000 0.459155 141.831635 0.000000 0.000000 0.000000 0.000000 3.324093
30000 301 135.450867 0.000000 1000.000000 1.062134 136.946136 -2.557397 0.000000 0.000000 0.000000 3.475998
30100 302 152.444733 0.000000 1000.000000 1.878322 154.486603 -3.429717 -0.490471 0.000000 0.000000 1.599051
30200 303 148.586914 0.000000 1000.000000 0.808229 156.596420 -5.698932 -3.118803 0.000000 0.000000 1.013286
30300 304 126.295624 0.000000 1000.000000 0.571609 128.172455 -2.448443 0.000000 0.000000 0.000000 1.509522
30400 305 130.118896 0.000000 1000.000000 0.289876 132.218369 -2.389343 0.000000 0.000000 0.000000 3.214056
30500 306 126.069572 0.000000 1000.000000 0.410905 134.053604 -4.188379 -4.206551 0.000000 0.000000 2.181960
30600 307 136.036667 0.000000 1000.000000 0.419385 137.417740 -1.800461 0.000000 0.000000 0.000000 1.258513
30700 308 130.337418 0.000000 1000.000000 0.484216 132.089432 -2.236241 0.000000 0.000000 0.000000 1.869441
30800 309 146.705566 0.000000 1000.000000 0.456628 148.397537 -2.148607 0.000000 0.000000 0.000000 2.160655
30900 310 128.589005 0.000000 1000.000000 0.891897 130.877670 -3.180554 0.000000 0.000000 0.000000 1.814686
31000 311 126.903030 0.000000 1000.000000 0.132908 126.770126 0.000000 0.000000 0.000000 0.000000 1.695012
31100 312 140.858261 0.000000 1000.000000 2.029039 142.312286 -3.483056 0.000000 0.000000 0.000000 2.378240
31200 313 143.291763 0.000000 1000.000000 2.568341 149.587692 -4.901415 -3.962862 0.000000 0.000000 2.518874
31300 314 121.146614 0.000000 1000.000000 0.167122 127.049332 -2.915576 -3.154269 0.000000 0.000000 1.525929
31400 315 127.067932 0.000000 1000.000000 0.445857 136.423279 -4.370611 -5.430605 0.000000 0.000000 1.521907
31500 316 126.734184 0.000000 1000.000000 0.682226 128.567047 -2.515082 0.000000 0.000000 0.000000 0.936764
31600 317 128.903809 0.000000 1000.000000 0.366709 129.669296 -1.132199 0.000000 0.000000 0.000000 2.723001
31700 318 140.003036 0.000000 1000.000000 0.227471 146.621292 -3.779027 -3.066708 0.000000 0.000000 1.814716
31800 319 143.071396 0.000000 1000.000000 0.712022 144.775986 -2.416607 0.000000 0.000000 0.000000 2.002299
31900 320 135.004105 0.000000 1000.000000 0.562533 135.459305 -1.017734 0.000000 0.000000 0.000000 2.733136
32000 321 152.773193 0.000000 1000.000000 1.018950 136.662292 -2.705108 17.797064 0.000000 0.000000 2.940548
32100 322 139.338440 0.000000 1000.000000 0.344922 139.712692 -0.719178 0.000000 0.000000 0.000000 3.964412
32200 323 136.137848 0.000000 1000.000000 1.869344 136.813599 -2.545097 0.000000 0.000000 0.000000 2.893862
32300 324 128.845413 0.000000 1000.000000 0.165307 132.070389 -1.900287 -1.490003 0.000000 0.000000 2.045787
32400 325 154.784195 0.000000 1000.000000 2.487931 154.097885 -1.801617 0.000000 0.000000 0.000000 2.059651
32500 326 134.737579 0.000000 1000.000000 1.166000 145.868256 -6.872101 -5.424583 0.000000 0.000000 1.058795
32600 327 129.854279 0.000000 1000.000000 2.115030 142.761261 -5.218544 -9.803473 0.000000 0.000000 1.180426
32700 328 142.709274 0.000000 1000.000000 0.477415 143.089722 -0.857869 0.000000 0.000000 0.000000 3.938847
32800 329 126.600098 0.000000 1000.000000 0.598442 136.757217 -5.454343 -5.301212 0.000000 0.000000 0.750172
32900 330 138.965729 0.000000 1000.000000 1.333265 139.394485 -1.762023 0.000000 0.000000 0.000000 1.534017
33000 331 150.672379 0.000000 1000.000000 0.327408 150.727325 -0.382359 0.000000 0.000000 0.000000 1.759451
33100 332 133.585373 0.000000 1000.000000 0.558904 135.128067 -2.101598 0.000000 0.000000 0.000000 1.882002
33200 333 144.767456 0.000000 1000.000000 1.011531 156.757263 -5.626350 -7.375001 0.000000 0.000000 1.845226
33300 334 131.675400 0.000000 1000.000000 0.273755 135.896622 -3.258578 -1.236411 0.000000 0.000000 1.355597
33400 335 131.230209 0.000000 1000.000000 0.662736 132.260773 -1.693301 0.000000 0.000000 0.000000 1.257066
33500 336 135.064621 0.000000 1000.000000 1.398372 138.461365 -3.588056 -1.207064 0.000000 0.000000 1.229494
33600 337 201.134003 0.000000 1000.000000 1.136237 133.499023 -4.626068 71.124817 0.000000 0.000000 1.850082
33700 338 132.492859 0.000000 1000.000000 0.375069 133.349670 -1.231865 0.000000 0.000000 0.000000 2.115691
33800 339 152.117126 0.000000 1000.000000 0.732130 155.319794 -3.934804 0.000000 0.000000 0.000000 1.567868
33900 340 146.323486 0.000000 1000.000000 0.566683 148.134689 -2.377892 0.000000 0.000000 0.000000 1.349709
34000 341 148.168076 0.000000 1000.000000 0.455850 148.986343 -1.274121 0.000000 0.000000 0.000000 1.969975
34100 342 129.114731 0.000000 1000.000000 0.592259 134.237915 -2.727786 -2.987651 0.000000 0.000000 1.917440
34200 343 155.626053 0.000000 1000.000000 0.415060 157.011337 -1.800339 0.000000 0.000000 0.000000 1.713126
34300 344 137.670624 0.000000 1000.000000 0.305199 141.419907 -1.568581 -2.485881 0.000000 0.000000 2.741748
34400 345 136.986801 0.000000 1000.000000 0.638435 137.798370 -1.449995 0.000000 0.000000 0.000000 3.411561
34500 346 154.228668 0.000000 1000.000000 0.126770 154.101898 0.000000 0.000000 0.000000 0.000000 2.972872
34600 347 148.742691 0.000000 1000.000000 0.435530 125.717934 -2.753067 25.342297 0.000000 0.000000 2.137448
34700 348 145.749954 0.000000 1000.000000 0.817891 144.932068 0.000000 0.000000 0.000000 0.000000 1.821130
34800 349 142.094635 0.000000 1000.000000 0.531566 146.738800 -2.877071 -2.298655 0.000000 0.000000 0.694784
34900 350 150.849319 0.000000 1000.000000 0.449075 148.658768 -5.387750 7.129231 0.000000 0.000000 1.684819
35000 351 138.571060 0.000000 1000.000000 0.465904 142.934891 -3.421934 -1.407788 0.000000 0.000000 1.739483
35100 352 151.748444 0.000000 1000.000000 0.947452 150.800995 0.000000 0.000000 0.000000 0.000000 1.567447
35200 353 230.933258 0.000000 1000.000000 2.150085 149.924271 -2.722783 81.581680 0.000000 0.000000 1.188907
35300 354 189.606384 0.000000 1000.000000 1.152729 139.390823 -3.790814 52.853645 0.000000 0.000000 2.187335
35400 355 139.212631 0.000000 1000.000000 0.319965 141.732071 -5.096670 2.257267 0.000000 0.000000 1.193524
35500 356 132.284927 0.000000 1000.000000 0.471025 138.451965 -3.846296 -2.791768 0.000000 0.000000 1.536250
35600 357 133.983749 0.000000 1000.000000 0.699156 137.750366 -3.642053 -0.823711 0.000000 0.000000 1.896557
35700 358 115.382225 0.000000 1000.000000 0.313290 128.967621 -4.865863 -9.032826 0.000000 0.000000 2.873926
35800 359 145.022293 0.000000 1000.000000 0.273060 150.267700 -5.489643 -0.028828 0.000000 0.000000 1.526456
35900 360 124.653976 0.000000 1000.000000 0.137901 124.445541 -3.396964 3.467495 0.000000 0.000000 1.868179
36000 361 134.107803 0.000000 1000.000000 0.491839 136.423843 -2.807880 0.000000 0.000000 0.000000 1.931739
36100 362 129.456482 0.000000 1000.000000 0.286538 132.279327 -3.109391 0.000000 0.000000 0.000000 1.424556
36200 363 134.844437 0.000000 1000.000000 1.670475 135.977768 -2.803799 0.000000 0.000000 0.000000 5.249195
36300 364 125.740448 0.000000 1000.000000 0.318777 127.639206 -2.217533 0.000000 0.000000 0.000000 1.304595
36400 365 120.262344 0.000000 1000.000000 0.418032 122.147079 -2.302762 0.000000 0.000000 0.000000 1.848778
36500 366 153.599091 0.000000 1000.000000 0.630424 127.625435 -3.285041 28.628265 0.000000 0.000000 1.933843
36600 367 120.340500 0.000000 1000.000000 0.412597 125.392830 -3.305238 -2.159688 0.000000 0.000000 1.866805
36700 368 124.683319 0.000000 1000.000000 0.214931 127.611786 -3.143397 0.000000 0.000000 0.000000 1.159776
36800 369 110.176254 0.000000 1000.000000 0.661632 114.038445 -3.027570 -1.496250 0.000000 0.000000 1.196635
36900 370 126.328461 0.000000 1000.000000 0.339509 140.498505 -6.015422 -8.494123 0.000000 0.000000 0.854800
37000 371 125.953430 0.000000 1000.000000 0.333960 127.797630 -2.178163 0.000000 0.000000 0.000000 1.332264
37100 372 133.267517 0.000000 1000.000000 0.385370 145.644745 -5.234783 -7.527823 0.000000 0.000000 2.079176
37200 373 122.911766 0.000000 1000.000000 0.473072 123.871574 -1.432873 0.000000 0.000000 0.000000 2.616518
37300 374 120.951851 0.000000 1000.000000 0.793110 116.503365 -3.583009 7.238391 0.000000 0.000000 1.190709
37400 375 147.978256 0.000000 1000.000000 0.597087 132.041840 -3.944555 19.283876 0.000000 0.000000 1.562595
37500 376 129.853378 0.000000 1000.000000 0.438391 130.913605 -1.498613 0.000000 0.000000 0.000000 2.051681
37600 377 125.836327 0.000000 1000.000000 0.330300 126.681473 -1.175446 0.000000 0.000000 0.000000 0.840517
37700 378 134.113159 0.000000 1000.000000 1.474663 137.211319 -4.572831 0.000000 0.000000 0.000000 1.355162
37800 379 132.897629 0.000000 1000.000000 0.453108 134.635651 -6.431381 4.240243 0.000000 0.000000 1.234847
37900 380 140.927765 0.000000 1000.000000 1.841336 132.241638 -2.565591 9.410378 0.000000 0.000000 1.115485
38000 381 148.665329 0.000000 1000.000000 0.580956 153.123413 -3.508346 -1.530707 0.000000 0.000000 1.376623
38100 382 138.584564 0.000000 1000.000000 1.203270 140.137634 -2.756351 0.000000 0.000000 0.000000 1.924231
38200 383 127.514381 0.000000 1000.000000 0.566687 128.201981 -1.254278 0.000000 0.000000 0.000000 3.028950
38300 384 148.524811 0.000000 1000.000000 1.532971 149.944901 -2.953067 0.000000 0.000000 0.000000 1.112591
38400 385 134.146606 0.000000 1000.000000 0.736091 139.397873 -3.123648 -2.863702 0.000000 0.000000 1.018150
38500 386 153.850952 0.000000 1000.000000 0.979845 125.016785 -6.144804 33.999138 0.000000 0.000000 2.199250
38600 387 135.423752 0.000000 1000.000000 0.278848 136.924911 -1.780010 0.000000 0.000000 0.000000 2.951488
38700 388 141.452484 0.000000 1000.000000 0.410193 137.464996 -1.406280 4.983582 0.000000 0.000000 3.504184
38800 389 127.115089 0.000000 1000.000000 1.163307 128.023315 -2.071522 0.000000 0.000000 0.000000 3.290957
38900 390 138.174591 0.000000 1000.000000 0.791309 137.383286 0.000000 0.000000 0.000000 0.000000 3.230266
39000 391 108.375648 0.000000 1000.000000 1.570132 116.840828 -4.624630 -5.410674 0.000000 0.000000 1.950251
39100 392 130.168671 0.000000 1000.000000 0.796355 131.638123 -2.265806 0.000000 0.000000 0.000000 1.651541
39200 393 112.771576 0.000000 1000.000000 0.366928 121.241798 -4.605057 -4.232090 0.000000 0.000000 2.258275
39300 394 128.581940 0.000000 1000.000000 0.827223 130.821167 -3.066455 0.000000 0.000000 0.000000 2.365268
39400 395 141.209381 0.000000 1000.000000 0.494729 142.343323 -1.628670 0.000000 0.000000 0.000000 1.195694
39500 396 126.085503 0.000000 1000.000000 0.822040 136.455688 -5.114955 -6.077262 0.000000 0.000000 0.662902
39600 397 118.005386 0.000000 1000.000000 0.724227 119.604660 -2.323504 0.000000 0.000000 0.000000 2.412411
39700 398 123.213814 0.000000 1000.000000 0.671809 131.718796 -4.050147 -5.126652 0.000000 0.000000 0.959129
39800 399 111.235565 0.000000 1000.000000 0.458324 117.380165 -4.829308 -1.773616 0.000000 0.000000 1.925437
39900 400 218.539337 0.000000 1000.000000 1.402645 141.834183 -6.160079 81.462593 0.000000 0.000000 1.134733
40000 401 140.669556 0.000000 1000.000000 0.684738 141.242310 -4.973818 3.716331 0.000000 0.000000 0.741484
40100 402 142.233215 0.000000 1000.000000 1.276613 142.755707 -1.799104 0.000000 0.000000 0.000000 1.640588
40200 403 120.050476 0.000000 1000.000000 0.938340 126.245605 -3.216853 -3.916622 0.000000 0.000000 1.454715
40300 404 119.668121 0.000000 1000.000000 0.550638 120.961121 -1.843634 0.000000 0.000000 0.000000 1.938510
40400 405 125.106857 0.000000 1000.000000 0.407729 126.153564 -1.454441 0.000000 0.000000 0.000000 1.677245
40500 406 127.310158 0.000000 1000.000000 0.213954 127.461159 -0.364948 0.000000 0.000000 0.000000 3.558272
40600 407 130.299683 0.000000 1000.000000 0.553678 136.070709 -3.025179 -3.299524 0.000000 0.000000 1.426434
40700 408 111.315086 0.000000 1000.000000 0.384250 120.446693 -4.140974 -5.374876 0.000000 0.000000 1.375057
40800 409 128.673218 0.000000 1000.000000 1.462505 136.883911 -3.971412 -5.701805 0.000000 0.000000 1.284281
40900 410 136.491516 0.000000 1000.000000 2.011845 134.479675 0.000000 0.000000 0.000000 0.000000 1.813342
41000 411 135.259354 0.000000 1000.000000 1.013195 137.260117 -3.013959 0.000000 0.000000 0.000000 1.857604
41100 412 176.036652 0.000000 1000.000000 0.927411 150.855728 -3.670887 27.924398 0.000000 0.000000 0.959884
41200 413 156.305405 0.000000 1000.000000 1.096164 158.209488 -3.333757 0.333512 0.000000 0.000000 1.072416
41300 414 137.652496 0.000000 1000.000000 0.843662 138.866425 -2.057584 0.000000 0.000000 0.000000 2.508390
41400 415 137.871948 0.000000 1000.000000 0.850116 149.900330 -4.580991 -8.297493 0.000000 0.000000 1.804583
41500 416 127.307014 0.000000 1000.000000 0.761797 132.464050 -2.895104 -3.023721 0.000000 0.000000 2.188723
41600 417 109.530571 0.000000 1000.000000 0.611619 118.894951 -4.631948 -5.344051 0.000000 0.000000 1.453731
41700 418 136.606277 0.000000 1000.000000 0.940139 136.028290 -0.362153 0.000000 0.000000 0.000000 2.246869
41800 419 135.434067 0.000000 1000.000000 0.768399 136.820511 -2.154847 0.000000 0.000000 0.000000 1.421447
41900 420 134.521317 0.000000 1000.000000 1.027831 133.493484 0.000000 0.000000 0.000000 0.000000 1.682267
42000 421 117.065201 0.000000 1000.000000 0.810922 117.693604 -1.439324 0.000000 0.000000 0.000000 1.102667
42100 422 115.533150 0.000000 1000.000000 0.211693 116.483765 -1.162309 0.000000 0.000000 0.000000 1.999059
42200 423 126.781807 0.000000 1000.000000 0.191125 129.330750 -2.740072 0.000000 0.000000 0.000000 2.390996
42300 424 123.838112 0.000000 1000.000000 1.028994 124.831581 -2.022463 0.000000 0.000000 0.000000 0.874355
42400 425 136.304520 0.000000 1000.000000 1.613200 136.622986 -1.931674 0.000000 0.000000 0.000000 1.396014
42500 426 163.272003 0.000000 1000.000000 0.903250 162.368759 0.000000 0.000000 0.000000 0.000000 1.504578
42600 427 119.905174 0.000000 1000.000000 1.160396 124.619377 -3.029969 -2.844629 0.000000 0.000000 0.830025
42700 428 139.694916 0.000000 1000.000000 0.490979 140.667252 -1.463324 0.000000 0.000000 0.000000 2.607623
42800 429 148.087296 0.000000 1000.000000 0.254353 150.098038 -2.265084 0.000000 0.000000 0.000000 2.711801
42900 430 136.100845 0.000000 1000.000000 0.189106 137.872910 -1.961160 0.000000 0.000000 0.000000 1.728567
43000 431 154.346588 0.000000 1000.000000 0.818246 153.528336 0.000000 0.000000 0.000000 0.000000 2.503252
43100 432 127.689163 0.000000 1000.000000 1.141455 129.096939 -2.549221 0.000000 0.000000 0.000000 2.184586
43200 433 143.908310 0.000000 1000.000000 0.410141 145.075043 -1.576871 0.000000 0.000000 0.000000 4.117908
43300 434 130.444168 0.000000 1000.000000 0.437549 130.461533 -0.454913 0.000000 0.000000 0.000000 3.866769
43400 435 134.691681 0.000000 1000.000000 0.829672 136.792206 -2.930186 0.000000 0.000000 0.000000 2.089914
43500 436 130.440948 0.000000 1000.000000 0.370136 133.496017 -3.425206 0.000000 0.000000 0.000000 1.930585
43600 437 146.877380 0.000000 1000.000000 2.103526 149.235245 -2.154268 -2.307126 0.000000 0.000000 1.465717
43700 438 145.240814 0.000000 1000.000000 0.559380 149.839539 -3.601693 -1.556410 0.000000 0.000000 1.531608
43800 439 134.151230 0.000000 1000.000000 0.570392 134.705688 -1.124847 0.000000 0.000000 0.000000 1.902193
43900 440 121.720444 0.000000 1000.000000 0.449423 121.271019 0.000000 0.000000 0.000000 0.000000 4.837969
44000 441 123.254196 0.000000 1000.000000 0.547713 125.299019 -2.592535 0.000000 0.000000 0.000000 3.426043
44100 442 137.102417 0.000000 1000.000000 0.468202 138.449814 -1.815594 0.000000 0.000000 0.000000 3.323312
44200 443 134.333313 0.000000 1000.000000 0.265114 135.998749 -1.930559 0.000000 0.000000 0.000000 1.750196
44300 444 134.225220 0.000000 1000.000000 0.505548 136.119476 -2.399814 0.000000 0.000000 0.000000 1.306813
44400 445 160.435776 0.000000 1000.000000 0.898277 161.140045 -1.602559 0.000000 0.000000 0.000000 3.646430
44500 446 122.348412 0.000000 1000.000000 1.466397 121.556870 -0.674858 0.000000 0.000000 0.000000 1.779763
44600 447 142.637863 0.000000 1000.000000 0.689477 143.470581 -1.522204 0.000000 0.000000 0.000000 1.798600
44700 448 128.785172 0.000000 1000.000000 0.150306 129.220413 -0.585547 0.000000 0.000000 0.000000 3.034395
44800 449 127.475853 0.000000 1000.000000 0.345269 128.719116 -1.588540 0.000000 0.000000 0.000000 1.940686
44900 450 130.460983 0.000000 1000.000000 0.853853 139.596069 -4.128211 -5.860734 0.000000 0.000000 2.190550
45000 451 142.351898 0.000000 1000.000000 1.387808 141.877411 -0.913311 0.000000 0.000000 0.000000 4.101909
45100 452 131.381699 0.000000 1000.000000 0.522193 131.845474 -0.985958 0.000000 0.000000 0.000000 2.864814
45200 453 133.640442 0.000000 1000.000000 0.714939 134.102066 -1.176556 0.000000 0.000000 0.000000 2.467038
45300 454 130.284760 0.000000 1000.000000 0.835468 131.150558 -1.589426 -0.111826 0.000000 0.000000 2.956986
45400 455 130.100693 0.000000 1000.000000 0.568131 130.271957 -0.739392 0.000000 0.000000 0.000000 1.520527
45500 456 127.066635 0.000000 1000.000000 1.951815 119.393135 -1.691830 7.413519 0.000000 0.000000 2.563678
45600 457 120.172714 0.000000 1000.000000 0.620201 121.143257 -1.590745 0.000000 0.000000 0.000000 1.300000
45700 458 139.030975 0.000000 1000.000000 1.287159 140.273636 -2.529822 0.000000 0.000000 0.000000 1.077149
45800 459 141.751907 0.000000 1000.000000 0.604831 143.149673 -2.002601 0.000000 0.000000 0.000000 1.564368
45900 460 143.168488 0.000000 1000.000000 1.404522 142.339722 -0.575755 0.000000 0.000000 0.000000 1.350594
46000 461 134.647446 0.000000 1000.000000 0.905461 136.496017 -2.754031 0.000000 0.000000 0.000000 3.678003
46100 462 130.173965 0.000000 1000.000000 1.565197 134.809921 -3.506831 -2.694325 0.000000 0.000000 1.177337
46200 463 144.873688 0.000000 1000.000000 3.015497 133.553894 -2.512418 10.816706 0.000000 0.000000 4.900602
46300 464 144.578476 0.000000 1000.000000 0.853560 144.416855 -0.691943 0.000000 0.000000 0.000000 1.394417
46400 465 122.856400 0.000000 1000.000000 1.104814 124.003983 -2.252397 0.000000 0.000000 0.000000 1.177445
46500 466 239.203873 0.000000 1000.000000 1.691957 142.831070 -3.496618 98.177460 0.000000 0.000000 1.957613
46600 467 121.827942 0.000000 1000.000000 0.743011 122.993187 -1.908257 0.000000 0.000000 0.000000 2.870617
46700 468 139.356171 0.000000 1000.000000 1.735017 125.194443 -4.849206 17.275921 0.000000 0.000000 1.708965
46800 469 120.559715 0.000000 1000.000000 0.384507 122.344810 -0.917798 -1.251800 0.000000 0.000000 2.496006
46900 470 129.113205 0.000000 1000.000000 0.532452 129.153824 -0.573073 0.000000 0.000000 0.000000 2.768457
47000 471 129.838776 0.000000 1000.000000 0.423190 131.109924 -1.694342 0.000000 0.000000 0.000000 2.208066
47100 472 127.087288 0.000000 1000.000000 1.482407 128.439240 -2.834355 0.000000 0.000000 0.000000 2.503689
47200 473 116.563316 0.000000 1000.000000 1.028314 115.789284 -0.254284 0.000000 0.000000 0.000000 2.553093
47300 474 126.313736 0.000000 1000.000000 0.458417 126.594299 -0.738980 0.000000 0.000000 0.000000 2.405253
47400 475 145.421005 0.000000 1000.000000 1.043919 145.156693 -0.779605 0.000000 0.000000 0.000000 1.807036
47500 476 126.528122 0.000000 1000.000000 0.365843 126.890556 -0.728279 0.000000 0.000000 0.000000 2.076639
47600 477 134.377213 0.000000 1000.000000 0.861993 133.515213 0.000000 0.000000 0.000000 0.000000 1.637030
47700 478 125.620369 0.000000 1000.000000 1.023882 125.702538 -1.106046 0.000000 0.000000 0.000000 2.513780
47800 479 133.954330 0.000000 1000.000000 1.157922 136.335114 -3.538714 0.000000 0.000000 0.000000 2.655071
47900 480 148.347137 0.000000 1000.000000 0.801056 148.772491 -1.226414 0.000000 0.000000 0.000000 1.938967
48000 481 123.916748 0.000000 1000.000000 0.419468 125.905785 -2.408498 0.000000 0.000000 0.000000 2.388648
48100 482 126.268890 0.000000 1000.000000 0.628108 126.206734 -0.565945 0.000000 0.000000 0.000000 3.940361
48200 483 137.940018 0.000000 1000.000000 0.366848 147.620178 -5.201250 -4.845758 0.000000 0.000000 1.789810
48300 484 144.985504 0.000000 1000.000000 0.873869 152.065414 -4.845733 -3.108047 0.000000 0.000000 2.670775
48400 485 135.474869 0.000000 1000.000000 0.427981 141.945175 -3.333513 -3.564778 0.000000 0.000000 1.608252
48500 486 130.797592 0.000000 1000.000000 0.311003 142.960190 -5.422306 -7.051305 0.000000 0.000000 1.336086
48600 487 142.036606 0.000000 1000.000000 0.262148 141.774460 0.000000 0.000000 0.000000 0.000000 4.583670
48700 488 129.847504 0.000000 1000.000000 0.457311 135.116562 -3.817777 -1.908586 0.000000 0.000000 1.210715
48800 489 128.416885 0.000000 1000.000000 0.438943 131.409912 -3.853029 0.421049 0.000000 0.000000 2.309153
48900 490 134.206223 0.000000 1000.000000 0.467441 135.502045 -1.763260 0.000000 0.000000 0.000000 2.257367
49000 491 131.419800 0.000000 1000.000000 0.635478 136.285522 -3.100852 -2.400362 0.000000 0.000000 1.164081
49100 492 131.474838 0.000000 1000.000000 0.397223 133.727676 -2.650049 0.000000 0.000000 0.000000 3.691825
49200 493 124.272781 0.000000 1000.000000 0.545113 131.644867 -4.483010 -3.434199 0.000000 0.000000 1.213132
49300 494 121.698441 0.000000 1000.000000 0.125949 132.140457 -4.085467 -6.482498 0.000000 0.000000 1.478253
49400 495 165.848892 0.000000 1000.000000 1.790165 171.462524 -3.924872 -3.478922 0.000000 0.000000 1.509671
49500 496 142.639191 0.000000 1000.000000 0.204936 147.113022 -2.540867 -2.137904 0.000000 0.000000 3.355489
49600 497 139.714554 0.000000 1000.000000 0.350372 139.364182 0.000000 0.000000 0.000000 0.000000 1.757660
49700 498 159.746796 0.000000 1000.000000 0.776155 160.817673 -1.847028 0.000000 0.000000 0.000000 1.791249
49800 499 134.477890 0.000000 1000.000000 0.529378 142.862930 -4.859149 -4.055266 0.000000 0.000000 1.539819
49900 500 136.031235 0.000000 1000.000000 0.374470 136.269272 -0.612499 0.000000 0.000000 0.000000 2.391125
50000 501 146.802963 0.000000 1000.000000 0.289125 147.270752 -0.756911 0.000000 0.000000 0.000000 2.051618
