1 1 205.491608 0.000000 1000.000000 0.155347 209.727493 -0.487749 -3.903492 0.000000 0.000000 14.701536
100 2 148.054947 0.000000 1000.000000 0.278181 148.244278 -0.467507 0.000000 0.000000 0.000000 4.675407
200 3 140.866455 0.000000 1000.000000 0.621657 141.137314 -0.892512 0.000000 0.000000 0.000000 3.434745
300 4 167.169495 0.000000 1000.000000 1.434012 166.153442 -0.417954 0.000000 0.000000 0.000000 4.004233
400 5 176.510742 0.000000 1000.000000 1.343526 175.798111 -0.630889 0.000000 0.000000 0.000000 4.605374
500 6 157.821320 0.000000 1000.000000 0.348663 158.514603 -1.041947 0.000000 0.000000 0.000000 3.780282
600 7 156.223709 0.000000 1000.000000 0.440715 155.782990 0.000000 0.000000 0.000000 0.000000 3.049021
700 8 155.498016 0.000000 1000.000000 0.461549 155.036469 0.000000 0.000000 0.000000 0.000000 5.995702
800 9 161.478668 0.000000 1000.000000 0.493164 161.589050 -0.603539 0.000000 0.000000 0.000000 4.946907
900 10 181.800201 0.000000 1000.000000 0.447615 181.352585 0.000000 0.000000 0.000000 0.000000 5.010221
1000 11 143.415604 0.000000 1000.000000 0.401255 144.248093 -1.233752 0.000000 0.000000 0.000000 4.704457
1100 12 139.656754 0.000000 1000.000000 0.131110 140.379837 -0.854190 0.000000 0.000000 0.000000 4.996679
1200 13 150.652832 0.000000 1000.000000 0.907626 150.059647 -0.314442 0.000000 0.000000 0.000000 6.303103
1300 14 131.893478 0.000000 1000.000000 0.533584 131.472321 -0.112428 0.000000 0.000000 0.000000 5.633545
1400 15 160.946518 0.000000 1000.000000 0.474682 160.471832 0.000000 0.000000 0.000000 0.000000 6.132514
1500 16 145.493134 0.000000 1000.000000 0.665602 145.590836 -0.763304 0.000000 0.000000 0.000000 3.805812
1600 17 164.662415 0.000000 1000.000000 0.659335 164.003082 0.000000 0.000000 0.000000 0.000000 3.704876
1700 18 138.023712 0.000000 1000.000000 0.245086 138.824829 -1.046198 0.000000 0.000000 0.000000 4.401201
1800 19 149.758972 0.000000 1000.000000 1.086342 149.512161 -0.839523 0.000000 0.000000 0.000000 2.801565
1900 20 172.945480 0.000000 1000.000000 0.730602 141.963013 -2.141058 32.392918 0.000000 0.000000 2.549397
2000 21 135.608536 0.000000 1000.000000 0.252038 136.092453 -0.735969 0.000000 0.000000 0.000000 3.391846
2100 22 150.010330 0.000000 1000.000000 0.665297 150.208801 -0.863763 0.000000 0.000000 0.000000 3.820581
2200 23 140.067825 0.000000 1000.000000 1.223002 138.844818 0.000000 0.000000 0.000000 0.000000 3.116691
2300 24 137.830917 0.000000 1000.000000 1.248548 137.929123 -1.346748 0.000000 0.000000 0.000000 2.512589
2400 25 139.600891 0.000000 1000.000000 1.074522 138.526367 0.000000 0.000000 0.000000 0.000000 3.775894
2500 26 122.646385 0.000000 1000.000000 0.401223 122.823326 -0.578163 0.000000 0.000000 0.000000 3.045235
2600 27 134.095917 0.000000 1000.000000 0.190425 133.905487 0.000000 0.000000 0.000000 0.000000 4.963827
2700 28 122.153137 0.000000 1000.000000 0.967390 121.471176 -0.285432 0.000000 0.000000 0.000000 3.434214
2800 29 141.385956 0.000000 1000.000000 0.254935 142.796158 -1.665132 0.000000 0.000000 0.000000 5.831784
2900 30 136.999390 0.000000 1000.000000 0.668470 137.025833 -0.694916 0.000000 0.000000 0.000000 4.598785
3000 31 120.835320 0.000000 1000.000000 2.255442 119.873055 -1.293177 0.000000 0.000000 0.000000 2.713943
3100 32 134.962738 0.000000 1000.000000 0.755452 136.275787 -2.068497 0.000000 0.000000 0.000000 1.831320
3200 33 148.418686 0.000000 1000.000000 1.426056 148.332397 -1.339762 0.000000 0.000000 0.000000 4.151915
3300 34 145.402344 0.000000 1000.000000 0.730621 145.662369 -0.990642 0.000000 0.000000 0.000000 3.170561
3400 35 150.481033 0.000000 1000.000000 1.388889 153.773819 -1.720608 -2.961058 0.000000 0.000000 3.154831
3500 36 129.495071 0.000000 1000.000000 0.190447 129.304626 0.000000 0.000000 0.000000 0.000000 4.689089
3600 37 150.007156 0.000000 1000.000000 0.835842 149.171310 0.000000 0.000000 0.000000 0.000000 2.733778
3700 38 145.399826 0.000000 1000.000000 0.780785 145.224716 -0.605680 0.000000 0.000000 0.000000 3.246447
3800 39 149.752594 0.000000 1000.000000 0.512454 149.956238 -1.627837 0.911744 0.000000 0.000000 5.413911
3900 40 141.633575 0.000000 1000.000000 0.771593 142.267380 -1.405388 0.000000 0.000000 0.000000 3.042911
4000 41 137.232239 0.000000 1000.000000 0.401832 136.983658 -0.153247 0.000000 0.000000 0.000000 4.727861
4100 42 135.674393 0.000000 1000.000000 0.643923 136.486206 -1.455733 0.000000 0.000000 0.000000 4.510353
4200 43 115.374466 0.000000 1000.000000 0.374440 117.293671 -2.293647 0.000000 0.000000 0.000000 3.445933
4300 44 130.568787 0.000000 1000.000000 1.065723 129.713333 -0.210259 0.000000 0.000000 0.000000 8.048798
4400 45 133.398453 0.000000 1000.000000 0.603298 135.037521 -2.242372 0.000000 0.000000 0.000000 3.259187
4500 46 153.989944 0.000000 1000.000000 0.528527 153.461411 0.000000 0.000000 0.000000 0.000000 4.377894
4600 47 150.159454 0.000000 1000.000000 0.647560 149.511902 0.000000 0.000000 0.000000 0.000000 5.634020
4700 48 151.754272 0.000000 1000.000000 0.185935 151.568344 0.000000 0.000000 0.000000 0.000000 3.994006
4800 49 138.360550 0.000000 1000.000000 0.756277 137.604279 0.000000 0.000000 0.000000 0.000000 6.437868
4900 50 149.582153 0.000000 1000.000000 1.132250 149.137726 -0.687821 0.000000 0.000000 0.000000 3.913672
5000 51 145.818359 0.000000 1000.000000 0.544060 146.811111 -1.536815 0.000000 0.000000 0.000000 2.636074
5100 52 135.700134 0.000000 1000.000000 3.896253 132.121368 -0.317492 0.000000 0.000000 0.000000 3.604314
5200 53 132.083344 0.000000 1000.000000 0.452020 134.277084 -1.941783 -0.703975 0.000000 0.000000 3.409045
5300 54 146.629120 0.000000 1000.000000 0.219386 147.010849 -0.601120 0.000000 0.000000 0.000000 4.408014
5400 55 131.082352 0.000000 1000.000000 0.480086 130.602264 0.000000 0.000000 0.000000 0.000000 3.525937
5500 56 139.720215 0.000000 1000.000000 0.919441 139.442627 -0.641845 0.000000 0.000000 0.000000 3.840955
5600 57 146.992783 0.000000 1000.000000 0.327438 147.678833 -1.013487 0.000000 0.000000 0.000000 5.077770
5700 58 143.212723 0.000000 1000.000000 1.214357 143.157318 -1.158946 0.000000 0.000000 0.000000 2.922276
5800 59 142.692429 0.000000 1000.000000 0.360018 142.559875 -0.227457 0.000000 0.000000 0.000000 4.359272
5900 60 170.286545 0.000000 1000.000000 1.019546 173.603867 -2.020050 -2.316818 0.000000 0.000000 4.433514
6000 61 147.957947 0.000000 1000.000000 2.279358 145.678589 0.000000 0.000000 0.000000 0.000000 3.095954
6100 62 115.957352 0.000000 1000.000000 0.510480 116.863403 -1.416536 0.000000 0.000000 0.000000 4.224599
6200 63 133.910751 0.000000 1000.000000 0.423542 133.837112 -0.349899 0.000000 0.000000 0.000000 5.633735
6300 64 119.490959 0.000000 1000.000000 0.483310 119.007652 0.000000 0.000000 0.000000 0.000000 4.876798
6400 65 146.367599 0.000000 1000.000000 0.291332 147.029526 -0.953262 0.000000 0.000000 0.000000 3.106073
6500 66 131.496445 0.000000 1000.000000 1.449118 131.083069 -1.035738 0.000000 0.000000 0.000000 2.259638
6600 67 144.333801 0.000000 1000.000000 1.044475 143.449341 -0.160012 0.000000 0.000000 0.000000 4.025945
6700 68 147.724045 0.000000 1000.000000 1.217511 149.072479 -0.268825 -2.297125 0.000000 0.000000 3.055294
6800 69 139.791412 0.000000 1000.000000 0.824199 139.996811 -1.029603 0.000000 0.000000 0.000000 3.880183
6900 70 160.775955 0.000000 1000.000000 0.540203 160.987106 -0.751354 0.000000 0.000000 0.000000 3.176175
7000 71 144.670944 0.000000 1000.000000 0.334203 144.922516 -0.585772 0.000000 0.000000 0.000000 3.670549
7100 72 151.410553 0.000000 1000.000000 1.959614 150.834549 -1.383600 0.000000 0.000000 0.000000 1.930146
7200 73 137.313126 0.000000 1000.000000 1.135871 144.812622 -4.173877 -4.461490 0.000000 0.000000 1.806244
7300 74 151.514389 0.000000 1000.000000 0.461135 151.053253 0.000000 0.000000 0.000000 0.000000 1.927169
7400 75 133.518234 0.000000 1000.000000 0.851383 133.240295 -0.573438 0.000000 0.000000 0.000000 5.493567
7500 76 145.730209 0.000000 1000.000000 1.500714 145.946594 -1.717110 0.000000 0.000000 0.000000 1.626713
7600 77 166.746109 0.000000 1000.000000 0.963069 166.510345 -0.727307 0.000000 0.000000 0.000000 2.938649
7700 78 135.171707 0.000000 1000.000000 1.269705 134.516022 -0.614020 0.000000 0.000000 0.000000 2.242941
7800 79 121.571404 0.000000 1000.000000 2.278917 122.376976 -3.084486 0.000000 0.000000 0.000000 1.794123
7900 80 147.725235 0.000000 1000.000000 0.849775 147.203140 -0.327679 0.000000 0.000000 0.000000 3.316166
8000 81 153.074295 0.000000 1000.000000 1.573918 152.305496 -0.805121 0.000000 0.000000 0.000000 2.810153
8100 82 128.139832 0.000000 1000.000000 0.516535 127.089485 -2.268388 2.802194 0.000000 0.000000 3.552430
8200 83 134.944702 0.000000 1000.000000 0.659087 134.285614 0.000000 0.000000 0.000000 0.000000 2.262915
8300 84 120.950600 0.000000 1000.000000 1.997768 119.835388 -0.882554 0.000000 0.000000 0.000000 2.869189
8400 85 146.921463 0.000000 1000.000000 0.810561 146.110901 0.000000 0.000000 0.000000 0.000000 3.277962
8500 86 132.579590 0.000000 1000.000000 0.230626 133.621933 -1.272970 0.000000 0.000000 0.000000 3.434138
8600 87 149.533463 0.000000 1000.000000 0.547160 148.986298 0.000000 0.000000 0.000000 0.000000 4.170146
8700 88 133.318222 0.000000 1000.000000 0.658831 133.421280 -0.761881 0.000000 0.000000 0.000000 3.691662
8800 89 135.294662 0.000000 1000.000000 0.400559 135.181412 -0.287310 0.000000 0.000000 0.000000 2.747503
8900 90 139.053787 0.000000 1000.000000 0.469377 143.832901 -2.467514 -2.780976 0.000000 0.000000 2.643318
9000 91 140.511734 0.000000 1000.000000 0.435096 141.181366 -1.104717 0.000000 0.000000 0.000000 3.796051
9100 92 139.922958 0.000000 1000.000000 0.425089 142.515945 -3.018085 0.000000 0.000000 0.000000 2.155684
9200 93 151.835831 0.000000 1000.000000 2.386874 150.555557 -1.106599 0.000000 0.000000 0.000000 2.745766
9300 94 143.761902 0.000000 1000.000000 0.864378 134.182846 -1.897279 10.611948 0.000000 0.000000 3.199401
9400 95 125.398216 0.000000 1000.000000 2.000082 128.399323 -3.107194 -1.893987 0.000000 0.000000 2.746827
9500 96 131.858643 0.000000 1000.000000 0.892258 133.129715 -1.126904 -1.036416 0.000000 0.000000 2.061911
9600 97 167.283707 0.000000 1000.000000 0.309126 166.974579 0.000000 0.000000 0.000000 0.000000 1.975576
9700 98 130.757629 0.000000 1000.000000 0.545542 131.100784 -0.888706 0.000000 0.000000 0.000000 2.679172
9800 99 144.590454 0.000000 1000.000000 0.158294 144.904922 -0.472762 0.000000 0.000000 0.000000 3.168812
9900 100 136.412521 0.000000 1000.000000 0.323826 136.088699 0.000000 0.000000 0.000000 0.000000 2.918503
10000 101 127.550529 0.000000 1000.000000 0.357042 127.754318 -0.560827 0.000000 0.000000 0.000000 5.396951
10100 102 128.375198 0.000000 1000.000000 0.291485 128.982529 -0.898825 0.000000 0.000000 0.000000 4.446753
10200 103 140.851532 0.000000 1000.000000 1.526084 139.484528 -0.159077 0.000000 0.000000 0.000000 3.701197
10300 104 136.528046 0.000000 1000.000000 0.886231 137.048355 -1.406535 0.000000 0.000000 0.000000 3.754105
10400 105 148.320526 0.000000 1000.000000 1.187335 147.466187 -0.332990 0.000000 0.000000 0.000000 2.619019
10500 106 142.483887 0.000000 1000.000000 0.395319 145.473572 -2.243272 -1.141743 0.000000 0.000000 2.679371
10600 107 150.615005 0.000000 1000.000000 1.863952 148.751053 0.000000 0.000000 0.000000 0.000000 1.879751
10700 108 130.730469 0.000000 1000.000000 2.474068 133.094803 -1.810095 -3.028326 0.000000 0.000000 1.974252
10800 109 141.875107 0.000000 1000.000000 0.265180 142.838730 -1.228802 0.000000 0.000000 0.000000 1.703285
10900 110 142.562653 0.000000 1000.000000 0.465557 142.875534 -0.778441 0.000000 0.000000 0.000000 2.361331
11000 111 127.735794 0.000000 1000.000000 0.619774 128.310745 -1.194715 0.000000 0.000000 0.000000 2.469910
11100 112 142.032043 0.000000 1000.000000 1.730804 140.534302 -0.233067 0.000000 0.000000 0.000000 2.357946
11200 113 143.097183 0.000000 1000.000000 0.631231 142.465958 0.000000 0.000000 0.000000 0.000000 4.011850
11300 114 131.658997 0.000000 1000.000000 0.249048 131.743118 -0.333177 0.000000 0.000000 0.000000 2.521264
11400 115 127.098885 0.000000 1000.000000 0.480144 127.366615 -0.747870 0.000000 0.000000 0.000000 3.069635
11500 116 124.847153 0.000000 1000.000000 0.175647 125.484734 -0.813222 0.000000 0.000000 0.000000 4.059486
11600 117 121.413124 0.000000 1000.000000 0.241504 121.171623 0.000000 0.000000 0.000000 0.000000 3.333083
11700 118 151.515320 0.000000 1000.000000 0.798226 151.791061 -1.073982 0.000000 0.000000 0.000000 3.077722
11800 119 126.839317 0.000000 1000.000000 0.955376 131.209213 -1.544254 -3.781028 0.000000 0.000000 3.347427
11900 120 135.494644 0.000000 1000.000000 0.496809 136.733795 -1.735960 0.000000 0.000000 0.000000 2.379586
12000 121 134.542450 0.000000 1000.000000 1.200559 134.659378 -1.317496 0.000000 0.000000 0.000000 2.244477
12100 122 150.171341 0.000000 1000.000000 0.338300 149.833038 0.000000 0.000000 0.000000 0.000000 3.711704
12200 123 149.915695 0.000000 1000.000000 0.643936 150.158478 -0.886715 0.000000 0.000000 0.000000 3.897407
12300 124 152.255829 0.000000 1000.000000 0.505447 151.750381 0.000000 0.000000 0.000000 0.000000 4.677104
12400 125 129.433487 0.000000 1000.000000 0.383248 129.050232 0.000000 0.000000 0.000000 0.000000 3.821638
12500 126 155.992767 0.000000 1000.000000 0.444838 156.127655 -0.579727 0.000000 0.000000 0.000000 4.309028
12600 127 148.451828 0.000000 1000.000000 1.802251 146.649582 0.000000 0.000000 0.000000 0.000000 3.086579
12700 128 133.951324 0.000000 1000.000000 0.242254 133.555099 -2.622860 2.776836 0.000000 0.000000 1.973431
12800 129 146.411011 0.000000 1000.000000 1.500852 145.940125 -1.029967 0.000000 0.000000 0.000000 3.244683
12900 130 136.208160 0.000000 1000.000000 0.420747 137.601196 -1.813776 0.000000 0.000000 0.000000 2.548901
13000 131 152.164902 0.000000 1000.000000 1.426130 155.103821 -1.724622 -2.640426 0.000000 0.000000 2.662397
13100 132 174.621094 0.000000 1000.000000 1.564955 173.199341 -0.143197 0.000000 0.000000 0.000000 3.964485
13200 133 124.721115 0.000000 1000.000000 0.671563 124.311035 -0.261481 0.000000 0.000000 0.000000 3.290083
13300 134 139.604507 0.000000 1000.000000 1.847390 138.053680 -0.296576 0.000000 0.000000 0.000000 2.895198
13400 135 137.495972 0.000000 1000.000000 1.414779 140.835526 -2.503174 -2.251167 0.000000 0.000000 2.147732
13500 136 146.810501 0.000000 1000.000000 0.505328 146.305176 0.000000 0.000000 0.000000 0.000000 2.211522
13600 137 144.667511 0.000000 1000.000000 0.723211 146.467285 -2.140566 -0.382411 0.000000 0.000000 2.800798
13700 138 142.105606 0.000000 1000.000000 0.334367 142.979034 -1.207796 0.000000 0.000000 0.000000 2.285163
13800 139 163.022293 0.000000 1000.000000 0.390436 162.631851 0.000000 0.000000 0.000000 0.000000 2.963293
13900 140 143.640152 0.000000 1000.000000 0.333438 143.306717 0.000000 0.000000 0.000000 0.000000 2.069510
14000 141 125.226440 0.000000 1000.000000 0.156246 126.217445 -1.147250 0.000000 0.000000 0.000000 3.387952
14100 142 144.125504 0.000000 1000.000000 0.244171 144.387100 -0.505774 0.000000 0.000000 0.000000 3.989048
14200 143 140.591843 0.000000 1000.000000 0.177377 141.686508 -1.272050 0.000000 0.000000 0.000000 1.408624
14300 144 131.343964 0.000000 1000.000000 0.193701 131.150269 0.000000 0.000000 0.000000 0.000000 3.427186
14400 145 136.832642 0.000000 1000.000000 0.272289 136.560349 0.000000 0.000000 0.000000 0.000000 2.583026
14500 146 143.123886 0.000000 1000.000000 0.281691 143.869415 -1.027229 0.000000 0.000000 0.000000 2.681468
14600 147 134.070404 0.000000 1000.000000 0.812208 139.910263 -2.594706 -4.057358 0.000000 0.000000 1.907839
14700 148 135.976303 0.000000 1000.000000 0.492718 138.983566 -0.825341 -2.674644 0.000000 0.000000 3.086838
14800 149 142.619888 0.000000 1000.000000 0.421410 143.536789 -1.338322 0.000000 0.000000 0.000000 2.442539
14900 150 127.887321 0.000000 1000.000000 1.658601 127.918541 -1.689829 0.000000 0.000000 0.000000 1.893882
15000 151 126.848732 0.000000 1000.000000 0.300356 126.548378 0.000000 0.000000 0.000000 0.000000 3.029697
15100 152 133.651505 0.000000 1000.000000 0.637142 133.210785 -0.196434 0.000000 0.000000 0.000000 2.879245
15200 153 151.064819 0.000000 1000.000000 1.593551 149.769516 -0.298247 0.000000 0.000000 0.000000 3.520185
15300 154 127.657928 0.000000 1000.000000 0.598351 132.513809 -2.581455 -2.872786 0.000000 0.000000 1.916784
15400 155 169.403839 0.000000 1000.000000 0.791254 140.692291 -3.407767 31.328051 0.000000 0.000000 1.872020
15500 156 136.494171 0.000000 1000.000000 0.831474 137.866089 -2.203399 0.000000 0.000000 0.000000 2.435479
15600 157 128.151108 0.000000 1000.000000 1.162730 132.096466 -2.131033 -2.977064 0.000000 0.000000 1.833456
15700 158 128.604477 0.000000 1000.000000 0.296168 129.774460 -1.466158 0.000000 0.000000 0.000000 1.484213
15800 159 132.652756 0.000000 1000.000000 1.373787 132.643784 -1.364819 0.000000 0.000000 0.000000 2.423645
15900 160 135.546646 0.000000 1000.000000 0.667948 136.592300 -1.713609 0.000000 0.000000 0.000000 1.745832
16000 161 116.879524 0.000000 1000.000000 0.639956 117.496498 -1.256928 0.000000 0.000000 0.000000 2.344536
16100 162 140.916077 0.000000 1000.000000 0.428831 140.849380 -0.362144 0.000000 0.000000 0.000000 3.252492
16200 163 129.623520 0.000000 1000.000000 0.427527 130.105392 -0.909390 0.000000 0.000000 0.000000 3.761066
16300 164 146.097260 0.000000 1000.000000 0.953535 145.143723 0.000000 0.000000 0.000000 0.000000 3.945483
16400 165 127.654488 0.000000 1000.000000 1.017421 128.428085 -1.791025 0.000000 0.000000 0.000000 1.088217
16500 166 139.371582 0.000000 1000.000000 0.677982 139.820618 -1.127007 0.000000 0.000000 0.000000 3.675871
16600 167 131.056793 0.000000 1000.000000 0.649715 131.401581 -0.994510 0.000000 0.000000 0.000000 2.987549
16700 168 150.015869 0.000000 1000.000000 1.206270 149.357483 -0.547882 0.000000 0.000000 0.000000 2.367366
16800 169 148.030304 0.000000 1000.000000 0.195219 148.996262 -1.161177 0.000000 0.000000 0.000000 3.129197
16900 170 140.821411 0.000000 1000.000000 1.461064 139.360352 0.000000 0.000000 0.000000 0.000000 3.181908
17000 171 142.297791 0.000000 1000.000000 1.063387 143.499283 -2.264873 0.000000 0.000000 0.000000 1.809628
17100 172 143.159973 0.000000 1000.000000 0.447887 144.740982 -2.028897 0.000000 0.000000 0.000000 3.460501
17200 173 134.208038 0.000000 1000.000000 0.308630 135.267151 -1.367740 0.000000 0.000000 0.000000 2.658816
17300 174 131.927551 0.000000 1000.000000 0.382487 132.567581 -1.022521 0.000000 0.000000 0.000000 2.616286
17400 175 136.735779 0.000000 1000.000000 0.938849 135.978439 -0.181510 0.000000 0.000000 0.000000 3.554276
17500 176 142.689102 0.000000 1000.000000 0.657201 143.102737 -1.070833 0.000000 0.000000 0.000000 2.877984
17600 177 131.068909 0.000000 1000.000000 0.425672 132.359268 -1.716034 0.000000 0.000000 0.000000 2.514302
17700 178 145.582535 0.000000 1000.000000 0.494112 149.112518 -3.608974 -0.415117 0.000000 0.000000 1.981098
17800 179 139.679337 0.000000 1000.000000 0.554515 140.574249 -1.449437 0.000000 0.000000 0.000000 3.911044
17900 180 141.236542 0.000000 1000.000000 0.256973 140.979568 0.000000 0.000000 0.000000 0.000000 3.175535
18000 181 145.890762 0.000000 1000.000000 0.498015 147.047562 -1.654823 0.000000 0.000000 0.000000 2.135829
18100 182 152.746002 0.000000 1000.000000 1.162347 155.315887 -3.081491 -0.650735 0.000000 0.000000 2.838531
18200 183 146.507492 0.000000 1000.000000 1.475403 145.273392 -0.241297 0.000000 0.000000 0.000000 4.644465
18300 184 152.480820 0.000000 1000.000000 0.246291 154.338089 -1.573061 -0.530498 0.000000 0.000000 3.017200
18400 185 142.431564 0.000000 1000.000000 0.741292 141.690277 0.000000 0.000000 0.000000 0.000000 1.875355
18500 186 121.102692 0.000000 1000.000000 0.404093 121.345398 -0.646795 0.000000 0.000000 0.000000 2.086392
18600 187 135.825226 0.000000 1000.000000 1.468567 136.247406 -1.890748 0.000000 0.000000 0.000000 2.792511
18700 188 136.876251 0.000000 1000.000000 0.627595 141.844589 -1.721894 -3.874036 0.000000 0.000000 4.206049
18800 189 174.118637 0.000000 1000.000000 0.478439 173.640198 0.000000 0.000000 0.000000 0.000000 4.710995
18900 190 157.562119 0.000000 1000.000000 0.213983 159.266800 -1.918678 0.000000 0.000000 0.000000 1.962582
19000 191 134.336624 0.000000 1000.000000 0.261541 136.049896 -1.974809 0.000000 0.000000 0.000000 2.100383
19100 192 133.261108 0.000000 1000.000000 0.641142 138.222305 -2.728629 -2.873725 0.000000 0.000000 2.520974
19200 193 144.467377 0.000000 1000.000000 0.241724 144.225647 0.000000 0.000000 0.000000 0.000000 4.737071
19300 194 154.499634 0.000000 1000.000000 0.366042 154.477692 -0.344106 0.000000 0.000000 0.000000 2.236347
19400 195 150.428604 0.000000 1000.000000 0.785341 149.643265 0.000000 0.000000 0.000000 0.000000 3.127298
19500 196 131.115494 0.000000 1000.000000 0.467822 132.554092 -1.906421 0.000000 0.000000 0.000000 3.268901
19600 197 147.348511 0.000000 1000.000000 0.323792 153.317505 -3.390054 -2.902726 0.000000 0.000000 2.968200
19700 198 147.458405 0.000000 1000.000000 0.555912 149.213089 -1.833750 -0.476831 0.000000 0.000000 3.856734
19800 199 148.688385 0.000000 1000.000000 0.408205 150.163742 -1.883567 0.000000 0.000000 0.000000 3.201479
19900 200 134.797577 0.000000 1000.000000 1.020531 142.243210 -3.592840 -4.873338 0.000000 0.000000 2.615304
20000 201 127.009941 0.000000 1000.000000 0.164251 126.845688 0.000000 0.000000 0.000000 0.000000 3.262742
20100 202 130.234711 0.000000 1000.000000 1.950203 129.700546 -1.416043 0.000000 0.000000 0.000000 3.178376
20200 203 143.557861 0.000000 1000.000000 0.576047 144.554306 -1.572498 0.000000 0.000000 0.000000 6.990632
20300 204 144.916122 0.000000 1000.000000 0.198374 144.880783 -0.163043 0.000000 0.000000 0.000000 3.193907
20400 205 140.546967 0.000000 1000.000000 0.638998 139.907974 0.000000 0.000000 0.000000 0.000000 3.836545
20500 206 145.730011 0.000000 1000.000000 0.876181 144.853836 0.000000 0.000000 0.000000 0.000000 4.129257
20600 207 140.553802 0.000000 1000.000000 0.533780 140.020020 0.000000 0.000000 0.000000 0.000000 3.682986
20700 208 152.680450 0.000000 1000.000000 0.344859 153.734329 -1.398747 0.000000 0.000000 0.000000 4.923471
20800 209 135.012268 0.000000 1000.000000 0.359827 134.805481 -0.153045 0.000000 0.000000 0.000000 4.097129
20900 210 141.837509 0.000000 1000.000000 0.590797 142.610199 -1.363485 0.000000 0.000000 0.000000 3.554363
21000 211 140.065918 0.000000 1000.000000 1.396861 142.191925 -3.374503 -0.148372 0.000000 0.000000 1.874641
21100 212 155.399551 0.000000 1000.000000 0.915123 154.484421 0.000000 0.000000 0.000000 0.000000 2.520201
21200 213 144.293060 0.000000 1000.000000 0.198446 144.750854 -0.656235 0.000000 0.000000 0.000000 1.714536
21300 214 140.537399 0.000000 1000.000000 0.709908 139.827484 0.000000 0.000000 0.000000 0.000000 1.486263
21400 215 139.610123 0.000000 1000.000000 0.294639 140.329346 -1.013850 0.000000 0.000000 0.000000 2.948934
21500 216 140.371033 0.000000 1000.000000 0.318244 141.292419 -1.239623 0.000000 0.000000 0.000000 2.046686
21600 217 119.236313 0.000000 1000.000000 0.838925 119.239113 -0.841729 0.000000 0.000000 0.000000 2.408251
21700 218 133.977783 0.000000 1000.000000 1.041853 133.302002 -0.366073 0.000000 0.000000 0.000000 3.803782
21800 219 158.777756 0.000000 1000.000000 1.151041 158.211334 -0.584623 0.000000 0.000000 0.000000 2.925916
21900 220 136.488708 0.000000 1000.000000 0.886424 137.265152 -1.662866 0.000000 0.000000 0.000000 2.134579
22000 221 141.149872 0.000000 1000.000000 1.375605 140.545609 -0.771346 0.000000 0.000000 0.000000 1.579990
22100 222 144.619751 0.000000 1000.000000 0.359366 145.495300 -1.234906 0.000000 0.000000 0.000000 2.912412
22200 223 140.361450 0.000000 1000.000000 0.271754 140.801422 -0.711728 0.000000 0.000000 0.000000 2.253023
22300 224 124.438644 0.000000 1000.000000 0.265256 124.909760 -0.736373 0.000000 0.000000 0.000000 2.858559
22400 225 133.999557 0.000000 1000.000000 0.412078 134.437912 -0.850427 0.000000 0.000000 0.000000 2.973602
22500 226 143.554962 0.000000 1000.000000 0.456965 143.097992 0.000000 0.000000 0.000000 0.000000 2.953153
22600 227 148.540649 0.000000 1000.000000 0.450240 150.407257 -2.316856 0.000000 0.000000 0.000000 3.037116
22700 228 130.096344 0.000000 1000.000000 0.220048 129.876297 0.000000 0.000000 0.000000 0.000000 3.821073
22800 229 152.007812 0.000000 1000.000000 0.491413 154.882523 -2.021156 -1.344970 0.000000 0.000000 2.918646
22900 230 145.769379 0.000000 1000.000000 0.523158 146.154266 -0.908044 0.000000 0.000000 0.000000 2.572480
23000 231 154.811615 0.000000 1000.000000 0.277822 158.277069 -3.164345 -0.578920 0.000000 0.000000 2.072186
23100 232 149.367508 0.000000 1000.000000 0.602438 155.804474 -2.760562 -4.278844 0.000000 0.000000 1.015418
23200 233 135.425964 0.000000 1000.000000 0.957424 138.038422 -3.115229 -0.454653 0.000000 0.000000 1.640661
23300 234 155.468063 0.000000 1000.000000 0.346354 152.343384 -1.675547 4.453875 0.000000 0.000000 3.057948
23400 235 148.088272 0.000000 1000.000000 1.471097 149.773102 -2.691292 -0.464625 0.000000 0.000000 2.501418
23500 236 148.027298 0.000000 1000.000000 0.305194 148.310974 -0.588870 0.000000 0.000000 0.000000 3.081019
23600 237 133.405533 0.000000 1000.000000 0.183022 134.942932 -1.720421 0.000000 0.000000 0.000000 3.050062
23700 238 145.931686 0.000000 1000.000000 0.547745 148.425629 -0.960289 -2.081411 0.000000 0.000000 2.712546
23800 239 149.456268 0.000000 1000.000000 0.448219 149.819336 -0.811283 0.000000 0.000000 0.000000 1.801460
23900 240 156.718735 0.000000 1000.000000 0.415152 156.743027 -0.439443 0.000000 0.000000 0.000000 4.004783
24000 241 167.194901 0.000000 1000.000000 0.792737 166.402161 0.000000 0.000000 0.000000 0.000000 3.318590
24100 242 130.139420 0.000000 1000.000000 0.809625 131.457474 -1.679623 -0.448055 0.000000 0.000000 3.056720
24200 243 157.247620 0.000000 1000.000000 0.458901 157.971909 -1.183199 0.000000 0.000000 0.000000 6.325145
24300 244 135.378479 0.000000 1000.000000 0.637716 140.667816 -1.517769 -4.409280 0.000000 0.000000 2.590281
24400 245 139.293884 0.000000 1000.000000 0.675240 133.314560 -1.975562 7.279626 0.000000 0.000000 3.419456
24500 246 150.112122 0.000000 1000.000000 1.824751 149.515182 -1.227820 0.000000 0.000000 0.000000 3.380946
24600 247 138.153259 0.000000 1000.000000 0.316208 138.588440 -0.751395 0.000000 0.000000 0.000000 1.766168
24700 248 168.362335 0.000000 1000.000000 2.501536 165.860794 0.000000 0.000000 0.000000 0.000000 3.853624
24800 249 174.817993 0.000000 1000.000000 1.375564 175.462784 -2.020357 0.000000 0.000000 0.000000 2.479283
24900 250 146.640640 0.000000 1000.000000 0.557379 146.083267 0.000000 0.000000 0.000000 0.000000 2.640607
25000 251 145.420715 0.000000 1000.000000 0.585948 145.432159 -0.597398 0.000000 0.000000 0.000000 4.323082
25100 252 141.596603 0.000000 1000.000000 0.807443 141.621368 -0.832211 0.000000 0.000000 0.000000 1.963166
25200 253 121.477760 0.000000 1000.000000 0.374319 122.444733 -1.341294 0.000000 0.000000 0.000000 1.847933
25300 254 138.647049 0.000000 1000.000000 0.885227 139.235550 -1.473725 0.000000 0.000000 0.000000 1.906222
25400 255 143.057907 0.000000 1000.000000 0.301911 143.619171 -0.863178 0.000000 0.000000 0.000000 3.368516
25500 256 142.087799 0.000000 1000.000000 0.501676 143.479340 -1.893212 0.000000 0.000000 0.000000 2.023118
25600 257 129.178345 0.000000 1000.000000 0.450538 132.527771 -3.048838 -0.751112 0.000000 0.000000 3.102793
25700 258 173.032013 0.000000 1000.000000 1.077198 172.322815 -0.368002 0.000000 0.000000 0.000000 3.699316
25800 259 170.744873 0.000000 1000.000000 0.504237 143.586945 -3.143738 29.797428 0.000000 0.000000 1.713831
25900 260 153.942932 0.000000 1000.000000 0.343431 156.179077 -1.795839 -0.783734 0.000000 0.000000 1.444079
26000 261 142.845886 0.000000 1000.000000 1.432093 144.713379 -2.028994 -1.270595 0.000000 0.000000 2.438765
26100 262 147.556427 0.000000 1000.000000 0.634172 147.163254 -0.240993 0.000000 0.000000 0.000000 2.895838
26200 263 144.380280 0.000000 1000.000000 0.593729 145.259949 -1.473399 0.000000 0.000000 0.000000 1.956683
26300 264 148.461594 0.000000 1000.000000 0.601469 148.513199 -0.653081 0.000000 0.000000 0.000000 1.513854
26400 265 150.084351 0.000000 1000.000000 0.737847 149.501846 -0.155354 0.000000 0.000000 0.000000 2.683168
26500 266 132.341125 0.000000 1000.000000 0.893686 133.177216 -1.729789 0.000000 0.000000 0.000000 3.674546
26600 267 139.647186 0.000000 1000.000000 0.608705 139.729858 -0.691370 0.000000 0.000000 0.000000 6.723809
26700 268 134.746704 0.000000 1000.000000 0.163960 135.567383 -0.984635 0.000000 0.000000 0.000000 1.883717
26800 269 143.195541 0.000000 1000.000000 0.339877 147.617035 -2.037526 -2.723849 0.000000 0.000000 2.168828
26900 270 135.417160 0.000000 1000.000000 1.703304 137.428223 -2.549505 -1.164865 0.000000 0.000000 1.757972
27000 271 130.786819 0.000000 1000.000000 0.326497 131.983627 -1.523296 0.000000 0.000000 0.000000 3.372402
27100 272 143.995956 0.000000 1000.000000 0.383023 143.905502 -0.292566 0.000000 0.000000 0.000000 1.964034
27200 273 141.080597 0.000000 1000.000000 0.338630 141.336411 -0.594443 0.000000 0.000000 0.000000 1.876145
27300 274 131.298264 0.000000 1000.000000 0.852892 132.694672 -2.249298 0.000000 0.000000 0.000000 1.840527
27400 275 132.973816 0.000000 1000.000000 0.294289 133.786118 -1.106606 0.000000 0.000000 0.000000 2.583252
27500 276 136.110992 0.000000 1000.000000 2.718391 133.770020 -0.377408 0.000000 0.000000 0.000000 2.761310
27600 277 140.147415 0.000000 1000.000000 0.368317 142.562408 -2.783314 0.000000 0.000000 0.000000 1.266069
27700 278 135.268265 0.000000 1000.000000 0.738442 136.929108 -2.399287 0.000000 0.000000 0.000000 3.175809
27800 279 135.475693 0.000000 1000.000000 3.903816 133.300400 -1.728512 0.000000 0.000000 0.000000 1.509458
27900 280 142.830902 0.000000 1000.000000 2.752693 141.965637 -1.887421 0.000000 0.000000 0.000000 2.488103
28000 281 129.647903 0.000000 1000.000000 0.663525 131.730469 -2.193138 -0.552969 0.000000 0.000000 1.618409
28100 282 146.406326 0.000000 1000.000000 1.242932 146.062119 -0.898732 0.000000 0.000000 0.000000 2.554244
28200 283 137.398849 0.000000 1000.000000 0.918614 137.067261 -0.587020 0.000000 0.000000 0.000000 2.832558
28300 284 122.664124 0.000000 1000.000000 1.340086 121.872719 -0.548683 0.000000 0.000000 0.000000 2.168957
28400 285 124.618347 0.000000 1000.000000 0.672683 128.951904 -2.800569 -2.205673 0.000000 0.000000 1.989106
28500 286 134.241608 0.000000 1000.000000 0.602390 133.639221 0.000000 0.000000 0.000000 0.000000 4.031838
28600 287 131.227615 0.000000 1000.000000 0.431604 132.186722 -1.390710 0.000000 0.000000 0.000000 2.604115
28700 288 164.784973 0.000000 1000.000000 0.678974 164.106003 0.000000 0.000000 0.000000 0.000000 2.830715
28800 289 134.835037 0.000000 1000.000000 0.421467 134.413574 0.000000 0.000000 0.000000 0.000000 3.043857
28900 290 141.437744 0.000000 1000.000000 2.333788 142.887985 -3.072747 -0.711276 0.000000 0.000000 2.668237
29000 291 145.124725 0.000000 1000.000000 0.389919 147.664795 -2.243402 -0.686586 0.000000 0.000000 4.363776
29100 292 145.554550 0.000000 1000.000000 1.415479 144.139069 0.000000 0.000000 0.000000 0.000000 4.319068
29200 293 155.235138 0.000000 1000.000000 1.414340 154.459732 -0.638926 0.000000 0.000000 0.000000 3.160839
29300 294 125.188591 0.000000 1000.000000 0.282626 125.195923 -0.289955 0.000000 0.000000 0.000000 3.149085
29400 295 154.236542 0.000000 1000.000000 0.645698 154.261475 -0.670625 0.000000 0.000000 0.000000 3.398590
29500 296 137.962845 0.000000 1000.000000 0.321063 138.444214 -0.802425 0.000000 0.000000 0.000000 2.995330
29600 297 130.018524 0.000000 1000.000000 1.126889 129.678040 -0.786407 0.000000 0.000000 0.000000 5.963249
29700 298 144.965744 0.000000 1000.000000 0.886831 144.078918 0.000000 0.000000 0.000000 0.000000 3.466910
29800 299 128.634567 0.000000 1000.000000 0.197746 129.218613 -0.781789 0.000000 0.000000 0.000000 3.082989
29900 300 121.426643 0.000000 1000.000000 0.305189 121.813118 -0.691662 0.000000 0.000000 0.000000 3.190539
30000 301 128.754105 0.000000 1000.000000 1.541332 128.733688 -1.520914 0.000000 0.000000 0.000000 3.197500
30100 302 137.106613 0.000000 1000.000000 0.605923 137.617767 -1.117075 0.000000 0.000000 0.000000 2.157618
30200 303 131.305084 0.000000 1000.000000 0.579813 132.680664 -1.955397 0.000000 0.000000 0.000000 1.729114
30300 304 135.791931 0.000000 1000.000000 0.281765 135.510162 0.000000 0.000000 0.000000 0.000000 1.891848
30400 305 146.155334 0.000000 1000.000000 0.216902 145.938431 0.000000 0.000000 0.000000 0.000000 2.358291
30500 306 125.588387 0.000000 1000.000000 0.237091 125.351295 0.000000 0.000000 0.000000 0.000000 2.902960
30600 307 130.718597 0.000000 1000.000000 0.303686 132.693314 -2.278389 0.000000 0.000000 0.000000 3.102218
30700 308 177.654541 0.000000 1000.000000 1.400962 143.196350 -3.721402 36.778633 0.000000 0.000000 1.914576
30800 309 137.618942 0.000000 1000.000000 1.139639 139.107559 -2.628252 0.000000 0.000000 0.000000 3.112452
30900 310 130.781845 0.000000 1000.000000 1.570574 130.452423 -1.241146 0.000000 0.000000 0.000000 2.188923
31000 311 144.039108 0.000000 1000.000000 0.306240 150.180679 -2.777661 -3.670153 0.000000 0.000000 1.435705
31100 312 134.921112 0.000000 1000.000000 1.549580 137.898468 -3.229461 -1.297470 0.000000 0.000000 2.131643
31200 313 119.946960 0.000000 1000.000000 0.327279 125.948845 -1.955846 -4.373312 0.000000 0.000000 2.355033
31300 314 151.590454 0.000000 1000.000000 2.210924 153.167847 -2.767461 -1.020866 0.000000 0.000000 3.174142
31400 315 140.581161 0.000000 1000.000000 0.814102 143.598526 -3.200318 -0.631149 0.000000 0.000000 2.176249
31500 316 142.833069 0.000000 1000.000000 0.411499 143.141830 -0.720266 0.000000 0.000000 0.000000 3.912218
31600 317 140.191162 0.000000 1000.000000 1.314294 140.009140 -1.132280 0.000000 0.000000 0.000000 2.512283
31700 318 141.535385 0.000000 1000.000000 0.752031 142.144287 -1.360932 0.000000 0.000000 0.000000 4.584707
31800 319 134.693146 0.000000 1000.000000 1.117978 135.015488 -1.440316 0.000000 0.000000 0.000000 2.248543
31900 320 142.953400 0.000000 1000.000000 0.360233 143.431183 -0.838009 0.000000 0.000000 0.000000 2.417823
32000 321 143.074005 0.000000 1000.000000 0.690889 145.747070 -3.363958 0.000000 0.000000 0.000000 1.698702
32100 322 138.466537 0.000000 1000.000000 2.469089 136.566757 -0.569301 0.000000 0.000000 0.000000 2.438224
32200 323 129.275192 0.000000 1000.000000 0.783005 130.463608 -1.971417 0.000000 0.000000 0.000000 2.555306
32300 324 132.622406 0.000000 1000.000000 0.309122 133.567261 -1.253989 0.000000 0.000000 0.000000 1.872864
32400 325 133.480850 0.000000 1000.000000 0.792266 134.505600 -1.817016 0.000000 0.000000 0.000000 2.746806
32500 326 142.267685 0.000000 1000.000000 0.266468 142.540375 -0.539148 0.000000 0.000000 0.000000 2.946161
32600 327 133.699905 0.000000 1000.000000 0.342964 135.567505 -2.210557 0.000000 0.000000 0.000000 5.180316
32700 328 142.422470 0.000000 1000.000000 0.243804 142.178665 0.000000 0.000000 0.000000 0.000000 3.567687
32800 329 134.504578 0.000000 1000.000000 0.360644 135.838989 -4.304543 2.609499 0.000000 0.000000 2.146478
32900 330 138.072693 0.000000 1000.000000 0.332936 139.358597 -1.618828 0.000000 0.000000 0.000000 3.490595
33000 331 164.237946 0.000000 1000.000000 0.504480 167.405457 -1.389846 -2.282157 0.000000 0.000000 2.399669
33100 332 129.988632 0.000000 1000.000000 0.350301 130.865860 -1.227523 0.000000 0.000000 0.000000 2.319510
33200 333 147.772446 0.000000 1000.000000 0.473915 147.298538 0.000000 0.000000 0.000000 0.000000 3.707244
33300 334 149.988861 0.000000 1000.000000 0.299710 149.689148 0.000000 0.000000 0.000000 0.000000 2.588679
33400 335 157.602753 0.000000 1000.000000 3.387553 143.253494 -2.823901 13.785597 0.000000 0.000000 2.274357
33500 336 143.111649 0.000000 1000.000000 0.724616 143.006439 -0.619394 0.000000 0.000000 0.000000 1.492558
33600 337 159.168640 0.000000 1000.000000 0.401686 160.932068 -2.165110 0.000000 0.000000 0.000000 1.438724
33700 338 152.188614 0.000000 1000.000000 0.786937 158.004440 -3.392853 -3.209912 0.000000 0.000000 2.353710
33800 339 121.344040 0.000000 1000.000000 0.176259 121.961983 -0.794206 0.000000 0.000000 0.000000 2.516596
33900 340 151.533798 0.000000 1000.000000 1.458879 151.913635 -1.838718 0.000000 0.000000 0.000000 2.527660
34000 341 139.378967 0.000000 1000.000000 0.391991 140.442551 -1.455580 0.000000 0.000000 0.000000 2.001987
34100 342 132.648438 0.000000 1000.000000 0.271117 137.896301 -2.807822 -2.711168 0.000000 0.000000 1.733727
34200 343 140.153549 0.000000 1000.000000 0.492018 141.359100 -1.697575 0.000000 0.000000 0.000000 2.790362
34300 344 147.744675 0.000000 1000.000000 0.168456 147.882584 -0.306369 0.000000 0.000000 0.000000 4.017782
34400 345 134.596085 0.000000 1000.000000 3.221315 139.230087 -3.894123 -3.961198 0.000000 0.000000 1.524574
34500 346 187.872253 0.000000 1000.000000 0.714158 147.353424 -2.339273 42.143944 0.000000 0.000000 1.561059
34600 347 144.568405 0.000000 1000.000000 1.864959 144.939117 -2.235676 0.000000 0.000000 0.000000 4.674346
34700 348 134.084793 0.000000 1000.000000 0.202590 135.398163 -1.515957 0.000000 0.000000 0.000000 2.016473
34800 349 134.164978 0.000000 1000.000000 0.347739 138.019897 -1.124190 -3.078464 0.000000 0.000000 2.363080
34900 350 129.207718 0.000000 1000.000000 1.101096 128.106628 0.000000 0.000000 0.000000 0.000000 3.725377
35000 351 125.968994 0.000000 1000.000000 0.652677 126.909752 -1.593435 0.000000 0.000000 0.000000 2.335939
35100 352 130.048569 0.000000 1000.000000 0.389088 131.006454 -1.346970 0.000000 0.000000 0.000000 3.234816
35200 353 149.268921 0.000000 1000.000000 0.838834 149.166580 -0.736490 0.000000 0.000000 0.000000 2.591059
35300 354 135.786652 0.000000 1000.000000 0.342990 135.901581 -0.457920 0.000000 0.000000 0.000000 2.990051
35400 355 131.456985 0.000000 1000.000000 0.262644 131.931274 -0.736938 0.000000 0.000000 0.000000 2.309483
35500 356 147.551132 0.000000 1000.000000 0.396109 147.766953 -0.611928 0.000000 0.000000 0.000000 2.365930
35600 357 134.461792 0.000000 1000.000000 0.896867 137.941010 -2.202849 -2.173226 0.000000 0.000000 2.851450
35700 358 142.590393 0.000000 1000.000000 0.400933 142.189453 0.000000 0.000000 0.000000 0.000000 3.845867
35800 359 152.912704 0.000000 1000.000000 0.445199 153.733490 -1.265995 0.000000 0.000000 0.000000 4.363719
35900 360 134.763901 0.000000 1000.000000 1.660182 137.421631 -1.943885 -2.374039 0.000000 0.000000 4.558723
36000 361 152.234772 0.000000 1000.000000 1.536574 150.698196 0.000000 0.000000 0.000000 0.000000 3.960937
36100 362 137.252853 0.000000 1000.000000 0.478916 137.417709 -0.643774 0.000000 0.000000 0.000000 3.195405
36200 363 165.503448 0.000000 1000.000000 0.449843 166.561142 -1.507539 0.000000 0.000000 0.000000 3.428448
36300 364 119.514961 0.000000 1000.000000 0.277952 124.789101 -3.196306 -2.355792 0.000000 0.000000 2.267645
36400 365 140.496597 0.000000 1000.000000 1.196894 140.410645 -1.110953 0.000000 0.000000 0.000000 1.628973
36500 366 126.119827 0.000000 1000.000000 0.353808 131.362946 -3.529297 -2.067630 0.000000 0.000000 2.283555
36600 367 139.094650 0.000000 1000.000000 0.530017 139.459076 -0.894434 0.000000 0.000000 0.000000 3.873712
36700 368 143.953476 0.000000 1000.000000 2.120451 147.191544 -2.323627 -3.034902 0.000000 0.000000 3.173414
36800 369 135.157120 0.000000 1000.000000 1.088226 135.121231 -1.052341 0.000000 0.000000 0.000000 3.761463
36900 370 149.416473 0.000000 1000.000000 1.321333 148.095139 0.000000 0.000000 0.000000 0.000000 1.875739
37000 371 136.874191 0.000000 1000.000000 0.490916 136.383270 0.000000 0.000000 0.000000 0.000000 3.022768
37100 372 137.613953 0.000000 1000.000000 0.914223 138.280640 -1.580917 0.000000 0.000000 0.000000 1.945738
37200 373 140.757370 0.000000 1000.000000 0.411122 145.237000 -2.388683 -2.502055 0.000000 0.000000 1.627764
37300 374 124.461624 0.000000 1000.000000 0.571220 125.232552 -1.342150 0.000000 0.000000 0.000000 2.037951
37400 375 137.720459 0.000000 1000.000000 0.497857 137.887360 -0.664765 0.000000 0.000000 0.000000 2.594911
37500 376 142.728683 0.000000 1000.000000 0.841175 149.094482 -2.887982 -4.318991 0.000000 0.000000 1.907012
37600 377 138.764099 0.000000 1000.000000 0.567375 139.848145 -1.651435 0.000000 0.000000 0.000000 3.669632
37700 378 147.369293 0.000000 1000.000000 0.628820 147.631454 -0.890971 0.000000 0.000000 0.000000 3.811660
37800 379 156.116699 0.000000 1000.000000 0.543518 157.040771 -1.467596 0.000000 0.000000 0.000000 2.889537
37900 380 117.705795 0.000000 1000.000000 0.288146 118.208336 -0.790690 0.000000 0.000000 0.000000 3.897485
38000 381 144.737549 0.000000 1000.000000 0.362019 145.228821 -0.853285 0.000000 0.000000 0.000000 3.151302
38100 382 129.014526 0.000000 1000.000000 0.614173 132.224533 -1.330765 -2.493410 0.000000 0.000000 5.609644
38200 383 135.069153 0.000000 1000.000000 2.572724 133.453110 -0.956685 0.000000 0.000000 0.000000 2.732895
38300 384 142.788437 0.000000 1000.000000 0.312702 143.923569 -1.447831 0.000000 0.000000 0.000000 3.005387
38400 385 127.681747 0.000000 1000.000000 0.325758 128.255554 -0.899565 0.000000 0.000000 0.000000 2.718277
38500 386 135.228806 0.000000 1000.000000 0.376257 144.486267 -2.353901 -7.279815 0.000000 0.000000 4.474975
38600 387 129.103363 0.000000 1000.000000 0.311463 130.832977 -2.041084 0.000000 0.000000 0.000000 3.362830
38700 388 152.869797 0.000000 1000.000000 0.803784 148.610718 -2.018472 5.473775 0.000000 0.000000 4.893555
38800 389 126.828072 0.000000 1000.000000 0.372688 130.182251 -3.169102 -0.557759 0.000000 0.000000 3.172698
38900 390 121.072273 0.000000 1000.000000 0.589301 121.485611 -1.002642 0.000000 0.000000 0.000000 2.672321
39000 391 142.116806 0.000000 1000.000000 0.668340 142.228302 -0.779828 0.000000 0.000000 0.000000 4.056038
39100 392 138.464569 0.000000 1000.000000 1.080064 137.384506 0.000000 0.000000 0.000000 0.000000 3.672286
39200 393 142.754257 0.000000 1000.000000 0.580440 147.006851 -1.740611 -3.092426 0.000000 0.000000 2.890022
39300 394 146.081619 0.000000 1000.000000 1.043779 146.280807 -1.242965 0.000000 0.000000 0.000000 3.156767
39400 395 131.200806 0.000000 1000.000000 0.823479 132.596481 -2.493320 0.274169 0.000000 0.000000 2.521701
39500 396 128.559906 0.000000 1000.000000 0.586828 130.202438 -2.229352 0.000000 0.000000 0.000000 1.864147
39600 397 140.617126 0.000000 1000.000000 1.011707 142.199326 -2.593910 0.000000 0.000000 0.000000 2.706655
39700 398 137.172440 0.000000 1000.000000 0.296538 137.599228 -0.723332 0.000000 0.000000 0.000000 2.491749
39800 399 143.261475 0.000000 1000.000000 0.339139 144.888794 -1.966461 0.000000 0.000000 0.000000 2.411736
39900 400 146.677734 0.000000 1000.000000 0.220874 148.958130 -2.501261 0.000000 0.000000 0.000000 2.984899
40000 401 140.367569 0.000000 1000.000000 1.485851 140.371460 -1.489750 0.000000 0.000000 0.000000 4.523345
40100 402 135.182236 0.000000 1000.000000 1.320796 130.298920 -2.355199 5.917711 0.000000 0.000000 2.107601
40200 403 134.000519 0.000000 1000.000000 0.361803 134.613571 -0.974849 0.000000 0.000000 0.000000 2.528090
40300 404 127.658737 0.000000 1000.000000 0.606865 128.660324 -1.608445 0.000000 0.000000 0.000000 4.451329
40400 405 132.533218 0.000000 1000.000000 0.579614 133.600235 -1.646636 0.000000 0.000000 0.000000 3.661962
40500 406 147.308258 0.000000 1000.000000 0.425608 148.372391 -1.489750 0.000000 0.000000 0.000000 5.132754
40600 407 139.138718 0.000000 1000.000000 0.215416 139.686584 -0.763279 0.000000 0.000000 0.000000 3.858647
40700 408 135.693466 0.000000 1000.000000 0.411465 135.541306 -0.259304 0.000000 0.000000 0.000000 2.800354
40800 409 168.304230 0.000000 1000.000000 1.766927 133.199402 -1.735229 35.073143 0.000000 0.000000 3.520499
40900 410 152.502747 0.000000 1000.000000 2.473848 137.131317 -2.320803 15.218386 0.000000 0.000000 2.511116
41000 411 124.203201 0.000000 1000.000000 0.513285 124.529297 -0.839377 0.000000 0.000000 0.000000 3.181257
41100 412 154.480423 0.000000 1000.000000 1.640302 155.397675 -3.214747 0.657200 0.000000 0.000000 2.236859
41200 413 132.398834 0.000000 1000.000000 0.673209 131.725632 0.000000 0.000000 0.000000 0.000000 4.111933
41300 414 136.897354 0.000000 1000.000000 1.987996 134.909363 0.000000 0.000000 0.000000 0.000000 7.172266
41400 415 141.228592 0.000000 1000.000000 0.886748 140.341843 0.000000 0.000000 0.000000 0.000000 2.894047
41500 416 138.988800 0.000000 1000.000000 2.445015 136.543777 0.000000 0.000000 0.000000 0.000000 5.649886
41600 417 143.503143 0.000000 1000.000000 0.410346 143.671173 -0.578373 0.000000 0.000000 0.000000 4.486725
41700 418 136.946091 0.000000 1000.000000 0.496128 136.579025 -0.129066 0.000000 0.000000 0.000000 4.999622
41800 419 151.290482 0.000000 1000.000000 1.160975 150.129501 0.000000 0.000000 0.000000 0.000000 8.230617
41900 420 151.037552 0.000000 1000.000000 1.178700 142.927414 -4.609997 11.541450 0.000000 0.000000 4.361460
42000 421 147.206528 0.000000 1000.000000 0.520360 148.318954 -1.632782 0.000000 0.000000 0.000000 4.054897
42100 422 130.071838 0.000000 1000.000000 2.260518 127.811317 0.000000 0.000000 0.000000 0.000000 5.562544
42200 423 142.279221 0.000000 1000.000000 0.641084 143.147141 -1.508999 0.000000 0.000000 0.000000 2.674874
42300 424 134.008957 0.000000 1000.000000 0.280303 135.652100 -1.923442 0.000000 0.000000 0.000000 3.484748
42400 425 149.262436 0.000000 1000.000000 0.647247 149.710434 -1.095248 0.000000 0.000000 0.000000 3.305137
42500 426 163.301392 0.000000 1000.000000 0.734757 164.260056 -1.693420 0.000000 0.000000 0.000000 3.842418
42600 427 150.022537 0.000000 1000.000000 0.968377 149.054153 0.000000 0.000000 0.000000 0.000000 5.159240
42700 428 144.022003 0.000000 1000.000000 0.873002 144.710220 -1.561212 0.000000 0.000000 0.000000 3.084250
42800 429 135.616119 0.000000 1000.000000 1.390411 139.751602 -3.558636 -1.967253 0.000000 0.000000 1.352503
42900 430 134.764435 0.000000 1000.000000 0.295550 135.201126 -0.732237 0.000000 0.000000 0.000000 3.119671
43000 431 139.987732 0.000000 1000.000000 0.320899 146.218338 -2.107685 -4.443812 0.000000 0.000000 2.726937
43100 432 150.873489 0.000000 1000.000000 0.539951 151.541153 -1.207616 0.000000 0.000000 0.000000 2.417198
43200 433 148.605606 0.000000 1000.000000 0.663831 149.319489 -1.377718 0.000000 0.000000 0.000000 3.804429
43300 434 128.854248 0.000000 1000.000000 1.041800 131.157471 -2.353120 -0.991891 0.000000 0.000000 3.198459
43400 435 119.199890 0.000000 1000.000000 0.734087 126.465652 -2.172338 -5.827504 0.000000 0.000000 3.304462
43500 436 121.753670 0.000000 1000.000000 0.917431 122.343407 -1.507168 0.000000 0.000000 0.000000 3.563935
43600 437 136.275406 0.000000 1000.000000 0.620759 136.687637 -1.032989 0.000000 0.000000 0.000000 2.945933
43700 438 144.540161 0.000000 1000.000000 2.420177 143.854279 -1.734303 0.000000 0.000000 0.000000 3.047238
43800 439 152.912964 0.000000 1000.000000 1.556084 151.493500 -0.136631 0.000000 0.000000 0.000000 3.960222
43900 440 125.345139 0.000000 1000.000000 0.398415 126.567184 -1.620463 0.000000 0.000000 0.000000 3.256181
44000 441 151.237213 0.000000 1000.000000 1.961195 150.474823 -1.198803 0.000000 0.000000 0.000000 2.397733
44100 442 126.668091 0.000000 1000.000000 1.691335 125.719566 -0.742814 0.000000 0.000000 0.000000 4.050326
44200 443 128.637695 0.000000 1000.000000 0.362665 128.869003 -0.593976 0.000000 0.000000 0.000000 3.084188
44300 444 151.183990 0.000000 1000.000000 0.376276 151.643906 -0.836197 0.000000 0.000000 0.000000 5.284619
44400 445 121.610611 0.000000 1000.000000 1.432401 124.332550 -1.565380 -2.588959 0.000000 0.000000 2.580789
44500 446 180.710800 0.000000 1000.000000 0.537643 173.232605 -0.583464 7.524014 0.000000 0.000000 4.519938
44600 447 134.370193 0.000000 1000.000000 0.684277 133.685913 0.000000 0.000000 0.000000 0.000000 2.403192
44700 448 142.382034 0.000000 1000.000000 0.996241 141.385788 0.000000 0.000000 0.000000 0.000000 4.281007
44800 449 124.539490 0.000000 1000.000000 0.639146 124.885406 -0.985058 0.000000 0.000000 0.000000 4.463570
44900 450 124.694328 0.000000 1000.000000 0.288438 129.999390 -1.574202 -4.019297 0.000000 0.000000 4.594414
45000 451 132.791290 0.000000 1000.000000 0.941266 131.850021 0.000000 0.000000 0.000000 0.000000 2.645519
45100 452 127.407761 0.000000 1000.000000 0.681266 127.753487 -1.026994 0.000000 0.000000 0.000000 2.922206
45200 453 136.254379 0.000000 1000.000000 0.447002 135.807373 0.000000 0.000000 0.000000 0.000000 4.495458
45300 454 137.750992 0.000000 1000.000000 0.409182 137.688644 -0.346826 0.000000 0.000000 0.000000 3.030908
45400 455 142.177933 0.000000 1000.000000 0.818645 141.359283 0.000000 0.000000 0.000000 0.000000 3.840355
45500 456 126.806366 0.000000 1000.000000 1.074267 127.374245 -1.642151 0.000000 0.000000 0.000000 3.150815
45600 457 136.070129 0.000000 1000.000000 0.353079 137.780502 -2.063439 0.000000 0.000000 0.000000 2.460965
45700 458 128.944214 0.000000 1000.000000 0.828870 127.097839 -2.483242 3.500746 0.000000 0.000000 3.237579
45800 459 146.408035 0.000000 1000.000000 0.820173 145.587860 0.000000 0.000000 0.000000 0.000000 4.576328
45900 460 142.946655 0.000000 1000.000000 0.247912 143.568176 -0.869427 0.000000 0.000000 0.000000 4.301311
46000 461 130.382996 0.000000 1000.000000 0.670748 133.540085 -2.749471 -1.078363 0.000000 0.000000 2.006235
46100 462 136.350418 0.000000 1000.000000 0.407123 137.086090 -1.142793 0.000000 0.000000 0.000000 1.947339
46200 463 143.909592 0.000000 1000.000000 0.653098 145.030731 -1.774235 0.000000 0.000000 0.000000 2.275964
46300 464 153.498840 0.000000 1000.000000 0.895371 154.502029 -1.898560 0.000000 0.000000 0.000000 2.435821
46400 465 144.851532 0.000000 1000.000000 0.598225 145.697449 -1.444139 0.000000 0.000000 0.000000 2.398151
46500 466 136.062668 0.000000 1000.000000 2.376688 134.550690 -0.864718 0.000000 0.000000 0.000000 2.035357
46600 467 134.164230 0.000000 1000.000000 0.179018 135.202713 -1.217496 0.000000 0.000000 0.000000 2.683813
46700 468 134.589371 0.000000 1000.000000 1.762378 133.284760 -0.457758 0.000000 0.000000 0.000000 3.371740
46800 469 160.057571 0.000000 1000.000000 2.914183 159.533981 -2.390590 0.000000 0.000000 0.000000 1.539591
46900 470 144.877289 0.000000 1000.000000 0.458845 149.184113 -2.205921 -2.559754 0.000000 0.000000 2.468146
47000 471 201.131668 0.000000 1000.000000 0.871339 136.842865 -1.714147 65.131607 0.000000 0.000000 2.035565
47100 472 150.098724 0.000000 1000.000000 0.614589 149.659317 -0.175185 0.000000 0.000000 0.000000 4.190758
47200 473 135.758957 0.000000 1000.000000 0.723866 136.624176 -1.589078 0.000000 0.000000 0.000000 3.268688
47300 474 126.131462 0.000000 1000.000000 0.863222 126.584602 -1.316359 0.000000 0.000000 0.000000 3.036622
47400 475 129.745438 0.000000 1000.000000 1.812917 128.395859 -0.463331 0.000000 0.000000 0.000000 2.970037
47500 476 146.063049 0.000000 1000.000000 0.983162 146.186600 -1.106713 0.000000 0.000000 0.000000 4.402046
47600 477 138.158615 0.000000 1000.000000 0.929627 138.346573 -1.117581 0.000000 0.000000 0.000000 4.446194
47700 478 142.852097 0.000000 1000.000000 0.373868 144.251099 -1.772875 0.000000 0.000000 0.000000 4.168345
47800 479 136.162384 0.000000 1000.000000 1.515473 136.011002 -1.364095 0.000000 0.000000 0.000000 5.872140
47900 480 128.355225 0.000000 1000.000000 0.893828 127.772057 -0.310650 0.000000 0.000000 0.000000 4.350060
48000 481 115.855766 0.000000 1000.000000 0.885442 121.531120 -2.815274 -3.745518 0.000000 0.000000 2.426167
48100 482 131.584396 0.000000 1000.000000 0.605202 133.035416 -2.056225 0.000000 0.000000 0.000000 2.525467
48200 483 130.176468 0.000000 1000.000000 1.234681 129.643005 -0.701220 0.000000 0.000000 0.000000 2.671815
48300 484 140.571716 0.000000 1000.000000 0.555970 141.404068 -1.388327 0.000000 0.000000 0.000000 3.080420
48400 485 143.902618 0.000000 1000.000000 0.784251 143.834183 -0.715822 0.000000 0.000000 0.000000 3.216881
48500 486 128.471161 0.000000 1000.000000 0.832558 128.879639 -1.241036 0.000000 0.000000 0.000000 2.247989
48600 487 153.762299 0.000000 1000.000000 0.386986 153.375305 0.000000 0.000000 0.000000 0.000000 5.016648
48700 488 132.160980 0.000000 1000.000000 0.358627 132.430984 -0.628627 0.000000 0.000000 0.000000 3.135775
48800 489 132.147324 0.000000 1000.000000 2.444441 131.835571 -2.132691 0.000000 0.000000 0.000000 3.041970
48900 490 156.213486 0.000000 1000.000000 0.667629 156.327591 -0.781741 0.000000 0.000000 0.000000 2.955142
49000 491 134.839523 0.000000 1000.000000 1.043724 134.425278 -0.629464 0.000000 0.000000 0.000000 2.346913
49100 492 136.381744 0.000000 1000.000000 1.396011 138.974014 -2.405694 -1.582580 0.000000 0.000000 1.920974
49200 493 130.795395 0.000000 1000.000000 1.143966 131.342606 -1.691177 0.000000 0.000000 0.000000 2.788985
49300 494 124.979256 0.000000 1000.000000 0.074875 125.398041 -0.493662 0.000000 0.000000 0.000000 2.382405
49400 495 147.380798 0.000000 1000.000000 0.597175 147.185745 -0.402108 0.000000 0.000000 0.000000 3.952077
49500 496 127.811661 0.000000 1000.000000 1.543107 127.747437 -1.478882 0.000000 0.000000 0.000000 3.849073
49600 497 142.991425 0.000000 1000.000000 1.309565 141.681854 0.000000 0.000000 0.000000 0.000000 4.096362
49700 498 124.175766 0.000000 1000.000000 0.725774 124.678169 -1.228177 0.000000 0.000000 0.000000 3.763900
49800 499 122.171745 0.000000 1000.000000 1.007372 123.753677 -2.589305 0.000000 0.000000 0.000000 2.833119
49900 500 141.828461 0.000000 1000.000000 1.029920 141.247025 -0.448493 0.000000 0.000000 0.000000 5.014231
50000 501 127.833008 0.000000 1000.000000 0.585143 127.247864 0.000000 0.000000 0.000000 0.000000 2.688252
