1 1 177.663696 0.000000 1000.000000 0.177881 196.632553 -0.516499 -18.630243 0.000000 0.000000 19.361702
100 2 201.884216 0.000000 1000.000000 1.992730 183.446121 -0.787898 17.233253 0.000000 0.000000 6.222539
200 3 149.163971 0.000000 1000.000000 0.515971 148.978790 -0.330803 0.000000 0.000000 0.000000 4.976223
300 4 144.450867 0.000000 1000.000000 0.461552 143.989319 0.000000 0.000000 0.000000 0.000000 4.513731
400 5 156.030304 0.000000 1000.000000 0.408925 155.621384 0.000000 0.000000 0.000000 0.000000 5.289975
500 6 137.185013 0.000000 1000.000000 0.356920 138.082367 -1.254276 0.000000 0.000000 0.000000 4.682512
600 7 127.348991 0.000000 1000.000000 0.303281 127.184258 -2.891724 2.753170 0.000000 0.000000 2.319265
700 8 151.396713 0.000000 1000.000000 0.941059 151.377609 -0.921956 0.000000 0.000000 0.000000 3.586231
800 9 144.022537 0.000000 1000.000000 0.182256 144.812073 -0.971780 0.000000 0.000000 0.000000 6.760368
900 10 135.531738 0.000000 1000.000000 1.435188 135.984024 -1.887470 0.000000 0.000000 0.000000 3.048532
1000 11 142.626907 0.000000 1000.000000 0.342307 142.284607 0.000000 0.000000 0.000000 0.000000 2.494487
1100 12 147.538528 0.000000 1000.000000 1.778994 146.746948 -0.987410 0.000000 0.000000 0.000000 2.755380
1200 13 145.767029 0.000000 1000.000000 0.649584 147.440826 -2.323383 0.000000 0.000000 0.000000 1.227754
1300 14 142.900558 0.000000 1000.000000 0.603962 133.309860 -2.527676 11.514425 0.000000 0.000000 1.396346
1400 15 143.984924 0.000000 1000.000000 0.986136 144.371674 -1.372877 0.000000 0.000000 0.000000 2.394174
1500 16 180.010361 0.000000 1000.000000 1.131253 143.314804 -2.412027 37.976334 0.000000 0.000000 1.479092
1600 17 148.838699 0.000000 1000.000000 0.633095 149.626785 -1.421189 0.000000 0.000000 0.000000 3.271259
1700 18 148.264542 0.000000 1000.000000 1.125556 150.428207 -4.340342 1.051131 0.000000 0.000000 1.105935
1800 19 160.848938 0.000000 1000.000000 1.214357 160.639114 -1.004533 0.000000 0.000000 0.000000 2.529532
1900 20 149.748459 0.000000 1000.000000 1.054242 155.391037 -2.967596 -3.729240 0.000000 0.000000 2.942874
2000 21 165.084015 0.000000 1000.000000 0.907565 164.176453 0.000000 0.000000 0.000000 0.000000 1.952444
2100 22 162.536789 0.000000 1000.000000 1.500698 161.387238 -0.351145 0.000000 0.000000 0.000000 2.363529
2200 23 148.605103 0.000000 1000.000000 0.591253 145.084534 -1.574538 4.503859 0.000000 0.000000 1.848988
2300 24 142.304550 0.000000 1000.000000 0.365637 142.299606 -0.360692 0.000000 0.000000 0.000000 2.819955
2400 25 157.724289 0.000000 1000.000000 0.984835 142.292297 -1.685261 16.132410 0.000000 0.000000 2.316791
2500 26 128.215073 0.000000 1000.000000 0.374309 133.384659 -2.646666 -2.897234 0.000000 0.000000 1.404120
2600 27 170.545578 0.000000 1000.000000 1.422641 135.312759 -4.398861 38.209042 0.000000 0.000000 0.893219
2700 28 132.699982 0.000000 1000.000000 1.582397 135.143265 -4.025688 0.000000 0.000000 0.000000 1.180843
2800 29 117.862244 0.000000 1000.000000 0.592602 119.860649 -2.591007 0.000000 0.000000 0.000000 2.593354
2900 30 157.856003 0.000000 1000.000000 0.460118 134.242630 -3.843039 26.996290 0.000000 0.000000 0.763124
3000 31 142.493851 0.000000 1000.000000 1.461168 147.716660 -3.950852 -2.733126 0.000000 0.000000 1.351774
3100 32 138.261246 0.000000 1000.000000 0.670773 143.711670 -2.161336 -3.959872 0.000000 0.000000 1.230009
3200 33 124.554962 0.000000 1000.000000 0.209281 125.267090 -0.921407 0.000000 0.000000 0.000000 1.710002
3300 34 137.779175 0.000000 1000.000000 0.408698 139.650955 -2.280466 0.000000 0.000000 0.000000 1.215276
3400 35 141.074921 0.000000 1000.000000 0.454731 145.623291 -5.567152 0.564059 0.000000 0.000000 0.625331
3500 36 125.395996 0.000000 1000.000000 0.501406 126.676735 -1.782142 0.000000 0.000000 0.000000 0.723610
3600 37 131.627884 0.000000 1000.000000 0.243933 134.193161 -2.809201 0.000000 0.000000 0.000000 1.084666
3700 38 143.559113 0.000000 1000.000000 0.421527 135.982254 -5.825849 12.981182 0.000000 0.000000 1.197594
3800 39 140.683945 0.000000 1000.000000 1.357346 140.383118 -1.056524 0.000000 0.000000 0.000000 2.003088
3900 40 135.748184 0.000000 1000.000000 0.310596 138.337341 -2.899746 0.000000 0.000000 0.000000 2.013944
4000 41 149.098633 0.000000 1000.000000 1.624836 149.109818 -1.636012 0.000000 0.000000 0.000000 1.193952
4100 42 141.005157 0.000000 1000.000000 0.836475 142.777771 -2.609089 0.000000 0.000000 0.000000 2.543380
4200 43 129.472015 0.000000 1000.000000 0.691869 137.295349 -4.253253 -4.261946 0.000000 0.000000 1.758164
4300 44 134.870148 0.000000 1000.000000 2.226836 135.467773 -2.824468 0.000000 0.000000 0.000000 2.874120
4400 45 136.188644 0.000000 1000.000000 0.809664 135.378983 0.000000 0.000000 0.000000 0.000000 2.597279
4500 46 141.910568 0.000000 1000.000000 0.938466 142.429688 -1.457582 0.000000 0.000000 0.000000 2.274314
4600 47 150.936295 0.000000 1000.000000 0.418255 152.398315 -1.880281 0.000000 0.000000 0.000000 2.671677
4700 48 138.381927 0.000000 1000.000000 0.619156 139.591217 -1.828450 0.000000 0.000000 0.000000 1.565562
4800 49 130.093491 0.000000 1000.000000 0.425185 142.919403 -6.754512 -6.496586 0.000000 0.000000 0.673522
4900 50 167.126205 0.000000 1000.000000 3.497719 166.141525 -2.513033 0.000000 0.000000 0.000000 1.283376
5000 51 190.110062 0.000000 1000.000000 1.246455 153.971344 -2.147854 37.040115 0.000000 0.000000 2.177027
5100 52 203.386154 0.000000 1000.000000 1.147557 143.341034 -3.138266 62.035831 0.000000 0.000000 2.223482
5200 53 122.525688 0.000000 1000.000000 1.098127 122.169174 -0.741612 0.000000 0.000000 0.000000 1.592737
5300 54 138.362045 0.000000 1000.000000 0.223497 140.253586 -2.115031 0.000000 0.000000 0.000000 2.891914
5400 55 117.540672 0.000000 1000.000000 1.627825 118.182579 -2.269730 0.000000 0.000000 0.000000 1.688558
5500 56 114.479401 0.000000 1000.000000 0.235407 115.682861 -1.438862 0.000000 0.000000 0.000000 1.987242
5600 57 146.013443 0.000000 1000.000000 1.461668 146.698517 -2.146739 0.000000 0.000000 0.000000 1.137267
5700 58 186.148529 0.000000 1000.000000 1.117429 163.651474 -3.336511 24.716145 0.000000 0.000000 0.844257
5800 59 135.031479 0.000000 1000.000000 1.094011 140.786819 -4.143802 -2.705552 0.000000 0.000000 2.152282
5900 60 130.186462 0.000000 1000.000000 2.036864 130.496872 -2.347274 0.000000 0.000000 0.000000 1.466891
6000 61 146.367798 0.000000 1000.000000 1.170150 147.908798 -2.711154 0.000000 0.000000 0.000000 0.845896
6100 62 149.061142 0.000000 1000.000000 1.811881 149.071030 -1.821767 0.000000 0.000000 0.000000 1.806403
6200 63 149.476288 0.000000 1000.000000 2.135536 149.197281 -1.856515 0.000000 0.000000 0.000000 0.915297
6300 64 134.357590 0.000000 1000.000000 0.714054 133.687027 -0.043480 0.000000 0.000000 0.000000 2.344367
6400 65 124.623947 0.000000 1000.000000 1.626842 128.889694 -2.319264 -3.573331 0.000000 0.000000 2.373217
6500 66 138.330597 0.000000 1000.000000 0.287669 139.965302 -1.922373 0.000000 0.000000 0.000000 2.151994
6600 67 140.626205 0.000000 1000.000000 0.483884 145.987320 -1.168927 -4.676073 0.000000 0.000000 3.375392
6700 68 143.091919 0.000000 1000.000000 0.310145 145.588181 -2.806405 0.000000 0.000000 0.000000 2.207126
6800 69 170.705353 0.000000 1000.000000 0.790109 140.918381 -2.805138 31.802002 0.000000 0.000000 2.617617
6900 70 124.475571 0.000000 1000.000000 1.816604 128.963104 -2.948026 -3.356111 0.000000 0.000000 2.240077
7000 71 136.157028 0.000000 1000.000000 1.460264 142.913757 -3.972846 -4.244156 0.000000 0.000000 1.372598
7100 72 138.858063 0.000000 1000.000000 1.286132 140.403885 -2.831951 0.000000 0.000000 0.000000 1.695227
7200 73 145.102539 0.000000 1000.000000 0.444979 150.013229 -3.967405 -1.388254 0.000000 0.000000 0.868645
7300 74 136.612396 0.000000 1000.000000 0.879318 136.911621 -1.516939 0.338391 0.000000 0.000000 1.111825
7400 75 130.771271 0.000000 1000.000000 0.961480 130.553055 -0.743275 0.000000 0.000000 0.000000 2.962265
7500 76 137.540955 0.000000 1000.000000 0.636236 131.204895 -2.788405 8.488240 0.000000 0.000000 1.984462
7600 77 132.444656 0.000000 1000.000000 2.118861 138.651718 -3.899938 -4.426002 0.000000 0.000000 2.300393
7700 78 136.857132 0.000000 1000.000000 1.448050 137.377716 -1.968628 0.000000 0.000000 0.000000 1.184659
7800 79 131.337128 0.000000 1000.000000 1.224949 130.849091 -0.736908 0.000000 0.000000 0.000000 0.889233
7900 80 128.363083 0.000000 1000.000000 0.237490 135.379562 -4.595038 -2.658933 0.000000 0.000000 1.617052
8000 81 127.978554 0.000000 1000.000000 0.558989 135.153549 -4.898319 -2.835668 0.000000 0.000000 1.162945
8100 82 117.244049 0.000000 1000.000000 0.238802 117.005249 0.000000 0.000000 0.000000 0.000000 3.988821
8200 83 143.991852 0.000000 1000.000000 1.494395 144.892746 -2.395298 0.000000 0.000000 0.000000 2.069960
8300 84 171.848114 0.000000 1000.000000 0.941566 143.157211 -7.515023 35.264374 0.000000 0.000000 0.423715
8400 85 144.467880 0.000000 1000.000000 1.402780 144.102097 -1.037000 0.000000 0.000000 0.000000 2.475626
8500 86 143.177185 0.000000 1000.000000 1.024120 142.153061 0.000000 0.000000 0.000000 0.000000 3.492960
8600 87 121.053589 0.000000 1000.000000 0.277296 122.217270 -1.440982 0.000000 0.000000 0.000000 1.506242
8700 88 153.116364 0.000000 1000.000000 0.705893 144.177567 -7.130140 15.363052 0.000000 0.000000 0.837132
8800 89 151.430847 0.000000 1000.000000 0.502873 150.927979 0.000000 0.000000 0.000000 0.000000 3.362139
8900 90 146.514053 0.000000 1000.000000 0.992639 148.942978 -2.552854 -0.868710 0.000000 0.000000 1.728095
9000 91 131.308868 0.000000 1000.000000 1.031939 142.420944 -6.696837 -5.447175 0.000000 0.000000 0.920194
9100 92 133.582550 0.000000 1000.000000 0.463092 140.056091 -3.740649 -3.195989 0.000000 0.000000 0.910844
9200 93 141.787796 0.000000 1000.000000 0.835326 142.781586 -1.829113 0.000000 0.000000 0.000000 1.103692
9300 94 128.726608 0.000000 1000.000000 0.619781 135.317520 -2.893369 -4.317323 0.000000 0.000000 1.251536
9400 95 195.585175 0.000000 1000.000000 1.578888 145.671371 -4.324544 52.659454 0.000000 0.000000 1.902144
9500 96 128.388596 0.000000 1000.000000 1.754015 128.117859 -1.483278 0.000000 0.000000 0.000000 1.490730
9600 97 123.253387 0.000000 1000.000000 0.327644 125.010628 -2.084887 0.000000 0.000000 0.000000 1.644861
9700 98 130.846771 0.000000 1000.000000 0.220480 131.895630 -1.269339 0.000000 0.000000 0.000000 1.932561
9800 99 149.652481 0.000000 1000.000000 0.352501 150.613785 -1.313819 0.000000 0.000000 0.000000 2.275937
9900 100 139.545639 0.000000 1000.000000 0.475013 142.405319 -3.334680 0.000000 0.000000 0.000000 0.834464
10000 101 118.117088 0.000000 1000.000000 0.680830 127.187874 -4.059121 -5.692494 0.000000 0.000000 1.018958
10100 102 157.010406 0.000000 1000.000000 1.486832 150.057068 -5.225360 10.691860 0.000000 0.000000 1.172198
10200 103 166.395981 0.000000 1000.000000 0.349657 166.850571 -0.804245 0.000000 0.000000 0.000000 2.297591
10300 104 132.067764 0.000000 1000.000000 1.168900 133.350723 -2.451853 0.000000 0.000000 0.000000 1.832424
10400 105 128.915054 0.000000 1000.000000 0.863823 131.165131 -3.113898 0.000000 0.000000 0.000000 1.532899
10500 106 122.610603 0.000000 1000.000000 0.229933 124.788490 -2.407825 0.000000 0.000000 0.000000 1.447817
10600 107 157.133423 0.000000 1000.000000 0.805662 160.327606 -2.526816 -1.473031 0.000000 0.000000 2.953696
10700 108 129.955322 0.000000 1000.000000 0.298421 133.024948 -2.406471 -0.961581 0.000000 0.000000 2.689853
10800 109 153.416183 0.000000 1000.000000 0.550476 154.936768 -2.071067 0.000000 0.000000 0.000000 2.751212
10900 110 128.509659 0.000000 1000.000000 0.608504 128.741837 -0.840689 0.000000 0.000000 0.000000 2.404772
11000 111 136.080841 0.000000 1000.000000 0.553521 136.493713 -0.966394 0.000000 0.000000 0.000000 5.524611
11100 112 190.623993 0.000000 1000.000000 1.108024 140.552475 -4.535993 53.499500 0.000000 0.000000 1.879195
11200 113 147.484802 0.000000 1000.000000 1.299716 147.262634 -1.077542 0.000000 0.000000 0.000000 1.680393
11300 114 120.214287 0.000000 1000.000000 1.250122 138.092819 -4.751362 -14.377295 0.000000 0.000000 2.075696
11400 115 115.116295 0.000000 1000.000000 0.366685 126.626617 -5.050519 -6.826483 0.000000 0.000000 1.308247
11500 116 135.306854 0.000000 1000.000000 0.459865 135.539062 -0.692078 0.000000 0.000000 0.000000 4.459912
11600 117 131.894806 0.000000 1000.000000 0.663929 131.230881 0.000000 0.000000 0.000000 0.000000 2.159272
11700 118 139.596710 0.000000 1000.000000 1.026152 142.500870 -1.375733 -2.554575 0.000000 0.000000 2.150671
11800 119 141.682602 0.000000 1000.000000 0.270436 143.650208 -2.238031 0.000000 0.000000 0.000000 1.883443
11900 120 128.060577 0.000000 1000.000000 0.221088 137.695450 -3.806108 -6.049845 0.000000 0.000000 1.568799
12000 121 139.527100 0.000000 1000.000000 0.457961 140.457916 -1.388772 0.000000 0.000000 0.000000 1.844900
12100 122 127.684059 0.000000 1000.000000 0.258198 128.621841 -1.195975 0.000000 0.000000 0.000000 2.581631
12200 123 125.966225 0.000000 1000.000000 0.683337 131.044067 -1.870181 -3.891002 0.000000 0.000000 3.568616
12300 124 136.440262 0.000000 1000.000000 0.705378 139.121521 -3.386639 0.000000 0.000000 0.000000 1.870950
12400 125 138.024399 0.000000 1000.000000 1.752495 139.097733 -2.825815 0.000000 0.000000 0.000000 0.911292
12500 126 141.906372 0.000000 1000.000000 0.642303 143.480713 -2.216646 0.000000 0.000000 0.000000 2.496105
12600 127 129.752365 0.000000 1000.000000 0.621796 141.187180 -5.407466 -6.649139 0.000000 0.000000 1.455670
12700 128 135.923004 0.000000 1000.000000 0.735609 135.660172 -0.472786 0.000000 0.000000 0.000000 1.981522
12800 129 133.751480 0.000000 1000.000000 1.336785 137.389526 -1.496968 -3.477878 0.000000 0.000000 2.524042
12900 130 149.936142 0.000000 1000.000000 0.327933 151.055450 -1.447231 0.000000 0.000000 0.000000 3.370049
13000 131 128.264893 0.000000 1000.000000 0.665465 131.612106 -3.166582 -0.846102 0.000000 0.000000 2.590808
13100 132 139.073578 0.000000 1000.000000 0.323791 141.978577 -3.228796 0.000000 0.000000 0.000000 1.996427
13200 133 164.464752 0.000000 1000.000000 0.346077 165.564606 -1.445944 0.000000 0.000000 0.000000 2.222720
13300 134 157.912048 0.000000 1000.000000 1.491059 158.383667 -1.962671 0.000000 0.000000 0.000000 2.221392
13400 135 140.814163 0.000000 1000.000000 0.375469 141.845184 -1.406492 0.000000 0.000000 0.000000 1.516629
13500 136 127.955772 0.000000 1000.000000 0.158562 130.271027 -2.473827 0.000000 0.000000 0.000000 1.460124
13600 137 140.930542 0.000000 1000.000000 0.854484 142.534973 -2.458913 0.000000 0.000000 0.000000 1.400886
13700 138 181.790222 0.000000 1000.000000 0.869365 145.411484 -2.877994 38.387367 0.000000 0.000000 1.458237
13800 139 135.957840 0.000000 1000.000000 0.351019 136.276901 -0.670071 0.000000 0.000000 0.000000 2.704313
13900 140 140.028259 0.000000 1000.000000 0.733533 142.933823 -1.574773 -2.064328 0.000000 0.000000 1.880678
14000 141 147.043137 0.000000 1000.000000 0.338273 153.492935 -2.799186 -3.988899 0.000000 0.000000 1.467795
14100 142 140.585693 0.000000 1000.000000 0.673617 148.295364 -3.512479 -4.870803 0.000000 0.000000 2.943959
14200 143 141.771469 0.000000 1000.000000 0.660131 142.270706 -1.159368 0.000000 0.000000 0.000000 2.519167
14300 144 153.051163 0.000000 1000.000000 0.302314 153.729736 -0.980880 0.000000 0.000000 0.000000 2.803398
14400 145 161.574448 0.000000 1000.000000 1.679699 160.945450 -1.050704 0.000000 0.000000 0.000000 2.418729
14500 146 161.231430 0.000000 1000.000000 0.298370 166.178543 -2.279733 -2.965740 0.000000 0.000000 1.832199
14600 147 146.683350 0.000000 1000.000000 0.142927 150.079391 -3.538974 0.000000 0.000000 0.000000 3.477669
14700 148 156.905762 0.000000 1000.000000 0.270881 157.473907 -0.839017 0.000000 0.000000 0.000000 4.947763
14800 149 154.627045 0.000000 1000.000000 1.222504 163.999969 -2.421763 -8.173657 0.000000 0.000000 3.073689
14900 150 149.732864 0.000000 1000.000000 0.862739 150.066772 -1.196640 0.000000 0.000000 0.000000 3.456897
15000 151 141.819305 0.000000 1000.000000 0.255043 148.265289 -3.603327 -3.097693 0.000000 0.000000 1.577912
15100 152 167.942963 0.000000 1000.000000 0.879446 148.977783 -3.740157 21.825903 0.000000 0.000000 1.084278
15200 153 142.586441 0.000000 1000.000000 0.269343 142.635223 -0.318135 0.000000 0.000000 0.000000 2.824720
15300 154 147.548676 0.000000 1000.000000 1.786362 146.557526 -0.795206 0.000000 0.000000 0.000000 1.789194
15400 155 129.049774 0.000000 1000.000000 0.445305 130.345016 -3.147670 1.407115 0.000000 0.000000 1.512796
15500 156 129.184250 0.000000 1000.000000 0.766748 129.722427 -1.304926 0.000000 0.000000 0.000000 1.946649
15600 157 134.434784 0.000000 1000.000000 0.826107 134.195969 -0.587297 0.000000 0.000000 0.000000 2.487869
15700 158 132.303680 0.000000 1000.000000 0.666289 138.958237 -7.029208 -0.291645 0.000000 0.000000 1.372755
15800 159 123.595612 0.000000 1000.000000 0.912687 129.565094 -4.005536 -2.876633 0.000000 0.000000 2.500907
15900 160 127.813622 0.000000 1000.000000 0.212710 133.120880 -3.208567 -2.311394 0.000000 0.000000 1.785227
16000 161 131.386292 0.000000 1000.000000 2.225543 135.682434 -3.240417 -3.281270 0.000000 0.000000 2.485079
16100 162 136.363892 0.000000 1000.000000 1.871888 135.956375 -1.464370 0.000000 0.000000 0.000000 1.529722
16200 163 140.107315 0.000000 1000.000000 0.963603 139.938004 -0.794300 0.000000 0.000000 0.000000 4.054291
16300 164 133.218597 0.000000 1000.000000 0.540135 144.386063 -5.549176 -6.158424 0.000000 0.000000 2.125224
16400 165 158.505508 0.000000 1000.000000 0.670435 160.159286 -2.324222 0.000000 0.000000 0.000000 1.113291
16500 166 133.732315 0.000000 1000.000000 0.346322 139.000687 -1.943641 -3.671065 0.000000 0.000000 1.354327
16600 167 128.194031 0.000000 1000.000000 0.415819 128.906509 -1.128295 0.000000 0.000000 0.000000 2.502374
16700 168 184.238815 0.000000 1000.000000 0.935103 143.815567 -1.631875 41.120029 0.000000 0.000000 3.729308
16800 169 173.971771 0.000000 1000.000000 1.196547 142.103729 -3.433741 34.105244 0.000000 0.000000 1.733173
16900 170 155.344543 0.000000 1000.000000 0.338045 159.749634 -3.540768 -1.202367 0.000000 0.000000 1.981675
17000 171 148.103455 0.000000 1000.000000 0.391247 150.304138 -2.591933 0.000000 0.000000 0.000000 3.286090
17100 172 156.865646 0.000000 1000.000000 0.293638 159.417282 -2.845281 0.000000 0.000000 0.000000 2.288993
17200 173 165.212967 0.000000 1000.000000 0.873982 142.381027 -4.232050 26.190018 0.000000 0.000000 2.195425
17300 174 146.506409 0.000000 1000.000000 0.527517 149.606323 -4.138391 0.510966 0.000000 0.000000 1.259246
17400 175 153.610229 0.000000 1000.000000 0.541151 145.371124 -5.133615 12.831575 0.000000 0.000000 1.698042
17500 176 157.050964 0.000000 1000.000000 0.423601 158.536758 -1.909398 0.000000 0.000000 0.000000 1.199102
17600 177 159.690277 0.000000 1000.000000 0.867669 159.488373 -0.665772 0.000000 0.000000 0.000000 1.206203
17700 178 178.569778 0.000000 1000.000000 0.900122 153.997009 -5.762768 29.435431 0.000000 0.000000 1.227364
17800 179 167.578506 0.000000 1000.000000 0.794829 171.936539 -2.957043 -2.195815 0.000000 0.000000 1.187210
17900 180 147.832199 0.000000 1000.000000 1.482826 157.045532 -4.888393 -5.807759 0.000000 0.000000 1.021819
18000 181 147.086273 0.000000 1000.000000 0.635226 147.169998 -0.718954 0.000000 0.000000 0.000000 1.218383
18100 182 150.691696 0.000000 1000.000000 0.381612 153.276917 -2.966825 0.000000 0.000000 0.000000 1.383997
18200 183 115.678978 0.000000 1000.000000 1.156099 118.839691 -4.316808 0.000000 0.000000 0.000000 0.985080
18300 184 136.921249 0.000000 1000.000000 0.415716 140.610886 -4.105350 0.000000 0.000000 0.000000 0.816308
18400 185 152.889664 0.000000 1000.000000 0.355642 137.978302 -5.132986 19.688709 0.000000 0.000000 1.306918
18500 186 163.893829 0.000000 1000.000000 0.718067 142.256943 -4.205010 25.123846 0.000000 0.000000 1.952889
18600 187 130.912567 0.000000 1000.000000 0.713147 134.541565 -4.342155 0.000000 0.000000 0.000000 1.139529
18700 188 111.307365 0.000000 1000.000000 0.238558 128.083237 -6.394512 -10.619921 0.000000 0.000000 0.442560
18800 189 165.108093 0.000000 1000.000000 1.075201 159.241501 -3.935596 8.726982 0.000000 0.000000 1.228520
18900 190 111.666519 0.000000 1000.000000 0.861529 119.185135 -4.321659 -4.058488 0.000000 0.000000 1.184723
19000 191 128.125732 0.000000 1000.000000 0.541330 135.071259 -4.525829 -2.961028 0.000000 0.000000 1.915590
19100 192 140.386963 0.000000 1000.000000 0.682702 149.658020 -4.542597 -5.411165 0.000000 0.000000 0.819664
19200 193 137.372726 0.000000 1000.000000 0.985426 141.831772 -2.939561 -2.504921 0.000000 0.000000 1.568671
19300 194 134.149765 0.000000 1000.000000 0.488626 149.289459 -6.827807 -8.800521 0.000000 0.000000 0.601819
19400 195 134.041748 0.000000 1000.000000 0.355805 134.860413 -1.174475 0.000000 0.000000 0.000000 0.996437
19500 196 162.965408 0.000000 1000.000000 1.206773 147.066895 -6.884592 21.576336 0.000000 0.000000 0.678281
19600 197 140.592773 0.000000 1000.000000 0.627969 147.157501 -4.458982 -2.733713 0.000000 0.000000 0.777727
19700 198 136.965347 0.000000 1000.000000 0.333768 140.303146 -3.671575 0.000000 0.000000 0.000000 1.175855
19800 199 141.671005 0.000000 1000.000000 0.371081 142.911469 -1.611541 0.000000 0.000000 0.000000 1.865496
19900 200 139.458496 0.000000 1000.000000 0.795362 140.101486 -1.438348 0.000000 0.000000 0.000000 1.244896
20000 201 137.183899 0.000000 1000.000000 0.446356 137.722992 -0.985436 0.000000 0.000000 0.000000 1.305938
20100 202 166.110565 0.000000 1000.000000 0.442579 165.667984 0.000000 0.000000 0.000000 0.000000 1.266115
20200 203 134.337708 0.000000 1000.000000 0.917196 135.254486 -1.833963 0.000000 0.000000 0.000000 1.991950
20300 204 133.136536 0.000000 1000.000000 0.998315 135.943802 -3.805588 0.000000 0.000000 0.000000 1.340290
20400 205 146.304199 0.000000 1000.000000 0.867116 145.437088 0.000000 0.000000 0.000000 0.000000 1.605432
20500 206 142.625732 0.000000 1000.000000 0.371410 142.254318 0.000000 0.000000 0.000000 0.000000 2.761571
20600 207 141.830490 0.000000 1000.000000 0.463901 146.488297 -3.191442 -1.930268 0.000000 0.000000 1.288309
20700 208 162.958679 0.000000 1000.000000 2.207261 160.751419 0.000000 0.000000 0.000000 0.000000 2.124878
20800 209 152.071289 0.000000 1000.000000 0.501926 158.343613 -5.363525 -1.410716 0.000000 0.000000 1.904387
20900 210 162.086868 0.000000 1000.000000 1.542860 163.022995 -2.478985 0.000000 0.000000 0.000000 1.795250
21000 211 121.879829 0.000000 1000.000000 0.759042 135.359695 -5.676880 -8.562035 0.000000 0.000000 0.393960
21100 212 129.843994 0.000000 1000.000000 0.301372 129.859634 -0.317021 0.000000 0.000000 0.000000 2.355464
21200 213 148.356308 0.000000 1000.000000 1.142360 150.192032 -2.978084 0.000000 0.000000 0.000000 2.049342
21300 214 151.337479 0.000000 1000.000000 0.432818 152.838165 -1.933510 0.000000 0.000000 0.000000 1.627948
21400 215 135.141281 0.000000 1000.000000 0.737833 136.138062 -1.734612 0.000000 0.000000 0.000000 1.946367
21500 216 130.355591 0.000000 1000.000000 0.218141 131.130722 -0.993274 0.000000 0.000000 0.000000 2.702390
21600 217 134.947540 0.000000 1000.000000 0.663152 138.892853 -3.524560 -1.083887 0.000000 0.000000 1.695084
21700 218 141.472397 0.000000 1000.000000 0.615777 147.321594 -3.870753 -2.594220 0.000000 0.000000 1.049920
21800 219 132.618637 0.000000 1000.000000 0.250282 135.768890 -3.400526 0.000000 0.000000 0.000000 2.360235
21900 220 142.625046 0.000000 1000.000000 0.323571 147.341705 -2.522464 -2.517774 0.000000 0.000000 2.029315
22000 221 152.307343 0.000000 1000.000000 0.661194 159.300354 -5.174538 -2.479661 0.000000 0.000000 0.577175
22100 222 135.337372 0.000000 1000.000000 0.645040 136.533035 -1.840693 0.000000 0.000000 0.000000 1.731850
22200 223 135.018646 0.000000 1000.000000 0.366495 142.105515 -2.931838 -4.521527 0.000000 0.000000 2.179323
22300 224 157.780685 0.000000 1000.000000 1.191975 158.128891 -1.540181 0.000000 0.000000 0.000000 1.687972
22400 225 140.504242 0.000000 1000.000000 1.106110 140.798599 -1.400462 0.000000 0.000000 0.000000 1.561980
22500 226 123.724983 0.000000 1000.000000 0.340618 129.200119 -3.500026 -2.315735 0.000000 0.000000 3.458655
22600 227 134.699936 0.000000 1000.000000 1.191139 135.187988 -1.679185 0.000000 0.000000 0.000000 2.694454
22700 228 128.376587 0.000000 1000.000000 0.325719 131.470551 -3.419676 0.000000 0.000000 0.000000 1.622461
22800 229 140.592163 0.000000 1000.000000 0.981054 145.409470 -3.142587 -2.655769 0.000000 0.000000 2.957342
22900 230 133.584869 0.000000 1000.000000 0.729036 134.392899 -1.537064 0.000000 0.000000 0.000000 3.253691
23000 231 150.309631 0.000000 1000.000000 2.077138 155.930420 -3.751542 -3.946381 0.000000 0.000000 1.567910
23100 232 152.262924 0.000000 1000.000000 0.984668 151.958038 -0.679772 0.000000 0.000000 0.000000 2.103082
23200 233 134.900757 0.000000 1000.000000 0.733332 138.072174 -1.438277 -2.466471 0.000000 0.000000 1.953470
23300 234 146.118134 0.000000 1000.000000 0.239070 149.450226 -6.344945 2.773769 0.000000 0.000000 1.147068
23400 235 137.212296 0.000000 1000.000000 0.812629 143.076889 -4.660629 -2.016583 0.000000 0.000000 0.731357
23500 236 144.189194 0.000000 1000.000000 0.386882 146.666580 -2.864279 0.000000 0.000000 0.000000 1.558294
23600 237 146.291901 0.000000 1000.000000 1.008902 148.084869 -2.801858 0.000000 0.000000 0.000000 2.273149
23700 238 129.910507 0.000000 1000.000000 0.977006 128.933502 0.000000 0.000000 0.000000 0.000000 1.754798
23800 239 137.289368 0.000000 1000.000000 1.353918 138.344254 -2.408796 0.000000 0.000000 0.000000 2.062985
23900 240 142.013855 0.000000 1000.000000 0.744634 141.269226 0.000000 0.000000 0.000000 0.000000 0.846892
24000 241 148.267792 0.000000 1000.000000 0.204724 150.441177 -2.378120 0.000000 0.000000 0.000000 1.777740
24100 242 125.328362 0.000000 1000.000000 0.495344 129.872147 -2.579538 -2.459596 0.000000 0.000000 1.233082
24200 243 147.237793 0.000000 1000.000000 0.457989 150.584793 -1.380706 -2.424282 0.000000 0.000000 2.764619
24300 244 162.576447 0.000000 1000.000000 0.520569 162.871872 -0.815991 0.000000 0.000000 0.000000 2.017797
24400 245 147.734100 0.000000 1000.000000 0.572926 147.235229 -0.074050 0.000000 0.000000 0.000000 3.486562
24500 246 146.712524 0.000000 1000.000000 0.967339 152.715500 -2.509422 -4.460913 0.000000 0.000000 2.103447
24600 247 140.994308 0.000000 1000.000000 0.370611 141.865204 -1.241508 0.000000 0.000000 0.000000 1.913663
24700 248 139.001572 0.000000 1000.000000 0.624318 139.595627 -1.218372 0.000000 0.000000 0.000000 2.037897
24800 249 150.940613 0.000000 1000.000000 1.029820 146.466919 -6.441042 9.884916 0.000000 0.000000 2.928409
24900 250 146.033096 0.000000 1000.000000 0.519521 148.983475 -1.264948 -2.204935 0.000000 0.000000 2.809999
25000 251 147.914337 0.000000 1000.000000 2.358881 150.747696 -2.627927 -2.564314 0.000000 0.000000 2.341830
25100 252 130.410080 0.000000 1000.000000 0.955819 140.159988 -5.570485 -5.135251 0.000000 0.000000 1.060293
25200 253 149.630157 0.000000 1000.000000 0.478896 150.966156 -1.814896 0.000000 0.000000 0.000000 1.908842
25300 254 144.110062 0.000000 1000.000000 0.340480 149.914658 -3.760897 -2.384193 0.000000 0.000000 1.114928
25400 255 142.621201 0.000000 1000.000000 0.579858 147.408936 -1.795362 -3.572232 0.000000 0.000000 1.798274
25500 256 152.746902 0.000000 1000.000000 0.513808 153.644028 -1.410935 0.000000 0.000000 0.000000 1.039367
25600 257 140.779053 0.000000 1000.000000 0.900341 148.967789 -4.216093 -4.872991 0.000000 0.000000 1.701815
25700 258 141.314209 0.000000 1000.000000 1.048616 143.013290 -2.747692 0.000000 0.000000 0.000000 1.528610
25800 259 153.852234 0.000000 1000.000000 1.074245 137.399658 -5.363383 20.741714 0.000000 0.000000 1.593052
25900 260 139.794250 0.000000 1000.000000 0.596091 133.512848 -4.966301 10.651604 0.000000 0.000000 1.184623
26000 261 132.869095 0.000000 1000.000000 0.155670 135.228546 -2.515120 0.000000 0.000000 0.000000 1.999517
26100 262 125.400238 0.000000 1000.000000 0.791835 131.945496 -2.816944 -4.520155 0.000000 0.000000 1.923964
26200 263 138.498657 0.000000 1000.000000 0.187617 139.535843 -1.859205 0.634401 0.000000 0.000000 1.663708
26300 264 147.447525 0.000000 1000.000000 0.222661 148.764297 -1.539436 0.000000 0.000000 0.000000 1.902883
26400 265 135.821426 0.000000 1000.000000 0.304599 138.710342 -2.265859 -0.927663 0.000000 0.000000 1.462401
26500 266 130.157928 0.000000 1000.000000 1.966391 133.678925 -5.901061 0.413679 0.000000 0.000000 0.956787
26600 267 116.156883 0.000000 1000.000000 0.217646 117.718086 -1.778847 0.000000 0.000000 0.000000 1.612409
26700 268 135.968658 0.000000 1000.000000 0.701601 136.208862 -0.941797 0.000000 0.000000 0.000000 1.548832
26800 269 127.215912 0.000000 1000.000000 1.192400 126.023514 0.000000 0.000000 0.000000 0.000000 3.657156
26900 270 119.288742 0.000000 1000.000000 0.333746 122.905777 -3.950779 0.000000 0.000000 0.000000 1.729999
27000 271 130.284988 0.000000 1000.000000 1.336107 130.518112 -1.569228 0.000000 0.000000 0.000000 1.005579
27100 272 121.092804 0.000000 1000.000000 0.649174 121.353783 -0.910148 0.000000 0.000000 0.000000 0.936320
27200 273 126.857430 0.000000 1000.000000 1.643249 125.214180 0.000000 0.000000 0.000000 0.000000 1.266459
27300 274 133.003586 0.000000 1000.000000 0.653185 137.540100 -3.323919 -1.865785 0.000000 0.000000 1.323042
27400 275 139.917755 0.000000 1000.000000 1.126988 144.410751 -3.722890 -1.897088 0.000000 0.000000 1.083554
27500 276 129.140259 0.000000 1000.000000 0.369451 128.770813 0.000000 0.000000 0.000000 0.000000 2.522548
27600 277 144.946075 0.000000 1000.000000 0.628457 146.072708 -1.755093 0.000000 0.000000 0.000000 2.591677
27700 278 136.528152 0.000000 1000.000000 0.450923 137.226593 -1.149369 0.000000 0.000000 0.000000 1.169415
27800 279 146.656311 0.000000 1000.000000 0.490860 146.165451 0.000000 0.000000 0.000000 0.000000 2.661549
27900 280 142.315750 0.000000 1000.000000 1.011588 118.630173 -5.302010 27.975992 0.000000 0.000000 0.872114
28000 281 140.078613 0.000000 1000.000000 0.903868 130.773605 -4.567122 12.968256 0.000000 0.000000 1.702223
28100 282 169.217529 0.000000 1000.000000 0.783781 134.912628 -2.456481 35.977604 0.000000 0.000000 1.900494
28200 283 136.100906 0.000000 1000.000000 0.161213 141.432144 -4.702430 -0.790022 0.000000 0.000000 0.698046
28300 284 118.964005 0.000000 1000.000000 0.771224 122.225784 -2.472620 -1.560383 0.000000 0.000000 1.158955
28400 285 146.577454 0.000000 1000.000000 0.681747 148.445587 -2.549877 0.000000 0.000000 0.000000 1.214270
28500 286 142.941147 0.000000 1000.000000 0.896864 144.821793 -2.777519 0.000000 0.000000 0.000000 2.528596
28600 287 138.051819 0.000000 1000.000000 0.678288 138.041428 -0.667888 0.000000 0.000000 0.000000 2.513662
28700 288 128.848389 0.000000 1000.000000 0.893104 130.715485 -2.760191 0.000000 0.000000 0.000000 1.520045
28800 289 156.478851 0.000000 1000.000000 0.403320 157.542114 -1.466578 0.000000 0.000000 0.000000 4.108011
28900 290 147.732117 0.000000 1000.000000 0.339456 147.926804 -0.534146 0.000000 0.000000 0.000000 1.264368
29000 291 140.465714 0.000000 1000.000000 0.457575 142.467133 -2.458993 0.000000 0.000000 0.000000 1.920075
29100 292 144.370453 0.000000 1000.000000 0.810981 145.550400 -1.990917 0.000000 0.000000 0.000000 2.227930
29200 293 144.483078 0.000000 1000.000000 0.644084 144.968582 -1.129591 0.000000 0.000000 0.000000 2.974662
29300 294 138.976242 0.000000 1000.000000 0.431350 139.523697 -0.978813 0.000000 0.000000 0.000000 2.832648
29400 295 138.929535 0.000000 1000.000000 1.013871 138.800919 -0.885257 0.000000 0.000000 0.000000 1.311209
29500 296 120.799675 0.000000 1000.000000 0.158406 120.641266 0.000000 0.000000 0.000000 0.000000 2.424030
29600 297 140.746536 0.000000 1000.000000 0.269304 141.138702 -0.661472 0.000000 0.000000 0.000000 1.400181
29700 298 143.715637 0.000000 1000.000000 0.421245 145.030731 -1.736344 0.000000 0.000000 0.000000 1.331158
29800 299 124.310173 0.000000 1000.000000 0.555735 124.795952 -1.041514 0.000000 0.000000 0.000000 1.177599
29900 300 140.548096 0.000000 1000.000000 0.669893 141.384201 -1.505997 0.000000 0.000000 0.000000 1.791996
30000 301 136.917664 0.000000 1000.000000 1.785624 136.992645 -1.860607 0.000000 0.000000 0.000000 1.242024
30100 302 131.005219 0.000000 1000.000000 0.394228 133.676132 -3.065136 0.000000 0.000000 0.000000 1.832465
30200 303 112.873276 0.000000 1000.000000 1.304003 112.218872 -0.649600 0.000000 0.000000 0.000000 2.312695
30300 304 149.018295 0.000000 1000.000000 0.613183 150.493561 -2.088461 0.000000 0.000000 0.000000 1.429383
30400 305 145.895325 0.000000 1000.000000 1.008361 149.419220 -2.619665 -1.912603 0.000000 0.000000 1.936348
30500 306 142.150131 0.000000 1000.000000 0.511383 144.904114 -3.983838 0.718480 0.000000 0.000000 1.050526
30600 307 135.000916 0.000000 1000.000000 1.148837 141.092651 -3.497361 -3.743212 0.000000 0.000000 0.934022
30700 308 151.731323 0.000000 1000.000000 0.767754 153.454727 -2.491160 0.000000 0.000000 0.000000 2.306612
30800 309 155.730667 0.000000 1000.000000 0.455656 158.622742 -3.347740 0.000000 0.000000 0.000000 1.535268
30900 310 144.269501 0.000000 1000.000000 0.645481 143.624023 0.000000 0.000000 0.000000 0.000000 2.979612
31000 311 147.410736 0.000000 1000.000000 0.319377 147.306244 -0.214897 0.000000 0.000000 0.000000 2.300921
31100 312 139.275818 0.000000 1000.000000 0.318320 146.386459 -6.008281 -1.420662 0.000000 0.000000 3.107310
31200 313 141.737305 0.000000 1000.000000 0.416050 142.403488 -1.082232 0.000000 0.000000 0.000000 2.586534
31300 314 154.895935 0.000000 1000.000000 0.651450 148.070114 -5.371028 11.545413 0.000000 0.000000 1.943945
31400 315 138.331100 0.000000 1000.000000 0.603478 140.343460 -2.615849 0.000000 0.000000 0.000000 2.451255
31500 316 137.472778 0.000000 1000.000000 0.902659 137.926239 -1.356119 0.000000 0.000000 0.000000 4.491421
31600 317 137.371078 0.000000 1000.000000 0.165200 139.015884 -1.810015 0.000000 0.000000 0.000000 2.924606
31700 318 126.385643 0.000000 1000.000000 0.407919 130.401810 -2.343258 -2.080817 0.000000 0.000000 2.908834
31800 319 126.928139 0.000000 1000.000000 0.504077 132.605347 -4.785119 -1.396157 0.000000 0.000000 2.139585
31900 320 132.553543 0.000000 1000.000000 0.551957 134.267868 -2.266288 0.000000 0.000000 0.000000 1.509667
32000 321 138.762756 0.000000 1000.000000 0.248115 145.036057 -3.869792 -2.651611 0.000000 0.000000 2.525639
32100 322 169.990173 0.000000 1000.000000 1.480789 164.333511 -3.729610 7.905490 0.000000 0.000000 1.674587
32200 323 137.457016 0.000000 1000.000000 0.241412 141.332703 -2.588436 -1.528654 0.000000 0.000000 1.711750
32300 324 139.372879 0.000000 1000.000000 0.562076 151.709641 -5.755847 -7.142989 0.000000 0.000000 2.215835
32400 325 130.994583 0.000000 1000.000000 1.509961 131.945755 -2.461135 0.000000 0.000000 0.000000 2.197276
32500 326 128.903870 0.000000 1000.000000 0.910660 130.804276 -2.811070 0.000000 0.000000 0.000000 1.347535
32600 327 138.548965 0.000000 1000.000000 0.906003 140.056458 -2.413495 0.000000 0.000000 0.000000 1.262980
32700 328 140.746155 0.000000 1000.000000 0.872057 139.874100 0.000000 0.000000 0.000000 0.000000 1.760895
32800 329 152.430954 0.000000 1000.000000 1.358556 152.934067 -1.861661 0.000000 0.000000 0.000000 5.704309
32900 330 133.228363 0.000000 1000.000000 0.370138 133.644928 -0.786692 0.000000 0.000000 0.000000 2.157250
33000 331 211.902161 0.000000 1000.000000 1.386384 135.384720 -5.727795 80.858856 0.000000 0.000000 1.338703
33100 332 128.294907 0.000000 1000.000000 0.268122 134.522675 -3.333779 -3.162111 0.000000 0.000000 1.943093
33200 333 133.621155 0.000000 1000.000000 1.015781 137.278061 -3.606799 -1.065892 0.000000 0.000000 1.013497
33300 334 212.571045 0.000000 1000.000000 1.480451 146.730515 -7.158496 71.518570 0.000000 0.000000 0.836343
33400 335 145.812027 0.000000 1000.000000 0.795332 141.291061 -4.974235 8.699860 0.000000 0.000000 1.057379
33500 336 208.555359 0.000000 1000.000000 0.981120 152.888107 -3.823330 58.509457 0.000000 0.000000 2.121198
33600 337 185.323959 0.000000 1000.000000 0.722664 157.979385 -3.255601 29.877501 0.000000 0.000000 2.621284
33700 338 134.698685 0.000000 1000.000000 1.145215 141.410797 -4.761467 -3.095868 0.000000 0.000000 1.169653
33800 339 153.206482 0.000000 1000.000000 0.941271 154.601517 -2.336311 0.000000 0.000000 0.000000 2.594923
33900 340 140.944214 0.000000 1000.000000 1.001435 141.953827 -2.011050 0.000000 0.000000 0.000000 1.518630
34000 341 138.853394 0.000000 1000.000000 0.816034 139.857056 -1.819706 0.000000 0.000000 0.000000 2.007079
34100 342 150.291412 0.000000 1000.000000 1.167104 150.692551 -1.568239 0.000000 0.000000 0.000000 2.273809
34200 343 124.171486 0.000000 1000.000000 1.574522 133.759689 -4.811588 -6.351142 0.000000 0.000000 1.922835
34300 344 137.565781 0.000000 1000.000000 0.764749 138.558395 -1.757375 0.000000 0.000000 0.000000 1.284230
34400 345 127.869835 0.000000 1000.000000 0.069064 131.200699 -3.399929 0.000000 0.000000 0.000000 2.012734
34500 346 149.188232 0.000000 1000.000000 1.351821 153.397079 -3.084372 -2.476309 0.000000 0.000000 1.625100
34600 347 148.372955 0.000000 1000.000000 1.303390 147.069565 0.000000 0.000000 0.000000 0.000000 1.867819
34700 348 134.895935 0.000000 1000.000000 0.227958 135.968857 -1.300869 0.000000 0.000000 0.000000 1.515458
34800 349 144.188919 0.000000 1000.000000 0.253688 152.515869 -2.741633 -5.839006 0.000000 0.000000 3.892318
34900 350 142.469498 0.000000 1000.000000 0.327489 142.142014 0.000000 0.000000 0.000000 0.000000 2.521190
35000 351 135.642807 0.000000 1000.000000 0.662783 135.708176 -0.728144 0.000000 0.000000 0.000000 2.910647
35100 352 135.017654 0.000000 1000.000000 0.495669 136.636093 -2.114107 0.000000 0.000000 0.000000 3.031199
35200 353 144.761856 0.000000 1000.000000 0.196056 146.604797 -2.039002 0.000000 0.000000 0.000000 3.256008
35300 354 150.949570 0.000000 1000.000000 0.259405 151.555191 -0.865020 0.000000 0.000000 0.000000 2.863233
35400 355 134.791962 0.000000 1000.000000 0.633652 135.648865 -1.490558 0.000000 0.000000 0.000000 3.234774
35500 356 142.569748 0.000000 1000.000000 0.962116 143.319412 -1.711783 0.000000 0.000000 0.000000 3.264265
35600 357 133.541321 0.000000 1000.000000 0.695584 133.697449 -0.851718 0.000000 0.000000 0.000000 3.566021
35700 358 142.974808 0.000000 1000.000000 1.317950 143.102005 -1.445151 0.000000 0.000000 0.000000 2.139626
35800 359 146.484833 0.000000 1000.000000 0.496306 147.550507 -1.561978 0.000000 0.000000 0.000000 2.945737
35900 360 158.780304 0.000000 1000.000000 0.789314 157.990997 0.000000 0.000000 0.000000 0.000000 4.588184
36000 361 136.126541 0.000000 1000.000000 2.195087 134.810181 -0.878730 0.000000 0.000000 0.000000 4.597064
36100 362 129.895020 0.000000 1000.000000 0.928519 130.713043 -1.746538 0.000000 0.000000 0.000000 2.955061
36200 363 118.660606 0.000000 1000.000000 0.258900 120.137062 -1.735362 0.000000 0.000000 0.000000 2.703973
36300 364 123.811928 0.000000 1000.000000 0.375621 125.969864 -0.964134 -1.569417 0.000000 0.000000 3.285039
36400 365 125.710541 0.000000 1000.000000 1.452466 126.039612 -1.781543 0.000000 0.000000 0.000000 4.880068
36500 366 133.071640 0.000000 1000.000000 0.260500 134.680267 -1.869126 0.000000 0.000000 0.000000 4.835196
36600 367 142.233688 0.000000 1000.000000 0.469400 143.775574 -0.666109 -1.345184 0.000000 0.000000 6.366173
36700 368 151.199417 0.000000 1000.000000 0.468941 151.175812 -0.445348 0.000000 0.000000 0.000000 6.798624
36800 369 161.426819 0.000000 1000.000000 0.520540 160.906281 0.000000 0.000000 0.000000 0.000000 7.691926
36900 370 141.126160 0.000000 1000.000000 0.330541 142.973694 -1.681559 -0.496505 0.000000 0.000000 5.719607
37000 371 145.062103 0.000000 1000.000000 0.183565 145.127380 -0.248841 0.000000 0.000000 0.000000 8.072756
37100 372 130.982025 0.000000 1000.000000 1.284798 129.925934 -0.228708 0.000000 0.000000 0.000000 5.086800
37200 373 145.760132 0.000000 1000.000000 0.415319 147.082642 -1.737825 0.000000 0.000000 0.000000 2.640227
37300 374 137.696121 0.000000 1000.000000 0.281695 138.099854 -0.685427 0.000000 0.000000 0.000000 3.978207
37400 375 155.878433 0.000000 1000.000000 1.006807 155.500504 -0.628883 0.000000 0.000000 0.000000 4.706484
37500 376 150.685883 0.000000 1000.000000 0.692254 150.150330 -0.156702 0.000000 0.000000 0.000000 4.348976
37600 377 141.050995 0.000000 1000.000000 0.406491 141.401398 -0.756896 0.000000 0.000000 0.000000 3.455495
37700 378 126.281898 0.000000 1000.000000 0.302696 125.979202 0.000000 0.000000 0.000000 0.000000 2.505504
37800 379 145.109756 0.000000 1000.000000 0.600476 145.133911 -0.624640 0.000000 0.000000 0.000000 3.097767
37900 380 158.764999 0.000000 1000.000000 0.776285 158.881531 -2.408992 1.516174 0.000000 0.000000 3.224902
38000 381 141.213821 0.000000 1000.000000 0.655166 146.936813 -2.854103 -3.524056 0.000000 0.000000 3.691595
38100 382 146.811005 0.000000 1000.000000 1.371256 148.057968 -2.618230 0.000000 0.000000 0.000000 2.410349
38200 383 136.303909 0.000000 1000.000000 0.309980 137.531815 -1.537895 0.000000 0.000000 0.000000 3.212147
38300 384 133.397537 0.000000 1000.000000 0.729692 133.771301 -1.103449 0.000000 0.000000 0.000000 2.849841
38400 385 139.826721 0.000000 1000.000000 0.369865 139.456863 0.000000 0.000000 0.000000 0.000000 4.739012
38500 386 143.851562 0.000000 1000.000000 0.294729 144.201401 -0.644555 0.000000 0.000000 0.000000 3.296293
38600 387 155.024323 0.000000 1000.000000 0.837144 154.744858 -0.557682 0.000000 0.000000 0.000000 4.482728
38700 388 150.181213 0.000000 1000.000000 0.605413 150.635483 -1.059676 0.000000 0.000000 0.000000 2.552059
38800 389 170.655869 0.000000 1000.000000 0.968513 170.248154 -0.560796 0.000000 0.000000 0.000000 2.675477
38900 390 119.738556 0.000000 1000.000000 0.768002 128.890533 -2.611287 -7.308689 0.000000 0.000000 2.745635
39000 391 151.162003 0.000000 1000.000000 0.222620 155.138931 -1.454637 -2.744926 0.000000 0.000000 2.873530
39100 392 158.836197 0.000000 1000.000000 1.209300 158.459061 -0.832171 0.000000 0.000000 0.000000 2.582742
39200 393 133.414749 0.000000 1000.000000 0.309500 134.000153 -0.894897 0.000000 0.000000 0.000000 3.173220
39300 394 150.053909 0.000000 1000.000000 0.633351 152.463791 -3.043231 0.000000 0.000000 0.000000 2.445215
39400 395 138.439087 0.000000 1000.000000 0.465036 138.826508 -0.852468 0.000000 0.000000 0.000000 3.399954
39500 396 139.393768 0.000000 1000.000000 0.448298 138.945465 0.000000 0.000000 0.000000 0.000000 2.053184
39600 397 140.008347 0.000000 1000.000000 0.518428 139.398834 -4.731403 4.822480 0.000000 0.000000 1.671414
39700 398 150.151947 0.000000 1000.000000 1.193874 149.875885 -0.917812 0.000000 0.000000 0.000000 3.696467
39800 399 126.075188 0.000000 1000.000000 0.421809 125.653381 0.000000 0.000000 0.000000 0.000000 4.052792
39900 400 155.583923 0.000000 1000.000000 0.665665 154.918259 0.000000 0.000000 0.000000 0.000000 6.097589
40000 401 137.376785 0.000000 1000.000000 0.050723 138.100952 -0.774887 0.000000 0.000000 0.000000 3.676058
40100 402 143.551727 0.000000 1000.000000 0.722878 143.434708 -0.605863 0.000000 0.000000 0.000000 4.452058
40200 403 137.101837 0.000000 1000.000000 0.981991 143.125656 -2.030436 -4.975377 0.000000 0.000000 2.826190
40300 404 163.418640 0.000000 1000.000000 2.116617 130.837158 -2.627533 33.092384 0.000000 0.000000 2.130695
40400 405 142.616318 0.000000 1000.000000 1.041603 142.794083 -1.219356 0.000000 0.000000 0.000000 3.243883
40500 406 148.123535 0.000000 1000.000000 0.785141 149.107346 -1.768950 0.000000 0.000000 0.000000 3.297641
40600 407 148.396942 0.000000 1000.000000 1.557752 147.090103 -0.250922 0.000000 0.000000 0.000000 3.985655
40700 408 131.980362 0.000000 1000.000000 0.487052 131.526764 -0.033454 0.000000 0.000000 0.000000 3.587134
40800 409 148.646469 0.000000 1000.000000 0.406982 148.448486 -0.209005 0.000000 0.000000 0.000000 3.895174
40900 410 146.641556 0.000000 1000.000000 0.612942 146.690567 -0.661957 0.000000 0.000000 0.000000 3.581035
41000 411 145.005997 0.000000 1000.000000 0.549069 145.148087 -0.691166 0.000000 0.000000 0.000000 3.714730
41100 412 134.778931 0.000000 1000.000000 0.693321 134.521301 -0.435690 0.000000 0.000000 0.000000 2.974773
41200 413 152.818253 0.000000 1000.000000 0.347117 152.530411 -0.059280 0.000000 0.000000 0.000000 3.264682
41300 414 139.276138 0.000000 1000.000000 0.656434 138.672928 -0.053221 0.000000 0.000000 0.000000 3.487918
41400 415 135.091263 0.000000 1000.000000 0.250049 134.841217 0.000000 0.000000 0.000000 0.000000 5.058961
41500 416 143.910477 0.000000 1000.000000 0.375233 143.803146 -0.267897 0.000000 0.000000 0.000000 3.346512
41600 417 151.657883 0.000000 1000.000000 0.940266 151.207657 -0.490035 0.000000 0.000000 0.000000 4.044588
41700 418 138.143768 0.000000 1000.000000 0.263886 139.060837 -1.180954 0.000000 0.000000 0.000000 2.601009
41800 419 140.481461 0.000000 1000.000000 0.417441 141.500793 -1.436768 0.000000 0.000000 0.000000 3.823290
41900 420 146.997360 0.000000 1000.000000 0.331953 146.951080 -0.285672 0.000000 0.000000 0.000000 4.934150
42000 421 135.505890 0.000000 1000.000000 0.285996 136.640854 -1.420954 0.000000 0.000000 0.000000 1.668880
42100 422 143.168701 0.000000 1000.000000 0.319712 144.029984 -1.180993 0.000000 0.000000 0.000000 2.429234
42200 423 160.086044 0.000000 1000.000000 0.362917 160.637482 -0.914354 0.000000 0.000000 0.000000 2.714846
42300 424 140.946579 0.000000 1000.000000 1.543824 139.525177 -0.122416 0.000000 0.000000 0.000000 1.895915
42400 425 152.654434 0.000000 1000.000000 0.381960 152.272476 0.000000 0.000000 0.000000 0.000000 1.714098
42500 426 136.712128 0.000000 1000.000000 0.779257 138.858154 -2.925283 0.000000 0.000000 0.000000 1.164099
42600 427 132.203415 0.000000 1000.000000 0.316920 138.563766 -2.600002 -4.077276 0.000000 0.000000 3.914644
42700 428 132.016022 0.000000 1000.000000 1.052274 137.581970 -3.467142 -3.151071 0.000000 0.000000 2.812748
42800 429 149.447479 0.000000 1000.000000 1.533305 148.463303 -0.549135 0.000000 0.000000 0.000000 4.054341
42900 430 153.197449 0.000000 1000.000000 0.799248 157.715042 -1.780042 -3.536795 0.000000 0.000000 1.728927
43000 431 139.652023 0.000000 1000.000000 0.113732 141.975845 -2.437559 0.000000 0.000000 0.000000 1.331751
43100 432 147.792221 0.000000 1000.000000 0.641555 148.884491 -1.733828 0.000000 0.000000 0.000000 1.969895
43200 433 154.673050 0.000000 1000.000000 0.764283 156.313293 -2.404523 0.000000 0.000000 0.000000 2.148678
43300 434 145.536469 0.000000 1000.000000 0.856876 151.276443 -2.742088 -3.854766 0.000000 0.000000 1.867097
43400 435 128.768097 0.000000 1000.000000 0.134241 129.390549 -0.756704 0.000000 0.000000 0.000000 1.547504
43500 436 129.999619 0.000000 1000.000000 0.504955 131.360825 -1.866169 0.000000 0.000000 0.000000 1.177071
43600 437 136.740692 0.000000 1000.000000 1.754632 137.466827 -2.480768 0.000000 0.000000 0.000000 1.390065
43700 438 133.939316 0.000000 1000.000000 0.797943 134.135971 -0.994600 0.000000 0.000000 0.000000 2.189886
43800 439 136.913284 0.000000 1000.000000 0.473899 137.494965 -1.055569 0.000000 0.000000 0.000000 3.644010
43900 440 131.156754 0.000000 1000.000000 0.356569 130.930389 -0.130205 0.000000 0.000000 0.000000 2.391324
44000 441 133.753632 0.000000 1000.000000 1.603767 133.247742 -1.097874 0.000000 0.000000 0.000000 4.109330
44100 442 144.950943 0.000000 1000.000000 2.747064 142.655121 -0.451252 0.000000 0.000000 0.000000 3.654251
44200 443 124.684746 0.000000 1000.000000 0.439641 127.168823 -2.923722 0.000000 0.000000 0.000000 1.559337
44300 444 141.903152 0.000000 1000.000000 1.580315 141.638947 -1.316118 0.000000 0.000000 0.000000 2.368338
44400 445 129.792206 0.000000 1000.000000 0.234490 133.093292 -1.055143 -2.480440 0.000000 0.000000 4.179082
44500 446 100.967400 0.000000 1000.000000 0.536949 114.460175 -5.731051 -8.298674 0.000000 0.000000 1.149610
44600 447 129.845978 0.000000 1000.000000 0.861574 131.155060 -3.204095 1.033454 0.000000 0.000000 1.305526
44700 448 127.436195 0.000000 1000.000000 0.666789 128.313477 -1.544077 0.000000 0.000000 0.000000 1.845990
44800 449 133.050079 0.000000 1000.000000 0.796477 133.314789 -1.061191 0.000000 0.000000 0.000000 1.554703
44900 450 132.838776 0.000000 1000.000000 1.371281 137.439453 -2.795217 -3.176742 0.000000 0.000000 1.890544
45000 451 135.700256 0.000000 1000.000000 0.457747 136.513397 -1.270882 0.000000 0.000000 0.000000 1.779476
45100 452 133.282486 0.000000 1000.000000 0.386962 135.374832 -2.479303 0.000000 0.000000 0.000000 2.205455
45200 453 184.917603 0.000000 1000.000000 0.897793 149.241974 -5.899227 40.677063 0.000000 0.000000 1.587601
45300 454 118.518333 0.000000 1000.000000 1.174066 121.766197 -3.479573 -0.942352 0.000000 0.000000 2.323991
45400 455 132.212311 0.000000 1000.000000 0.792339 133.278748 -1.858785 0.000000 0.000000 0.000000 3.937300
45500 456 134.742203 0.000000 1000.000000 1.005723 136.869995 -3.133511 0.000000 0.000000 0.000000 1.931455
45600 457 148.331100 0.000000 1000.000000 1.697621 147.480362 -2.382173 1.535295 0.000000 0.000000 2.425329
45700 458 146.446579 0.000000 1000.000000 0.460317 154.057755 -2.986976 -5.084523 0.000000 0.000000 2.225394
45800 459 154.069565 0.000000 1000.000000 1.094010 153.900299 -0.924742 0.000000 0.000000 0.000000 1.940876
45900 460 138.338867 0.000000 1000.000000 2.263648 140.995651 -4.034341 -0.886071 0.000000 0.000000 1.236925
46000 461 150.233673 0.000000 1000.000000 0.708398 151.096817 -1.571543 0.000000 0.000000 0.000000 2.821861
46100 462 151.665390 0.000000 1000.000000 2.291239 149.221985 -2.653479 2.805633 0.000000 0.000000 2.325856
46200 463 140.572311 0.000000 1000.000000 0.340864 140.530930 -0.299483 0.000000 0.000000 0.000000 3.579189
46300 464 151.769989 0.000000 1000.000000 0.242856 154.133774 -3.037525 0.430878 0.000000 0.000000 1.393272
46400 465 134.052582 0.000000 1000.000000 0.382413 143.579681 -4.735769 -5.173746 0.000000 0.000000 0.748139
46500 466 185.043304 0.000000 1000.000000 1.752077 186.425125 -3.133904 0.000000 0.000000 0.000000 1.030465
46600 467 138.608856 0.000000 1000.000000 1.242923 149.216202 -3.751794 -8.098461 0.000000 0.000000 0.762450
46700 468 141.303009 0.000000 1000.000000 0.263355 146.092010 -1.699652 -3.352710 0.000000 0.000000 2.696615
46800 469 135.114182 0.000000 1000.000000 0.552909 143.304031 -3.381626 -5.361131 0.000000 0.000000 2.095563
46900 470 143.039764 0.000000 1000.000000 1.007422 141.395569 -4.997282 5.634060 0.000000 0.000000 1.547300
47000 471 149.234161 0.000000 1000.000000 1.038435 150.782852 -2.587126 0.000000 0.000000 0.000000 2.253828
47100 472 142.020660 0.000000 1000.000000 1.302456 145.499313 -1.970715 -2.810387 0.000000 0.000000 3.019059
47200 473 184.967606 0.000000 1000.000000 0.990412 155.754059 -2.840926 31.064062 0.000000 0.000000 1.317194
47300 474 150.880676 0.000000 1000.000000 1.073194 150.256516 -2.738920 2.289881 0.000000 0.000000 1.720968
47400 475 135.103745 0.000000 1000.000000 0.233870 138.088791 -3.218925 0.000000 0.000000 0.000000 1.708713
47500 476 138.996887 0.000000 1000.000000 0.576006 145.040436 -3.643057 -2.976496 0.000000 0.000000 1.086213
47600 477 154.515656 0.000000 1000.000000 0.785951 153.729706 0.000000 0.000000 0.000000 0.000000 1.729243
47700 478 129.294525 0.000000 1000.000000 0.294815 138.101288 -4.478259 -4.623315 0.000000 0.000000 1.472538
47800 479 128.892303 0.000000 1000.000000 1.055180 130.605682 -2.768554 0.000000 0.000000 0.000000 2.226147
47900 480 147.626801 0.000000 1000.000000 0.200469 156.159393 -4.531624 -4.201447 0.000000 0.000000 2.535680
48000 481 140.729858 0.000000 1000.000000 0.625194 143.387833 -3.283175 0.000000 0.000000 0.000000 1.455566
48100 482 130.272415 0.000000 1000.000000 0.682577 137.091843 -4.555840 -2.946144 0.000000 0.000000 0.910162
48200 483 153.706146 0.000000 1000.000000 0.422947 153.658463 -0.375266 0.000000 0.000000 0.000000 1.523507
48300 484 129.700775 0.000000 1000.000000 0.362770 138.614349 -4.313010 -4.963338 0.000000 0.000000 2.222517
48400 485 170.244247 0.000000 1000.000000 0.634032 138.744873 -3.321689 34.187031 0.000000 0.000000 1.675408
48500 486 182.736816 0.000000 1000.000000 0.689466 159.663345 -3.096646 25.480652 0.000000 0.000000 1.249656
48600 487 140.895386 0.000000 1000.000000 1.782098 143.935364 -2.737984 -2.084093 0.000000 0.000000 2.964098
48700 488 160.629395 0.000000 1000.000000 2.334362 159.623688 -1.328653 0.000000 0.000000 0.000000 2.792575
48800 489 146.487579 0.000000 1000.000000 0.209881 149.088699 -3.605593 0.794582 0.000000 0.000000 3.017961
48900 490 155.133820 0.000000 1000.000000 0.470413 155.408264 -0.744852 0.000000 0.000000 0.000000 3.208246
49000 491 152.094620 0.000000 1000.000000 0.962771 124.360802 -5.789456 32.560513 0.000000 0.000000 2.137565
49100 492 159.698090 0.000000 1000.000000 1.040026 159.797150 -1.139079 0.000000 0.000000 0.000000 2.382151
49200 493 137.107254 0.000000 1000.000000 1.275191 138.170395 -2.338327 0.000000 0.000000 0.000000 3.811532
49300 494 131.990189 0.000000 1000.000000 1.000069 139.032730 -5.412210 -2.630396 0.000000 0.000000 2.812732
49400 495 133.386993 0.000000 1000.000000 1.164221 134.692032 -2.469252 0.000000 0.000000 0.000000 2.570064
49500 496 145.727966 0.000000 1000.000000 1.465702 144.998795 -0.736520 0.000000 0.000000 0.000000 4.106707
49600 497 137.251907 0.000000 1000.000000 0.222061 138.907043 -1.877200 0.000000 0.000000 0.000000 3.152491
49700 498 155.933823 0.000000 1000.000000 1.063159 156.994568 -2.123897 0.000000 0.000000 0.000000 2.012992
49800 499 160.015533 0.000000 1000.000000 1.942597 162.573975 -2.453015 -2.048027 0.000000 0.000000 3.621362
49900 500 147.977554 0.000000 1000.000000 1.184335 148.608551 -1.815344 0.000000 0.000000 0.000000 3.791332
50000 501 158.345047 0.000000 1000.000000 0.423956 149.481003 -2.421548 10.861655 0.000000 0.000000 3.053921
