1 1 193.803207 0.000000 1000.000000 0.445419 212.270340 -0.455133 -18.457411 0.000000 0.000000 19.143082
100 2 174.115540 0.000000 1000.000000 1.291692 172.823853 0.000000 0.000000 0.000000 0.000000 10.330378
200 3 171.735977 0.000000 1000.000000 1.169896 170.566086 0.000000 0.000000 0.000000 0.000000 10.536306
300 4 164.784775 0.000000 1000.000000 1.910522 162.874252 0.000000 0.000000 0.000000 0.000000 6.826050
400 5 163.664291 0.000000 1000.000000 0.421075 163.927567 -0.684351 0.000000 0.000000 0.000000 8.478755
500 6 157.578598 0.000000 1000.000000 1.027474 157.086548 -0.535430 0.000000 0.000000 0.000000 6.559152
600 7 141.825607 0.000000 1000.000000 1.260694 141.812302 -1.247396 0.000000 0.000000 0.000000 7.158434
700 8 157.294739 0.000000 1000.000000 1.329009 156.619446 -0.653715 0.000000 0.000000 0.000000 4.546409
800 9 167.329926 0.000000 1000.000000 1.919059 166.720993 -0.792251 -0.517861 0.000000 0.000000 4.585861
900 10 161.917648 0.000000 1000.000000 0.642976 157.419189 -2.318324 6.173815 0.000000 0.000000 4.072039
1000 11 152.190475 0.000000 1000.000000 1.042600 151.147873 0.000000 0.000000 0.000000 0.000000 6.804338
1100 12 140.375610 0.000000 1000.000000 0.346941 141.542877 -1.514200 0.000000 0.000000 0.000000 3.694693
1200 13 155.731567 0.000000 1000.000000 0.572338 160.235809 -2.386017 -2.690561 0.000000 0.000000 3.640027
1300 14 139.480743 0.000000 1000.000000 1.968340 138.887527 -1.375123 0.000000 0.000000 0.000000 5.309700
1400 15 143.549057 0.000000 1000.000000 1.064823 143.782150 -1.297916 0.000000 0.000000 0.000000 3.270068
1500 16 165.295746 0.000000 1000.000000 1.218235 165.244690 -1.167168 0.000000 0.000000 0.000000 2.182445
1600 17 152.412247 0.000000 1000.000000 0.387623 147.313675 -3.528949 8.239899 0.000000 0.000000 3.406563
1700 18 159.582916 0.000000 1000.000000 0.507410 160.800980 -1.725476 0.000000 0.000000 0.000000 2.385086
1800 19 153.611679 0.000000 1000.000000 2.333190 152.487961 -1.209475 0.000000 0.000000 0.000000 2.644964
1900 20 159.684845 0.000000 1000.000000 0.861522 160.371246 -1.547931 0.000000 0.000000 0.000000 3.149484
2000 21 143.023621 0.000000 1000.000000 1.144992 143.410202 -1.531564 0.000000 0.000000 0.000000 2.460160
2100 22 146.886597 0.000000 1000.000000 1.254914 146.521301 -0.889620 0.000000 0.000000 0.000000 2.506797
2200 23 138.581284 0.000000 1000.000000 0.286300 137.347107 -2.448223 3.396108 0.000000 0.000000 3.465925
2300 24 137.209381 0.000000 1000.000000 0.239936 139.450409 -2.480954 0.000000 0.000000 0.000000 3.070779
2400 25 132.467926 0.000000 1000.000000 0.226175 133.055161 -0.813410 0.000000 0.000000 0.000000 3.373740
2500 26 137.732635 0.000000 1000.000000 0.379005 138.725464 -1.371822 0.000000 0.000000 0.000000 2.141983
2600 27 132.214050 0.000000 1000.000000 0.204957 133.765945 -1.756856 0.000000 0.000000 0.000000 2.171037
2700 28 142.076660 0.000000 1000.000000 0.477778 143.043167 -1.444284 0.000000 0.000000 0.000000 2.112905
2800 29 144.109604 0.000000 1000.000000 1.156747 143.392517 -0.439667 0.000000 0.000000 0.000000 2.608250
2900 30 147.841675 0.000000 1000.000000 0.909837 147.393311 -0.461468 0.000000 0.000000 0.000000 3.440698
3000 31 148.192841 0.000000 1000.000000 0.377619 148.665207 -0.849997 0.000000 0.000000 0.000000 3.808591
3100 32 150.099884 0.000000 1000.000000 0.931311 150.461563 -1.292991 0.000000 0.000000 0.000000 2.295004
3200 33 133.818924 0.000000 1000.000000 0.550991 135.349472 -2.081539 0.000000 0.000000 0.000000 3.065835
3300 34 146.422516 0.000000 1000.000000 1.356091 146.712128 -1.645706 0.000000 0.000000 0.000000 2.919042
3400 35 155.596085 0.000000 1000.000000 0.799672 155.846771 -1.050348 0.000000 0.000000 0.000000 2.508444
3500 36 143.666718 0.000000 1000.000000 0.439939 144.352020 -1.125251 0.000000 0.000000 0.000000 2.711788
3600 37 143.927032 0.000000 1000.000000 0.323239 145.333939 -1.730151 0.000000 0.000000 0.000000 3.291514
3700 38 147.590363 0.000000 1000.000000 1.003639 150.433762 -3.847053 0.000000 0.000000 0.000000 4.793682
3800 39 147.519302 0.000000 1000.000000 0.713023 154.888535 -5.529979 -2.552278 0.000000 0.000000 1.256736
3900 40 136.207672 0.000000 1000.000000 0.204104 138.942261 -2.938697 0.000000 0.000000 0.000000 3.110488
4000 41 142.674042 0.000000 1000.000000 0.333444 145.772964 -4.067914 0.635542 0.000000 0.000000 0.743735
4100 42 146.854797 0.000000 1000.000000 1.882936 145.772491 -0.800624 0.000000 0.000000 0.000000 1.853986
4200 43 196.636353 0.000000 1000.000000 2.344944 140.107956 -2.330561 56.514030 0.000000 0.000000 1.155641
4300 44 151.866028 0.000000 1000.000000 0.526973 156.737946 -4.122620 -1.276269 0.000000 0.000000 1.688904
4400 45 158.708298 0.000000 1000.000000 2.199695 157.225311 -0.716709 0.000000 0.000000 0.000000 2.392867
4500 46 150.972549 0.000000 1000.000000 1.022218 151.023788 -1.073455 0.000000 0.000000 0.000000 1.531971
4600 47 149.326752 0.000000 1000.000000 0.534244 150.798874 -2.006357 0.000000 0.000000 0.000000 0.838876
4700 48 141.614395 0.000000 1000.000000 1.005651 142.748688 -2.139944 0.000000 0.000000 0.000000 2.031018
4800 49 136.364548 0.000000 1000.000000 0.964531 142.316864 -4.261131 -2.655722 0.000000 0.000000 0.602895
4900 50 130.316849 0.000000 1000.000000 0.398590 130.598709 -0.680450 0.000000 0.000000 0.000000 2.863288
5000 51 138.402344 0.000000 1000.000000 0.390593 147.675781 -4.936323 -4.727714 0.000000 0.000000 1.268744
5100 52 141.046829 0.000000 1000.000000 1.314143 142.658554 -2.925871 0.000000 0.000000 0.000000 2.317091
5200 53 148.020981 0.000000 1000.000000 1.476879 146.898239 -0.354142 0.000000 0.000000 0.000000 1.435247
5300 54 109.525444 0.000000 1000.000000 0.491529 115.155190 -4.765485 -1.355786 0.000000 0.000000 1.148174
5400 55 177.420349 0.000000 1000.000000 1.408782 147.218842 -4.740471 33.533203 0.000000 0.000000 1.790400
5500 56 141.433731 0.000000 1000.000000 0.485750 141.971848 -1.023863 0.000000 0.000000 0.000000 3.251424
5600 57 122.965111 0.000000 1000.000000 0.519634 125.362617 -2.917136 0.000000 0.000000 0.000000 1.964171
5700 58 156.805023 0.000000 1000.000000 0.288044 161.192795 -3.176775 -1.499039 0.000000 0.000000 2.213126
5800 59 136.491455 0.000000 1000.000000 0.631471 143.817520 -3.166774 -4.790759 0.000000 0.000000 1.854984
5900 60 138.405853 0.000000 1000.000000 0.229731 148.628036 -4.725750 -5.726161 0.000000 0.000000 0.871150
6000 61 158.475967 0.000000 1000.000000 0.268423 159.985657 -1.778102 0.000000 0.000000 0.000000 2.268726
6100 62 127.977982 0.000000 1000.000000 0.393247 130.263565 -2.098544 -0.580290 0.000000 0.000000 1.335731
6200 63 140.452026 0.000000 1000.000000 1.554732 140.093781 -1.196490 0.000000 0.000000 0.000000 2.241101
6300 64 148.578354 0.000000 1000.000000 1.117213 149.144012 -1.682878 0.000000 0.000000 0.000000 3.615100
6400 65 141.846725 0.000000 1000.000000 0.691225 143.927017 -2.771522 0.000000 0.000000 0.000000 3.748974
6500 66 150.463852 0.000000 1000.000000 0.758013 150.044937 -0.339092 0.000000 0.000000 0.000000 1.974216
6600 67 130.164764 0.000000 1000.000000 1.705592 129.775528 -1.316359 0.000000 0.000000 0.000000 2.397629
6700 68 128.135666 0.000000 1000.000000 0.222086 132.806168 -2.489396 -2.403205 0.000000 0.000000 1.831165
6800 69 141.028595 0.000000 1000.000000 1.129987 141.691589 -1.792985 0.000000 0.000000 0.000000 1.852063
6900 70 147.889191 0.000000 1000.000000 1.753094 154.581314 -2.605080 -5.840127 0.000000 0.000000 1.873540
7000 71 150.135071 0.000000 1000.000000 0.639863 149.495209 0.000000 0.000000 0.000000 0.000000 1.552400
7100 72 128.223892 0.000000 1000.000000 0.308982 129.603806 -1.688882 0.000000 0.000000 0.000000 1.915938
7200 73 141.608414 0.000000 1000.000000 0.621137 130.752579 -4.022079 14.256768 0.000000 0.000000 1.604610
7300 74 136.186874 0.000000 1000.000000 0.809484 136.653610 -1.276208 0.000000 0.000000 0.000000 1.397951
7400 75 129.322769 0.000000 1000.000000 0.390863 138.010483 -5.039114 -4.039473 0.000000 0.000000 0.848585
7500 76 137.675476 0.000000 1000.000000 1.502010 137.245361 -1.071904 0.000000 0.000000 0.000000 4.049249
7600 77 131.376572 0.000000 1000.000000 0.490132 133.240768 -2.354326 0.000000 0.000000 0.000000 2.046191
7700 78 140.436798 0.000000 1000.000000 0.856184 142.268417 -2.687798 0.000000 0.000000 0.000000 6.234674
7800 79 130.475769 0.000000 1000.000000 0.942492 132.405624 -2.872340 0.000000 0.000000 0.000000 2.566947
7900 80 139.168472 0.000000 1000.000000 0.860829 139.733459 -4.197027 2.771204 0.000000 0.000000 0.941890
8000 81 130.952789 0.000000 1000.000000 1.492803 132.646362 -3.186367 0.000000 0.000000 0.000000 0.921107
8100 82 126.390305 0.000000 1000.000000 0.698468 130.788895 -2.148638 -2.948428 0.000000 0.000000 1.956303
8200 83 125.466133 0.000000 1000.000000 0.646812 127.324944 -2.505624 0.000000 0.000000 0.000000 1.512528
8300 84 171.060379 0.000000 1000.000000 0.857397 169.045181 -8.080820 9.238635 0.000000 0.000000 0.413430
8400 85 148.278214 0.000000 1000.000000 1.063985 139.155319 -3.040938 11.099849 0.000000 0.000000 1.094050
8500 86 118.710548 0.000000 1000.000000 0.873954 123.828415 -3.139946 -2.851874 0.000000 0.000000 1.452989
8600 87 135.884872 0.000000 1000.000000 1.904450 133.980423 0.000000 0.000000 0.000000 0.000000 2.496208
8700 88 125.027328 0.000000 1000.000000 0.989263 126.475212 -2.437150 0.000000 0.000000 0.000000 1.566440
8800 89 133.244324 0.000000 1000.000000 1.184067 133.170242 -1.109984 0.000000 0.000000 0.000000 1.610110
8900 90 141.152832 0.000000 1000.000000 0.801438 143.775497 -2.837119 -0.586996 0.000000 0.000000 1.591380
9000 91 132.831772 0.000000 1000.000000 1.362814 140.035141 -3.071397 -5.494781 0.000000 0.000000 1.454309
9100 92 140.323563 0.000000 1000.000000 0.704450 143.550674 -2.142618 -1.788947 0.000000 0.000000 3.555696
9200 93 140.497406 0.000000 1000.000000 2.164359 140.719620 -2.386573 0.000000 0.000000 0.000000 2.559492
9300 94 123.013687 0.000000 1000.000000 0.141297 125.483902 -2.611513 0.000000 0.000000 0.000000 2.122365
9400 95 176.459457 0.000000 1000.000000 2.199496 135.793045 -3.739667 42.206585 0.000000 0.000000 1.731292
9500 96 120.246620 0.000000 1000.000000 0.169440 129.197739 -4.857161 -4.263386 0.000000 0.000000 1.681336
9600 97 146.756348 0.000000 1000.000000 0.119291 147.275986 -0.638928 0.000000 0.000000 0.000000 1.866801
9700 98 127.378883 0.000000 1000.000000 0.478699 127.379639 -0.479455 0.000000 0.000000 0.000000 1.952157
9800 99 156.544540 0.000000 1000.000000 0.422332 157.997849 -1.875642 0.000000 0.000000 0.000000 1.343283
9900 100 134.865387 0.000000 1000.000000 0.598912 138.309814 -4.043336 0.000000 0.000000 0.000000 1.025999
10000 101 138.477936 0.000000 1000.000000 1.186454 141.087067 -2.091652 -1.703939 0.000000 0.000000 1.682549
10100 102 127.483437 0.000000 1000.000000 0.421353 130.381546 -3.319469 0.000000 0.000000 0.000000 1.638265
10200 103 150.101913 0.000000 1000.000000 0.908967 149.192947 0.000000 0.000000 0.000000 0.000000 2.370683
10300 104 143.430038 0.000000 1000.000000 1.084539 142.719498 -0.373987 0.000000 0.000000 0.000000 1.706404
10400 105 138.183167 0.000000 1000.000000 2.211297 149.670624 -6.083707 -7.615056 0.000000 0.000000 1.730181
10500 106 177.261536 0.000000 1000.000000 0.864841 142.691666 -2.939998 36.645031 0.000000 0.000000 2.583314
10600 107 139.698044 0.000000 1000.000000 1.011764 138.686279 0.000000 0.000000 0.000000 0.000000 2.159331
10700 108 205.261673 0.000000 1000.000000 1.402135 139.244446 -5.266212 69.881302 0.000000 0.000000 0.702236
10800 109 126.854599 0.000000 1000.000000 0.509596 142.922852 -5.735482 -10.842361 0.000000 0.000000 0.503879
10900 110 139.262329 0.000000 1000.000000 1.748604 139.743561 -2.229822 0.000000 0.000000 0.000000 1.073044
11000 111 152.912933 0.000000 1000.000000 1.313750 151.068985 -2.599578 3.129783 0.000000 0.000000 1.382068
11100 112 261.950928 0.000000 1000.000000 1.773094 158.058640 -5.273155 107.392334 0.000000 0.000000 2.110339
11200 113 148.131729 0.000000 1000.000000 0.965813 157.568954 -3.788922 -6.614100 0.000000 0.000000 1.141730
11300 114 156.981018 0.000000 1000.000000 1.152821 153.961746 -4.420540 6.286989 0.000000 0.000000 1.289099
11400 115 136.641357 0.000000 1000.000000 0.585205 137.438400 -1.382254 0.000000 0.000000 0.000000 1.236089
11500 116 144.830627 0.000000 1000.000000 0.814170 151.886887 -3.025307 -4.845123 0.000000 0.000000 1.804759
11600 117 141.328568 0.000000 1000.000000 1.910857 141.336578 -1.918870 0.000000 0.000000 0.000000 1.365094
11700 118 129.498505 0.000000 1000.000000 1.423763 130.496063 -2.421328 0.000000 0.000000 0.000000 1.303378
11800 119 162.153214 0.000000 1000.000000 1.241441 132.948486 -1.538937 29.502230 0.000000 0.000000 1.911046
11900 120 136.438873 0.000000 1000.000000 1.026078 143.415619 -3.199004 -4.803814 0.000000 0.000000 3.005666
12000 121 143.466812 0.000000 1000.000000 0.744779 145.721542 -2.999511 0.000000 0.000000 0.000000 1.195691
12100 122 149.406372 0.000000 1000.000000 0.919627 149.221848 -0.735112 0.000000 0.000000 0.000000 2.559717
12200 123 129.835068 0.000000 1000.000000 1.663037 136.192749 -6.288637 -1.732092 0.000000 0.000000 1.096803
12300 124 153.133514 0.000000 1000.000000 1.849226 138.609543 -5.467194 18.141935 0.000000 0.000000 0.744248
12400 125 132.934235 0.000000 1000.000000 0.442863 134.612183 -2.120811 0.000000 0.000000 0.000000 1.322417
12500 126 130.522797 0.000000 1000.000000 2.744747 129.478851 -1.700811 0.000000 0.000000 0.000000 1.855469
12600 127 133.777786 0.000000 1000.000000 0.967574 129.131073 -4.588769 8.267906 0.000000 0.000000 1.202796
12700 128 115.515358 0.000000 1000.000000 0.465174 120.982483 -3.942339 -1.989960 0.000000 0.000000 1.081113
12800 129 131.392029 0.000000 1000.000000 0.725274 133.121246 -5.180282 2.725785 0.000000 0.000000 1.128832
12900 130 151.925919 0.000000 1000.000000 0.993302 153.607635 -2.675024 0.000000 0.000000 0.000000 0.919715
13000 131 128.647675 0.000000 1000.000000 0.769488 131.886673 -4.008476 0.000000 0.000000 0.000000 0.688726
13100 132 137.100983 0.000000 1000.000000 0.548612 139.350845 -3.209466 0.410997 0.000000 0.000000 0.655756
13200 133 129.366867 0.000000 1000.000000 0.925987 132.229340 -3.788467 0.000000 0.000000 0.000000 1.446199
13300 134 210.534851 0.000000 1000.000000 1.007483 145.516891 -8.420372 72.430847 0.000000 0.000000 0.376010
13400 135 144.495987 0.000000 1000.000000 2.082018 142.413971 0.000000 0.000000 0.000000 0.000000 2.484730
13500 136 197.462021 0.000000 1000.000000 0.996610 144.890900 -5.307173 56.881683 0.000000 0.000000 1.110559
13600 137 120.856888 0.000000 1000.000000 0.612529 130.914139 -4.916469 -5.753319 0.000000 0.000000 2.805809
13700 138 152.706223 0.000000 1000.000000 1.149919 160.385986 -3.948303 -4.881383 0.000000 0.000000 1.266390
13800 139 157.029221 0.000000 1000.000000 1.780940 157.559860 -2.311589 0.000000 0.000000 0.000000 1.513781
13900 140 160.784256 0.000000 1000.000000 0.556214 170.621765 -4.963561 -5.430154 0.000000 0.000000 0.697636
14000 141 143.368210 0.000000 1000.000000 1.573868 144.730850 -2.936513 0.000000 0.000000 0.000000 1.347235
14100 142 200.903580 0.000000 1000.000000 1.615348 164.407455 -5.467921 40.348705 0.000000 0.000000 1.637167
14200 143 144.116562 0.000000 1000.000000 0.732042 144.924316 -1.539788 0.000000 0.000000 0.000000 2.131227
14300 144 141.503860 0.000000 1000.000000 0.172726 145.239227 -3.908102 0.000000 0.000000 0.000000 4.341913
14400 145 139.583267 0.000000 1000.000000 0.516575 150.230087 -6.961226 -4.202168 0.000000 0.000000 0.761312
14500 146 131.777390 0.000000 1000.000000 0.374531 133.382156 -1.979295 0.000000 0.000000 0.000000 2.451086
14600 147 125.547493 0.000000 1000.000000 1.204293 127.698021 -3.354823 0.000000 0.000000 0.000000 2.119160
14700 148 166.396301 0.000000 1000.000000 0.842206 144.653732 -4.751283 25.651640 0.000000 0.000000 2.384700
14800 149 139.656433 0.000000 1000.000000 1.291916 139.897415 -1.532894 0.000000 0.000000 0.000000 2.469597
14900 150 180.265045 0.000000 1000.000000 0.791387 131.516205 -4.374652 52.332115 0.000000 0.000000 1.638047
15000 151 140.994919 0.000000 1000.000000 1.197871 137.717545 -3.936268 6.015760 0.000000 0.000000 2.001515
15100 152 152.862946 0.000000 1000.000000 1.836123 152.134537 -1.107711 0.000000 0.000000 0.000000 2.428392
15200 153 139.251266 0.000000 1000.000000 0.595969 140.436554 -1.781248 0.000000 0.000000 0.000000 1.954650
15300 154 136.572021 0.000000 1000.000000 0.576480 138.265579 -2.270027 0.000000 0.000000 0.000000 1.801602
15400 155 155.619629 0.000000 1000.000000 0.641725 151.801056 -3.693770 6.870616 0.000000 0.000000 2.595039
15500 156 146.349548 0.000000 1000.000000 0.772454 141.335861 -3.692303 7.933527 0.000000 0.000000 3.073912
15600 157 122.658028 0.000000 1000.000000 1.369297 132.744278 -3.898802 -7.556737 0.000000 0.000000 3.003568
15700 158 142.486755 0.000000 1000.000000 1.085311 143.435196 -2.033747 0.000000 0.000000 0.000000 2.344781
15800 159 167.163239 0.000000 1000.000000 0.673722 134.214478 -5.913804 38.188835 0.000000 0.000000 1.207250
15900 160 398.706635 0.000000 1000.000000 4.697675 136.998123 -2.919458 259.930298 0.000000 0.000000 3.794054
16000 161 156.206604 0.000000 1000.000000 1.416835 150.712402 -2.455523 6.532888 0.000000 0.000000 2.598336
16100 162 158.118195 0.000000 1000.000000 1.331280 122.457039 -6.572976 40.902855 0.000000 0.000000 1.360342
16200 163 137.746628 0.000000 1000.000000 0.337627 137.408997 0.000000 0.000000 0.000000 0.000000 2.347545
16300 164 142.322083 0.000000 1000.000000 0.921543 141.858780 -0.458232 0.000000 0.000000 0.000000 0.890409
16400 165 231.763214 0.000000 1000.000000 1.729046 134.291534 -5.001822 100.744438 0.000000 0.000000 1.860652
16500 166 171.008835 0.000000 1000.000000 1.587138 133.862335 -4.222256 39.781620 0.000000 0.000000 1.285843
16600 167 124.323265 0.000000 1000.000000 0.488475 131.326157 -3.457016 -4.034355 0.000000 0.000000 0.858247
16700 168 151.994003 0.000000 1000.000000 0.656208 151.337799 0.000000 0.000000 0.000000 0.000000 2.773006
16800 169 116.307861 0.000000 1000.000000 1.136902 117.534012 -1.458220 -0.904833 0.000000 0.000000 0.860000
16900 170 147.096680 0.000000 1000.000000 1.220813 147.236801 -1.360930 0.000000 0.000000 0.000000 2.746619
17000 171 145.265610 0.000000 1000.000000 0.947467 145.851578 -1.533438 0.000000 0.000000 0.000000 1.744178
17100 172 137.706848 0.000000 1000.000000 1.284562 141.007843 -2.389060 -2.196507 0.000000 0.000000 4.700047
17200 173 144.745392 0.000000 1000.000000 0.350769 145.738571 -1.343949 0.000000 0.000000 0.000000 2.755084
17300 174 142.752960 0.000000 1000.000000 1.344523 142.120407 -0.711979 0.000000 0.000000 0.000000 1.615154
17400 175 107.452682 0.000000 1000.000000 0.448036 119.795624 -4.622712 -8.168270 0.000000 0.000000 0.566198
17500 176 129.045227 0.000000 1000.000000 1.065993 128.710068 -4.615040 3.884199 0.000000 0.000000 1.081882
17600 177 112.928535 0.000000 1000.000000 1.588535 125.495773 -6.410644 -7.745127 0.000000 0.000000 0.613967
17700 178 131.811295 0.000000 1000.000000 1.126302 132.831818 -2.146819 0.000000 0.000000 0.000000 1.243439
17800 179 128.540466 0.000000 1000.000000 0.450414 133.936401 -3.003036 -2.843307 0.000000 0.000000 1.925826
17900 180 139.286713 0.000000 1000.000000 0.837821 141.394470 -2.945565 0.000000 0.000000 0.000000 1.801237
18000 181 139.375046 0.000000 1000.000000 1.429585 149.150085 -4.224525 -6.980095 0.000000 0.000000 1.553884
18100 182 153.299850 0.000000 1000.000000 0.253565 154.508850 -1.462576 0.000000 0.000000 0.000000 1.313260
18200 183 127.330750 0.000000 1000.000000 0.762652 130.069778 -3.501680 0.000000 0.000000 0.000000 1.073302
18300 184 111.696693 0.000000 1000.000000 0.504850 117.222229 -5.183444 -0.846946 0.000000 0.000000 1.753863
18400 185 126.815308 0.000000 1000.000000 0.823922 128.309570 -2.318195 0.000000 0.000000 0.000000 1.512793
18500 186 128.300415 0.000000 1000.000000 2.583839 128.105515 -2.388924 0.000000 0.000000 0.000000 1.401300
18600 187 140.376114 0.000000 1000.000000 0.330086 133.604416 -2.640989 9.082590 0.000000 0.000000 2.509832
18700 188 161.080719 0.000000 1000.000000 0.641695 144.283768 -2.409996 18.565245 0.000000 0.000000 1.953190
18800 189 144.092407 0.000000 1000.000000 0.830975 144.182999 -0.921567 0.000000 0.000000 0.000000 1.642333
18900 190 139.559677 0.000000 1000.000000 2.165534 138.280731 -0.886589 0.000000 0.000000 0.000000 2.587591
19000 191 167.825500 0.000000 1000.000000 0.567982 133.883026 -2.231302 35.605801 0.000000 0.000000 3.229017
19100 192 127.843521 0.000000 1000.000000 2.790145 126.794502 -1.741117 0.000000 0.000000 0.000000 2.441028
19200 193 191.725311 0.000000 1000.000000 1.039509 131.388062 -2.922761 62.220509 0.000000 0.000000 3.678863
19300 194 129.639725 0.000000 1000.000000 1.450495 129.241089 -1.051869 0.000000 0.000000 0.000000 3.501887
19400 195 198.120453 0.000000 1000.000000 1.626147 148.360901 -3.256474 51.389870 0.000000 0.000000 2.403307
19500 196 141.350418 0.000000 1000.000000 1.064876 141.552094 -1.266550 0.000000 0.000000 0.000000 2.878286
19600 197 124.852180 0.000000 1000.000000 0.761931 130.037506 -2.827938 -3.119316 0.000000 0.000000 1.753455
19700 198 181.633957 0.000000 1000.000000 0.968896 110.380234 -3.764261 74.049088 0.000000 0.000000 1.717696
19800 199 142.078751 0.000000 1000.000000 0.645188 140.772308 -2.870609 3.531854 0.000000 0.000000 2.085504
19900 200 128.262604 0.000000 1000.000000 0.677454 131.422485 -3.837346 0.000000 0.000000 0.000000 1.394909
20000 201 138.814056 0.000000 1000.000000 1.114918 137.373489 -3.307360 3.633006 0.000000 0.000000 2.102017
20100 202 160.629211 0.000000 1000.000000 1.209486 122.168053 -2.512453 39.764122 0.000000 0.000000 2.654469
20200 203 218.434387 0.000000 1000.000000 1.571293 132.077255 -1.706269 86.492104 0.000000 0.000000 3.569513
20300 204 117.536453 0.000000 1000.000000 0.708291 124.598495 -3.396800 -4.373539 0.000000 0.000000 2.646580
20400 205 134.410751 0.000000 1000.000000 0.849159 135.030655 -1.469063 0.000000 0.000000 0.000000 1.175782
20500 206 126.745506 0.000000 1000.000000 0.210334 131.153717 -4.618539 0.000000 0.000000 0.000000 1.457711
20600 207 128.960129 0.000000 1000.000000 0.309717 129.855087 -1.204676 0.000000 0.000000 0.000000 3.321381
20700 208 123.257072 0.000000 1000.000000 1.133860 125.271370 -3.148156 0.000000 0.000000 0.000000 1.916542
20800 209 136.203918 0.000000 1000.000000 0.647350 138.287369 -2.730808 0.000000 0.000000 0.000000 1.450857
20900 210 127.054367 0.000000 1000.000000 0.354768 128.587692 -1.888089 0.000000 0.000000 0.000000 1.492544
21000 211 122.226997 0.000000 1000.000000 0.331923 135.865585 -5.210175 -8.760336 0.000000 0.000000 0.809713
21100 212 143.340363 0.000000 1000.000000 1.923654 149.259232 -4.631593 -3.210935 0.000000 0.000000 0.966907
21200 213 154.198318 0.000000 1000.000000 0.612817 138.190399 -4.608583 20.003679 0.000000 0.000000 0.622802
21300 214 143.696762 0.000000 1000.000000 0.313691 148.315063 -4.931993 0.000000 0.000000 0.000000 0.636464
21400 215 148.897491 0.000000 1000.000000 0.634274 150.273865 -2.010647 0.000000 0.000000 0.000000 1.772076
21500 216 120.498611 0.000000 1000.000000 0.928508 121.420158 -1.850052 0.000000 0.000000 0.000000 0.821949
21600 217 120.966850 0.000000 1000.000000 1.083719 122.673615 -2.790479 0.000000 0.000000 0.000000 0.947166
21700 218 131.423019 0.000000 1000.000000 1.248781 135.191681 -3.040946 -1.976494 0.000000 0.000000 2.252116
21800 219 114.468338 0.000000 1000.000000 0.644378 122.180710 -6.646883 -1.709871 0.000000 0.000000 0.920746
21900 220 126.224449 0.000000 1000.000000 0.594156 123.009697 -3.689073 6.309671 0.000000 0.000000 0.918575
22000 221 178.095169 0.000000 1000.000000 1.315118 179.575714 -2.795672 0.000000 0.000000 0.000000 1.049030
22100 222 153.242935 0.000000 1000.000000 0.904426 153.570129 -1.231611 0.000000 0.000000 0.000000 3.240120
22200 223 171.207672 0.000000 1000.000000 0.771317 151.215530 -2.994436 22.215258 0.000000 0.000000 1.369536
22300 224 136.211716 0.000000 1000.000000 0.554066 129.481201 -3.367124 9.543575 0.000000 0.000000 1.766629
22400 225 131.128571 0.000000 1000.000000 1.509304 132.862930 -3.243660 0.000000 0.000000 0.000000 2.025713
22500 226 122.886192 0.000000 1000.000000 2.748415 120.944160 -0.806379 0.000000 0.000000 0.000000 2.196647
22600 227 129.497040 0.000000 1000.000000 1.521177 129.254929 -1.279073 0.000000 0.000000 0.000000 1.867988
22700 228 117.930244 0.000000 1000.000000 0.496348 120.030083 -2.596187 0.000000 0.000000 0.000000 2.045508
22800 229 142.800949 0.000000 1000.000000 0.520666 144.841232 -2.560937 0.000000 0.000000 0.000000 2.816126
22900 230 135.279877 0.000000 1000.000000 3.074941 138.530624 -3.946409 -2.379278 0.000000 0.000000 1.172091
23000 231 148.380600 0.000000 1000.000000 0.886281 147.664825 -3.277098 3.106602 0.000000 0.000000 1.242348
23100 232 127.167465 0.000000 1000.000000 0.293599 133.393250 -5.388017 -1.131366 0.000000 0.000000 1.969202
23200 233 144.746307 0.000000 1000.000000 0.536548 137.370239 -5.592639 12.432167 0.000000 0.000000 1.481960
23300 234 124.668190 0.000000 1000.000000 0.279492 141.050766 -5.518531 -11.143548 0.000000 0.000000 1.335465
23400 235 152.788788 0.000000 1000.000000 0.729999 152.700348 -0.641550 0.000000 0.000000 0.000000 1.327872
23500 236 132.060425 0.000000 1000.000000 2.086130 133.153778 -3.179483 0.000000 0.000000 0.000000 1.926811
23600 237 134.599426 0.000000 1000.000000 3.091956 137.719376 -2.651014 -3.560879 0.000000 0.000000 2.116504
23700 238 131.570282 0.000000 1000.000000 0.629292 134.479996 -3.539000 0.000000 0.000000 0.000000 1.646515
23800 239 144.788025 0.000000 1000.000000 2.027442 148.206070 -2.950514 -2.494966 0.000000 0.000000 1.941042
23900 240 147.556885 0.000000 1000.000000 0.699473 151.631348 -4.268354 -0.505590 0.000000 0.000000 2.053394
24000 241 138.686478 0.000000 1000.000000 0.430369 141.769730 -3.513628 0.000000 0.000000 0.000000 2.205982
24100 242 130.051193 0.000000 1000.000000 0.920465 130.088348 -0.957627 0.000000 0.000000 0.000000 2.024272
24200 243 120.100159 0.000000 1000.000000 0.653482 125.257729 -2.448493 -3.362553 0.000000 0.000000 1.413172
24300 244 136.536591 0.000000 1000.000000 0.261421 139.231949 -5.194436 2.237676 0.000000 0.000000 1.290896
24400 245 133.569412 0.000000 1000.000000 0.463442 134.539185 -1.433206 0.000000 0.000000 0.000000 1.911586
24500 246 123.606964 0.000000 1000.000000 1.962190 128.251877 -1.719483 -4.887619 0.000000 0.000000 2.954924
24600 247 133.942505 0.000000 1000.000000 0.288335 135.494980 -5.489675 3.648866 0.000000 0.000000 0.857529
24700 248 131.688171 0.000000 1000.000000 0.869998 132.496460 -1.678284 0.000000 0.000000 0.000000 3.714559
24800 249 111.099632 0.000000 1000.000000 0.522009 120.484291 -4.544261 -5.362410 0.000000 0.000000 1.071628
24900 250 122.941498 0.000000 1000.000000 0.917369 127.389175 -2.605783 -2.759268 0.000000 0.000000 2.951249
25000 251 121.004349 0.000000 1000.000000 0.338647 121.821594 -1.155894 0.000000 0.000000 0.000000 2.099397
25100 252 145.046539 0.000000 1000.000000 0.360434 146.846420 -2.160314 0.000000 0.000000 0.000000 1.813390
25200 253 255.450943 0.000000 1000.000000 2.550479 132.989716 -2.634887 122.545639 0.000000 0.000000 2.635733
25300 254 119.669624 0.000000 1000.000000 0.282892 125.582420 -3.067864 -3.127825 0.000000 0.000000 1.295682
25400 255 145.735168 0.000000 1000.000000 0.664839 148.998428 -7.707640 3.779549 0.000000 0.000000 0.582138
25500 256 133.990021 0.000000 1000.000000 0.196619 134.304794 -0.511396 0.000000 0.000000 0.000000 3.678427
25600 257 127.329582 0.000000 1000.000000 1.185202 133.149307 -4.694894 -2.310020 0.000000 0.000000 3.809863
25700 258 160.870529 0.000000 1000.000000 1.189588 160.458496 -0.777559 0.000000 0.000000 0.000000 2.144796
25800 259 220.260254 0.000000 1000.000000 1.297411 130.778976 -2.226830 90.410698 0.000000 0.000000 2.216385
25900 260 139.776077 0.000000 1000.000000 0.204694 142.061447 -2.490072 0.000000 0.000000 0.000000 4.959257
26000 261 139.583160 0.000000 1000.000000 0.677615 144.679947 -2.699086 -3.075323 0.000000 0.000000 2.832422
26100 262 133.152328 0.000000 1000.000000 0.709282 133.558517 -1.115463 0.000000 0.000000 0.000000 1.830353
26200 263 133.085648 0.000000 1000.000000 0.444137 146.451935 -6.149449 -7.660978 0.000000 0.000000 1.300606
26300 264 122.028839 0.000000 1000.000000 1.221197 121.601028 -0.793389 0.000000 0.000000 0.000000 2.042542
26400 265 145.904251 0.000000 1000.000000 1.285705 147.547409 -2.928864 0.000000 0.000000 0.000000 2.694395
26500 266 143.006363 0.000000 1000.000000 1.569103 143.003265 -1.566009 0.000000 0.000000 0.000000 2.145641
26600 267 137.174438 0.000000 1000.000000 0.713498 137.691879 -1.230946 0.000000 0.000000 0.000000 2.805412
26700 268 149.746613 0.000000 1000.000000 1.260931 134.653076 -4.721664 18.554283 0.000000 0.000000 2.225221
26800 269 132.681778 0.000000 1000.000000 0.477353 134.265091 -2.701356 0.640681 0.000000 0.000000 2.263371
26900 270 188.837631 0.000000 1000.000000 0.879148 139.931671 -4.031949 52.058762 0.000000 0.000000 1.544315
27000 271 136.751694 0.000000 1000.000000 1.269901 137.688156 -2.206355 0.000000 0.000000 0.000000 2.383678
27100 272 143.037369 0.000000 1000.000000 1.083372 143.393677 -1.439686 0.000000 0.000000 0.000000 3.468718
27200 273 138.483261 0.000000 1000.000000 0.992485 139.382339 -1.891548 0.000000 0.000000 0.000000 2.045544
27300 274 137.113052 0.000000 1000.000000 1.611839 137.672455 -2.171233 0.000000 0.000000 0.000000 2.243369
27400 275 164.478073 0.000000 1000.000000 0.289125 166.255798 -2.066854 0.000000 0.000000 0.000000 1.917954
27500 276 139.130081 0.000000 1000.000000 0.509639 140.030762 -1.410328 0.000000 0.000000 0.000000 2.095647
27600 277 150.656235 0.000000 1000.000000 1.061030 149.595200 0.000000 0.000000 0.000000 0.000000 2.543594
27700 278 154.358551 0.000000 1000.000000 1.955409 153.171875 -0.768732 0.000000 0.000000 0.000000 3.592256
27800 279 135.283035 0.000000 1000.000000 0.697726 143.195709 -3.677046 -4.933351 0.000000 0.000000 1.545739
27900 280 144.150375 0.000000 1000.000000 0.895109 143.960098 -0.704839 0.000000 0.000000 0.000000 2.335293
28000 281 145.155151 0.000000 1000.000000 0.583262 138.369064 -3.604931 9.807755 0.000000 0.000000 1.516912
28100 282 137.484756 0.000000 1000.000000 0.696542 140.292679 -3.504468 0.000000 0.000000 0.000000 0.966879
28200 283 153.364029 0.000000 1000.000000 1.927518 153.554184 -2.117671 0.000000 0.000000 0.000000 1.300902
28300 284 151.658920 0.000000 1000.000000 1.229646 150.001465 -2.545645 2.973452 0.000000 0.000000 1.828845
28400 285 146.137772 0.000000 1000.000000 1.260388 136.169708 -1.494668 10.202343 0.000000 0.000000 1.677872
28500 286 131.358902 0.000000 1000.000000 0.246084 135.963959 -4.790420 -0.060713 0.000000 0.000000 2.597386
28600 287 129.916870 0.000000 1000.000000 0.471278 139.523743 -3.742141 -6.336012 0.000000 0.000000 2.618313
28700 288 133.352066 0.000000 1000.000000 1.982292 136.277252 -3.436830 -1.470639 0.000000 0.000000 1.445396
28800 289 129.191223 0.000000 1000.000000 0.621269 130.635574 -2.065618 0.000000 0.000000 0.000000 3.365329
28900 290 157.875763 0.000000 1000.000000 0.724940 159.553314 -2.402503 0.000000 0.000000 0.000000 2.440433
29000 291 139.933273 0.000000 1000.000000 0.523047 142.163177 -2.752945 0.000000 0.000000 0.000000 3.337811
29100 292 129.993530 0.000000 1000.000000 0.630076 130.819504 -1.456051 0.000000 0.000000 0.000000 3.757011
29200 293 130.459976 0.000000 1000.000000 0.449575 132.983246 -2.972841 0.000000 0.000000 0.000000 2.878512
29300 294 137.755310 0.000000 1000.000000 0.362542 137.737091 -0.344324 0.000000 0.000000 0.000000 3.958400
29400 295 142.849594 0.000000 1000.000000 0.571985 140.220825 -2.828400 4.885182 0.000000 0.000000 1.527466
29500 296 120.121826 0.000000 1000.000000 0.185712 130.038559 -3.774473 -6.327973 0.000000 0.000000 1.501452
29600 297 122.825058 0.000000 1000.000000 0.567689 125.403564 -3.146194 0.000000 0.000000 0.000000 2.698333
29700 298 126.196434 0.000000 1000.000000 0.408950 133.584274 -2.885389 -4.911397 0.000000 0.000000 1.933596
29800 299 136.618134 0.000000 1000.000000 0.940900 128.899887 -2.968146 9.745492 0.000000 0.000000 1.759443
29900 300 151.289627 0.000000 1000.000000 1.341467 151.920486 -1.972324 0.000000 0.000000 0.000000 3.174319
30000 301 127.804573 0.000000 1000.000000 0.201235 132.820312 -3.281018 -1.935952 0.000000 0.000000 1.519767
30100 302 144.208633 0.000000 1000.000000 0.474934 154.314987 -2.981098 -7.600183 0.000000 0.000000 2.307733
30200 303 156.800308 0.000000 1000.000000 0.348218 150.781174 -2.272632 7.943539 0.000000 0.000000 2.036044
30300 304 151.641800 0.000000 1000.000000 0.759977 147.792084 -1.076544 4.166279 0.000000 0.000000 2.963170
30400 305 140.843872 0.000000 1000.000000 0.900188 141.884476 -1.940794 0.000000 0.000000 0.000000 2.836628
30500 306 159.225677 0.000000 1000.000000 0.626550 159.423889 -0.824762 0.000000 0.000000 0.000000 2.674505
30600 307 135.350769 0.000000 1000.000000 2.413969 135.147110 -2.210309 0.000000 0.000000 0.000000 3.447162
30700 308 155.098419 0.000000 1000.000000 0.376286 163.614532 -4.407924 -4.484467 0.000000 0.000000 1.737241
30800 309 138.368317 0.000000 1000.000000 0.428195 147.160873 -5.253144 -3.967599 0.000000 0.000000 2.871895
30900 310 177.099426 0.000000 1000.000000 1.337683 133.834824 -2.085835 44.012753 0.000000 0.000000 2.564598
31000 311 152.138168 0.000000 1000.000000 0.412861 143.845779 -2.778718 10.658253 0.000000 0.000000 3.355487
31100 312 150.887100 0.000000 1000.000000 1.438425 149.364502 -4.111157 4.195329 0.000000 0.000000 2.140617
31200 313 117.406219 0.000000 1000.000000 0.906626 124.732819 -3.353079 -4.880139 0.000000 0.000000 3.371808
31300 314 148.639359 0.000000 1000.000000 0.753995 138.787201 -3.763245 12.861409 0.000000 0.000000 3.514159
31400 315 150.136978 0.000000 1000.000000 0.249551 151.665939 -1.778525 0.000000 0.000000 0.000000 2.406004
31500 316 133.085144 0.000000 1000.000000 1.347913 135.764923 -2.858400 -1.169301 0.000000 0.000000 1.678814
31600 317 124.984863 0.000000 1000.000000 0.541041 127.066658 -2.622831 0.000000 0.000000 0.000000 2.906634
31700 318 121.809547 0.000000 1000.000000 1.077288 121.871010 -1.138745 0.000000 0.000000 0.000000 2.563669
31800 319 148.817169 0.000000 1000.000000 0.841202 120.776779 -2.863298 30.062481 0.000000 0.000000 3.261819
31900 320 123.807076 0.000000 1000.000000 0.436598 123.370476 0.000000 0.000000 0.000000 0.000000 1.960063
32000 321 126.174774 0.000000 1000.000000 0.876163 127.048401 -1.749785 0.000000 0.000000 0.000000 1.995054
32100 322 118.655830 0.000000 1000.000000 0.266931 119.830223 -1.441324 0.000000 0.000000 0.000000 2.083117
32200 323 121.362259 0.000000 1000.000000 0.316565 122.588127 -1.542435 0.000000 0.000000 0.000000 1.666692
32300 324 139.134003 0.000000 1000.000000 2.455425 137.938187 -1.259618 0.000000 0.000000 0.000000 1.910993
32400 325 137.488251 0.000000 1000.000000 1.133923 137.469894 -1.115567 0.000000 0.000000 0.000000 2.222783
32500 326 142.700104 0.000000 1000.000000 0.599327 142.398239 -0.297477 0.000000 0.000000 0.000000 3.581659
32600 327 143.664108 0.000000 1000.000000 0.371853 145.039795 -1.747550 0.000000 0.000000 0.000000 1.902746
32700 328 154.117477 0.000000 1000.000000 0.946331 153.171143 0.000000 0.000000 0.000000 0.000000 3.488170
32800 329 130.536926 0.000000 1000.000000 2.461293 130.629486 -2.553843 0.000000 0.000000 0.000000 2.045990
32900 330 133.165955 0.000000 1000.000000 4.608659 130.845688 -2.288388 0.000000 0.000000 0.000000 1.747180
33000 331 150.925156 0.000000 1000.000000 0.615017 151.201782 -0.891648 0.000000 0.000000 0.000000 3.150341
33100 332 135.043198 0.000000 1000.000000 0.433653 136.891953 -2.282416 0.000000 0.000000 0.000000 1.899799
33200 333 159.019608 0.000000 1000.000000 0.635700 165.861084 -4.253520 -3.223643 0.000000 0.000000 1.771754
33300 334 114.002083 0.000000 1000.000000 1.007743 115.449036 -2.454698 0.000000 0.000000 0.000000 2.402774
33400 335 141.717438 0.000000 1000.000000 3.908371 141.887726 -2.386115 -1.692550 0.000000 0.000000 2.188191
33500 336 127.203064 0.000000 1000.000000 1.708699 126.958679 -1.464311 0.000000 0.000000 0.000000 2.154139
33600 337 125.058548 0.000000 1000.000000 0.581105 126.767685 -2.290241 0.000000 0.000000 0.000000 1.005687
33700 338 150.511353 0.000000 1000.000000 0.710560 140.518509 -2.874011 12.156302 0.000000 0.000000 1.855189
33800 339 129.452408 0.000000 1000.000000 0.771280 134.447388 -2.912403 -2.853872 0.000000 0.000000 2.050203
33900 340 133.003448 0.000000 1000.000000 1.820059 133.688522 -2.505135 0.000000 0.000000 0.000000 1.522976
34000 341 153.678711 0.000000 1000.000000 1.046465 130.592834 -6.276656 28.316071 0.000000 0.000000 0.764559
34100 342 131.482315 0.000000 1000.000000 1.192034 131.419724 -1.129433 0.000000 0.000000 0.000000 1.983108
34200 343 149.539902 0.000000 1000.000000 0.758567 150.039505 -1.258161 0.000000 0.000000 0.000000 2.244744
34300 344 138.957062 0.000000 1000.000000 0.476010 137.047913 -4.387208 5.820348 0.000000 0.000000 1.102093
34400 345 200.533569 0.000000 1000.000000 0.996672 142.026077 -4.258210 61.769024 0.000000 0.000000 1.928923
34500 346 142.531433 0.000000 1000.000000 0.569099 146.067459 -4.105125 0.000000 0.000000 0.000000 1.087918
34600 347 136.897415 0.000000 1000.000000 0.556961 141.471298 -5.130846 0.000000 0.000000 0.000000 0.597408
34700 348 120.194168 0.000000 1000.000000 0.814746 128.424026 -5.341307 -3.703290 0.000000 0.000000 0.872462
34800 349 139.923843 0.000000 1000.000000 0.321913 140.468048 -0.866116 0.000000 0.000000 0.000000 2.967568
34900 350 116.851303 0.000000 1000.000000 0.431064 127.043930 -5.022078 -5.601605 0.000000 0.000000 1.254907
35000 351 127.983315 0.000000 1000.000000 2.050695 137.764069 -5.699079 -6.132361 0.000000 0.000000 0.644003
35100 352 138.189621 0.000000 1000.000000 0.889020 143.686737 -3.851728 -2.534403 0.000000 0.000000 1.400207
35200 353 140.350494 0.000000 1000.000000 0.416480 153.666580 -5.728746 -8.003818 0.000000 0.000000 0.567409
35300 354 135.026215 0.000000 1000.000000 2.491574 138.273941 -3.226186 -2.513129 0.000000 0.000000 0.741965
35400 355 130.955856 0.000000 1000.000000 1.525332 131.433548 -2.003025 0.000000 0.000000 0.000000 1.662536
35500 356 114.421509 0.000000 1000.000000 0.225137 122.955704 -7.429281 -1.330051 0.000000 0.000000 0.750669
35600 357 127.775818 0.000000 1000.000000 1.367978 129.348129 -2.940295 0.000000 0.000000 0.000000 0.919145
35700 358 122.509064 0.000000 1000.000000 1.728019 123.632477 -2.851431 0.000000 0.000000 0.000000 2.126140
35800 359 111.733887 0.000000 1000.000000 0.984858 113.244965 -2.495930 0.000000 0.000000 0.000000 1.768287
35900 360 124.608849 0.000000 1000.000000 0.364841 127.216835 -2.972823 0.000000 0.000000 0.000000 0.763862
36000 361 134.832413 0.000000 1000.000000 0.242872 134.449387 -2.055737 2.195892 0.000000 0.000000 1.546311
36100 362 166.630524 0.000000 1000.000000 1.286311 142.659515 -3.076112 25.760799 0.000000 0.000000 2.814595
36200 363 131.004135 0.000000 1000.000000 1.008881 127.148460 -2.405745 5.252533 0.000000 0.000000 1.136398
36300 364 137.013245 0.000000 1000.000000 1.192165 138.454498 -2.633425 0.000000 0.000000 0.000000 2.287027
36400 365 165.072235 0.000000 1000.000000 1.759895 132.423935 -2.301623 33.190025 0.000000 0.000000 2.205492
36500 366 153.337021 0.000000 1000.000000 0.654653 155.096893 -2.414517 0.000000 0.000000 0.000000 1.764150
36600 367 138.931412 0.000000 1000.000000 0.973987 142.748825 -1.338965 -3.452443 0.000000 0.000000 1.971577
36700 368 148.065598 0.000000 1000.000000 0.654847 149.388260 -1.977515 0.000000 0.000000 0.000000 2.096316
36800 369 128.185944 0.000000 1000.000000 0.573396 127.612549 0.000000 0.000000 0.000000 0.000000 2.097386
36900 370 126.574379 0.000000 1000.000000 0.644790 127.925858 -1.996271 0.000000 0.000000 0.000000 1.211278
37000 371 138.958344 0.000000 1000.000000 0.550672 138.725967 -0.318297 0.000000 0.000000 0.000000 2.004946
37100 372 180.449112 0.000000 1000.000000 1.916002 125.098946 -5.089324 58.523495 0.000000 0.000000 0.828600
37200 373 126.886482 0.000000 1000.000000 0.777164 128.621658 -2.512340 0.000000 0.000000 0.000000 1.402167
37300 374 140.895828 0.000000 1000.000000 0.476418 143.234848 -2.815450 0.000000 0.000000 0.000000 1.041046
37400 375 147.617111 0.000000 1000.000000 2.013447 145.603668 0.000000 0.000000 0.000000 0.000000 1.541602
37500 376 134.266251 0.000000 1000.000000 0.370073 135.111649 -1.215466 0.000000 0.000000 0.000000 4.368782
37600 377 124.177849 0.000000 1000.000000 0.423087 126.597618 -2.842858 0.000000 0.000000 0.000000 1.478385
37700 378 121.381676 0.000000 1000.000000 1.048800 128.092575 -2.889064 -4.870636 0.000000 0.000000 1.564784
37800 379 155.047516 0.000000 1000.000000 0.629038 119.277580 -4.556912 39.697807 0.000000 0.000000 1.002436
37900 380 137.412537 0.000000 1000.000000 0.594897 127.685043 -6.218105 15.350714 0.000000 0.000000 1.147192
38000 381 134.040894 0.000000 1000.000000 0.525576 133.515320 0.000000 0.000000 0.000000 0.000000 1.537870
38100 382 145.162598 0.000000 1000.000000 0.836760 135.876617 -6.354992 14.804214 0.000000 0.000000 0.878001
38200 383 135.261841 0.000000 1000.000000 0.842413 144.046921 -5.662736 -3.964747 0.000000 0.000000 1.709712
38300 384 148.476822 0.000000 1000.000000 0.613785 148.676590 -0.813549 0.000000 0.000000 0.000000 1.561712
38400 385 116.848701 0.000000 1000.000000 1.781246 119.329346 -4.532258 0.270369 0.000000 0.000000 1.600225
38500 386 128.590530 0.000000 1000.000000 0.275419 119.341812 -2.742529 11.715834 0.000000 0.000000 2.289171
38600 387 151.024780 0.000000 1000.000000 1.404112 134.508163 -4.879263 19.991760 0.000000 0.000000 1.946056
38700 388 132.944778 0.000000 1000.000000 1.777348 133.130386 -1.962947 0.000000 0.000000 0.000000 1.488570
38800 389 127.690384 0.000000 1000.000000 1.217746 128.863358 -2.390714 0.000000 0.000000 0.000000 2.222334
38900 390 143.103317 0.000000 1000.000000 3.079732 141.343155 -1.319566 0.000000 0.000000 0.000000 2.361326
39000 391 121.687119 0.000000 1000.000000 1.837075 125.944374 -2.430548 -3.663781 0.000000 0.000000 2.358036
39100 392 144.144196 0.000000 1000.000000 1.551429 131.666977 -1.792029 12.717824 0.000000 0.000000 2.648074
39200 393 143.736191 0.000000 1000.000000 2.191431 128.413406 -2.711076 15.842422 0.000000 0.000000 2.219279
39300 394 120.305855 0.000000 1000.000000 1.305520 126.695419 -3.371739 -4.323350 0.000000 0.000000 2.004686
39400 395 132.487045 0.000000 1000.000000 0.918826 132.637817 -1.069600 0.000000 0.000000 0.000000 3.014272
39500 396 138.614517 0.000000 1000.000000 0.655402 141.531006 -3.084059 -0.487827 0.000000 0.000000 4.459262
39600 397 140.330185 0.000000 1000.000000 1.092754 132.904251 -1.566122 7.899295 0.000000 0.000000 3.502071
39700 398 146.247696 0.000000 1000.000000 0.736581 145.511108 0.000000 0.000000 0.000000 0.000000 3.564106
39800 399 128.819580 0.000000 1000.000000 0.635879 128.857071 -0.673367 0.000000 0.000000 0.000000 3.502211
39900 400 136.687256 0.000000 1000.000000 2.291767 135.671829 -1.276342 0.000000 0.000000 0.000000 2.803011
40000 401 127.710594 0.000000 1000.000000 0.756910 124.010536 -2.931282 5.874425 0.000000 0.000000 1.825224
40100 402 149.242355 0.000000 1000.000000 2.814472 147.383148 -0.955254 0.000000 0.000000 0.000000 2.505773
40200 403 147.022537 0.000000 1000.000000 0.888661 147.845261 -1.711374 0.000000 0.000000 0.000000 2.002814
40300 404 156.564056 0.000000 1000.000000 0.791391 155.772659 0.000000 0.000000 0.000000 0.000000 2.594978
40400 405 139.274445 0.000000 1000.000000 1.247403 138.027039 0.000000 0.000000 0.000000 0.000000 3.324402
40500 406 168.741547 0.000000 1000.000000 1.639486 167.102066 0.000000 0.000000 0.000000 0.000000 4.782762
40600 407 155.957977 0.000000 1000.000000 0.266845 156.735199 -1.044062 0.000000 0.000000 0.000000 3.771342
40700 408 136.868469 0.000000 1000.000000 1.290525 136.900665 -1.322730 0.000000 0.000000 0.000000 2.773977
40800 409 132.081329 0.000000 1000.000000 0.544405 132.846375 -1.309444 0.000000 0.000000 0.000000 3.530635
40900 410 135.197784 0.000000 1000.000000 0.474285 139.419937 -3.381812 -1.314638 0.000000 0.000000 2.442547
41000 411 151.441772 0.000000 1000.000000 0.775389 144.449738 -0.622432 6.839087 0.000000 0.000000 2.944339
41100 412 165.682587 0.000000 1000.000000 1.017164 127.454208 -4.273595 41.484810 0.000000 0.000000 1.274322
41200 413 130.670715 0.000000 1000.000000 0.281592 127.073441 -3.061628 6.377308 0.000000 0.000000 2.354137
41300 414 181.631271 0.000000 1000.000000 1.605128 132.947250 -1.959402 49.038284 0.000000 0.000000 4.611462
41400 415 140.668930 0.000000 1000.000000 1.156759 140.970459 -1.458290 0.000000 0.000000 0.000000 2.772391
41500 416 127.513756 0.000000 1000.000000 1.027446 126.486313 0.000000 0.000000 0.000000 0.000000 3.374149
41600 417 157.024689 0.000000 1000.000000 0.640600 146.597733 -2.331583 12.117944 0.000000 0.000000 2.276569
41700 418 137.640717 0.000000 1000.000000 1.627686 137.867249 -1.854220 0.000000 0.000000 0.000000 2.804668
41800 419 143.686752 0.000000 1000.000000 0.733631 142.953125 0.000000 0.000000 0.000000 0.000000 2.235574
41900 420 152.159988 0.000000 1000.000000 0.669422 154.881744 -3.391178 0.000000 0.000000 0.000000 1.214596
42000 421 143.622040 0.000000 1000.000000 1.599779 142.022263 0.000000 0.000000 0.000000 0.000000 4.822950
42100 422 119.841820 0.000000 1000.000000 0.854631 125.637993 -2.633728 -4.017077 0.000000 0.000000 2.256594
42200 423 136.415100 0.000000 1000.000000 0.345944 138.452850 -2.383693 0.000000 0.000000 0.000000 1.194808
42300 424 138.849960 0.000000 1000.000000 0.318291 143.402878 -2.068463 -2.802731 0.000000 0.000000 1.820426
42400 425 147.437576 0.000000 1000.000000 0.524824 141.563339 -3.254885 8.604289 0.000000 0.000000 1.441623
42500 426 133.448486 0.000000 1000.000000 1.907130 136.425003 -2.678816 -2.204829 0.000000 0.000000 1.245268
42600 427 125.212143 0.000000 1000.000000 0.487619 131.198212 -3.596627 -2.877058 0.000000 0.000000 0.811249
42700 428 123.211151 0.000000 1000.000000 0.272330 137.932510 -5.091146 -9.902539 0.000000 0.000000 1.211133
42800 429 141.291794 0.000000 1000.000000 0.438780 143.232788 -2.379783 0.000000 0.000000 0.000000 1.234669
42900 430 131.239441 0.000000 1000.000000 0.526938 130.712509 0.000000 0.000000 0.000000 0.000000 3.950346
43000 431 147.957275 0.000000 1000.000000 0.328038 150.365356 -2.736121 0.000000 0.000000 0.000000 1.792885
43100 432 139.033707 0.000000 1000.000000 1.375232 140.456039 -2.797557 0.000000 0.000000 0.000000 2.963078
43200 433 153.447159 0.000000 1000.000000 2.340660 157.803391 -3.852105 -2.844777 0.000000 0.000000 1.385554
43300 434 131.663300 0.000000 1000.000000 0.834894 133.360291 -2.531891 0.000000 0.000000 0.000000 1.369197
43400 435 142.549606 0.000000 1000.000000 0.391243 145.527924 -3.369570 0.000000 0.000000 0.000000 1.005235
43500 436 139.388092 0.000000 1000.000000 2.153705 137.234390 0.000000 0.000000 0.000000 0.000000 3.064011
43600 437 143.723129 0.000000 1000.000000 0.732738 155.311615 -4.102407 -8.218820 0.000000 0.000000 2.681163
43700 438 148.283234 0.000000 1000.000000 0.168617 151.861542 -3.746927 0.000000 0.000000 0.000000 2.989410
43800 439 142.299850 0.000000 1000.000000 0.185487 147.059204 -2.985174 -1.959678 0.000000 0.000000 1.908662
43900 440 150.224945 0.000000 1000.000000 1.011194 152.369278 -2.839042 -0.316492 0.000000 0.000000 3.208624
44000 441 127.483101 0.000000 1000.000000 0.545624 130.438553 -3.081467 -0.419610 0.000000 0.000000 1.310796
44100 442 156.287323 0.000000 1000.000000 0.287482 158.930435 -2.930588 0.000000 0.000000 0.000000 0.951776
44200 443 134.962692 0.000000 1000.000000 0.835516 140.775879 -3.628537 -3.020160 0.000000 0.000000 1.299956
44300 444 139.061157 0.000000 1000.000000 0.917271 146.276932 -3.386996 -4.746052 0.000000 0.000000 1.449277
44400 445 150.668564 0.000000 1000.000000 3.183135 148.888382 -1.402958 0.000000 0.000000 0.000000 1.180799
44500 446 144.289429 0.000000 1000.000000 0.302407 145.306351 -3.968410 2.649074 0.000000 0.000000 1.738895
44600 447 135.286636 0.000000 1000.000000 0.236097 141.313110 -2.798072 -3.464514 0.000000 0.000000 2.997190
44700 448 143.500473 0.000000 1000.000000 0.612313 142.888153 0.000000 0.000000 0.000000 0.000000 1.211452
44800 449 132.635483 0.000000 1000.000000 0.425590 135.863113 -3.653206 0.000000 0.000000 0.000000 1.824878
44900 450 128.093292 0.000000 1000.000000 0.544328 134.863800 -4.383269 -2.931557 0.000000 0.000000 1.107522
45000 451 130.611588 0.000000 1000.000000 0.320294 133.715683 -3.424400 0.000000 0.000000 0.000000 1.760983
45100 452 161.292526 0.000000 1000.000000 1.046345 160.546021 -3.282526 2.982697 0.000000 0.000000 1.683010
45200 453 143.653091 0.000000 1000.000000 1.199534 145.084824 -2.631273 0.000000 0.000000 0.000000 1.795105
45300 454 140.830093 0.000000 1000.000000 0.948600 141.082993 -1.201498 0.000000 0.000000 0.000000 2.070305
45400 455 131.305649 0.000000 1000.000000 0.367271 132.270462 -1.332078 0.000000 0.000000 0.000000 1.641905
45500 456 149.740234 0.000000 1000.000000 3.323148 152.460663 -2.484286 -3.559300 0.000000 0.000000 1.392381
45600 457 129.621689 0.000000 1000.000000 0.765958 130.981400 -2.125677 0.000000 0.000000 0.000000 2.104443
45700 458 141.121475 0.000000 1000.000000 0.331343 141.864914 -1.074781 0.000000 0.000000 0.000000 4.091641
45800 459 135.699921 0.000000 1000.000000 0.157705 137.429810 -1.887592 0.000000 0.000000 0.000000 2.886979
45900 460 144.306152 0.000000 1000.000000 0.688873 140.319809 -2.738067 6.035534 0.000000 0.000000 2.541857
46000 461 164.814758 0.000000 1000.000000 0.360339 164.729904 -0.275488 0.000000 0.000000 0.000000 4.116037
46100 462 159.638702 0.000000 1000.000000 0.538205 161.344345 -2.243858 0.000000 0.000000 0.000000 2.953385
46200 463 134.500687 0.000000 1000.000000 1.201051 134.171753 -0.872114 0.000000 0.000000 0.000000 5.798746
46300 464 157.585983 0.000000 1000.000000 0.913682 158.120865 -1.448570 0.000000 0.000000 0.000000 3.312695
46400 465 139.205734 0.000000 1000.000000 0.787512 137.249771 -2.569492 3.737943 0.000000 0.000000 2.602304
46500 466 164.859726 0.000000 1000.000000 0.611207 166.135574 -1.887061 0.000000 0.000000 0.000000 3.091029
46600 467 150.542923 0.000000 1000.000000 0.542783 152.827469 -2.827332 0.000000 0.000000 0.000000 1.591594
46700 468 164.545517 0.000000 1000.000000 0.456874 149.513397 -3.389129 17.964367 0.000000 0.000000 3.023454
46800 469 178.725906 0.000000 1000.000000 0.849345 146.006119 -3.180298 35.050732 0.000000 0.000000 1.346068
46900 470 154.709702 0.000000 1000.000000 1.921950 154.024338 -1.236585 0.000000 0.000000 0.000000 2.001686
47000 471 144.671982 0.000000 1000.000000 1.177143 156.550461 -3.845961 -9.209660 0.000000 0.000000 2.045093
47100 472 130.258469 0.000000 1000.000000 0.780338 130.645752 -1.167613 0.000000 0.000000 0.000000 1.986774
47200 473 132.454056 0.000000 1000.000000 0.180601 133.716919 -1.443474 0.000000 0.000000 0.000000 3.467364
47300 474 149.292068 0.000000 1000.000000 0.373051 150.044098 -1.125070 0.000000 0.000000 0.000000 2.000377
47400 475 145.340042 0.000000 1000.000000 0.569386 144.770660 0.000000 0.000000 0.000000 0.000000 3.790440
47500 476 140.778534 0.000000 1000.000000 0.188147 140.590393 0.000000 0.000000 0.000000 0.000000 2.281960
47600 477 148.547485 0.000000 1000.000000 0.436570 154.366348 -3.134464 -3.120968 0.000000 0.000000 2.729988
47700 478 146.658524 0.000000 1000.000000 0.680927 147.847092 -1.869496 0.000000 0.000000 0.000000 2.708287
47800 479 134.051178 0.000000 1000.000000 0.332569 138.572617 -2.097713 -2.756291 0.000000 0.000000 3.244027
47900 480 176.467117 0.000000 1000.000000 0.659422 146.169937 -0.915412 30.553165 0.000000 0.000000 3.395785
48000 481 141.781403 0.000000 1000.000000 0.235443 147.233948 -3.049035 -2.638947 0.000000 0.000000 2.824024
48100 482 129.378540 0.000000 1000.000000 0.214561 129.265335 -0.101354 0.000000 0.000000 0.000000 3.109788
48200 483 144.785400 0.000000 1000.000000 0.661535 145.659744 -1.535874 0.000000 0.000000 0.000000 4.155457
48300 484 125.860512 0.000000 1000.000000 0.732141 128.595520 -3.467155 0.000000 0.000000 0.000000 1.207786
48400 485 161.884430 0.000000 1000.000000 0.251876 164.162247 -2.529698 0.000000 0.000000 0.000000 1.971354
48500 486 136.924622 0.000000 1000.000000 0.634020 138.309250 -2.018641 0.000000 0.000000 0.000000 3.066471
48600 487 146.457428 0.000000 1000.000000 1.096334 146.304535 -0.943437 0.000000 0.000000 0.000000 3.164923
48700 488 142.577530 0.000000 1000.000000 0.506757 142.070770 0.000000 0.000000 0.000000 0.000000 1.653288
48800 489 152.603119 0.000000 1000.000000 1.209258 160.627609 -4.053289 -5.180470 0.000000 0.000000 1.804721
48900 490 141.797989 0.000000 1000.000000 1.288105 141.220673 -0.710788 0.000000 0.000000 0.000000 2.592195
49000 491 136.896912 0.000000 1000.000000 0.378048 144.830551 -3.724635 -4.587059 0.000000 0.000000 1.051823
49100 492 141.470428 0.000000 1000.000000 0.458990 124.742935 -3.971716 20.240215 0.000000 0.000000 2.030797
49200 493 145.851379 0.000000 1000.000000 0.411789 146.764511 -1.324920 0.000000 0.000000 0.000000 2.224040
49300 494 136.196655 0.000000 1000.000000 0.237264 137.105957 -1.146556 0.000000 0.000000 0.000000 3.558724
49400 495 156.225388 0.000000 1000.000000 0.304001 157.037872 -1.116487 0.000000 0.000000 0.000000 3.162733
49500 496 143.298111 0.000000 1000.000000 0.294346 144.929764 -3.448328 1.522337 0.000000 0.000000 1.947309
49600 497 143.462097 0.000000 1000.000000 0.219889 145.729324 -2.487123 0.000000 0.000000 0.000000 1.696386
49700 498 144.821198 0.000000 1000.000000 1.172218 147.428268 -3.779275 0.000000 0.000000 0.000000 1.758686
49800 499 144.101547 0.000000 1000.000000 0.767819 144.050339 -0.716613 0.000000 0.000000 0.000000 2.589261
49900 500 169.511536 0.000000 1000.000000 0.920527 154.402817 -3.236233 17.424419 0.000000 0.000000 3.064220
50000 501 128.369751 0.000000 1000.000000 0.867689 131.250504 -3.748437 0.000000 0.000000 0.000000 2.593371
