1 1 208.747299 0.000000 1000.000000 0.273296 213.168076 -0.205667 -4.488396 0.000000 0.000000 17.801918
100 2 178.360855 0.000000 1000.000000 0.723437 178.946075 -0.740753 -0.567896 0.000000 0.000000 7.171293
200 3 182.131989 0.000000 1000.000000 0.667998 176.470200 -0.734591 5.728386 0.000000 0.000000 6.382027
300 4 186.075333 0.000000 1000.000000 1.942968 184.132370 0.000000 0.000000 0.000000 0.000000 7.344910
400 5 203.840515 0.000000 1000.000000 0.509102 187.334259 -1.737575 17.734724 0.000000 0.000000 2.701686
500 6 172.996735 0.000000 1000.000000 0.536544 172.460190 0.000000 0.000000 0.000000 0.000000 6.153677
600 7 166.099915 0.000000 1000.000000 0.493253 166.997360 -1.390706 0.000000 0.000000 0.000000 5.200606
700 8 178.393112 0.000000 1000.000000 0.990490 165.075272 -0.439231 12.766573 0.000000 0.000000 4.871363
800 9 163.601883 0.000000 1000.000000 0.561535 164.272308 -1.231961 0.000000 0.000000 0.000000 2.857555
900 10 174.373199 0.000000 1000.000000 0.975085 173.803131 -0.405010 0.000000 0.000000 0.000000 2.493739
1000 11 162.749771 0.000000 1000.000000 0.471538 163.191742 -0.913508 0.000000 0.000000 0.000000 3.658390
1100 12 165.263351 0.000000 1000.000000 0.369646 165.126495 -0.232794 0.000000 0.000000 0.000000 5.504404
1200 13 172.862701 0.000000 1000.000000 0.481430 172.573776 -0.192499 0.000000 0.000000 0.000000 5.492247
1300 14 177.938507 0.000000 1000.000000 0.532517 177.405991 0.000000 0.000000 0.000000 0.000000 3.271161
1400 15 153.197403 0.000000 1000.000000 0.596657 152.600754 0.000000 0.000000 0.000000 0.000000 2.932767
1500 16 162.309982 0.000000 1000.000000 0.625627 161.684357 0.000000 0.000000 0.000000 0.000000 2.862543
1600 17 161.735229 0.000000 1000.000000 0.906679 163.394485 -1.791480 -0.774463 0.000000 0.000000 2.817336
1700 18 148.482971 0.000000 1000.000000 0.111716 148.371262 0.000000 0.000000 0.000000 0.000000 2.392745
1800 19 179.326218 0.000000 1000.000000 1.408860 179.168488 -1.251136 0.000000 0.000000 0.000000 2.948308
1900 20 152.944290 0.000000 1000.000000 0.758703 152.786880 -0.601286 0.000000 0.000000 0.000000 3.636786
2000 21 130.447327 0.000000 1000.000000 0.434444 130.762390 -0.749511 0.000000 0.000000 0.000000 3.820781
2100 22 138.068481 0.000000 1000.000000 0.762868 138.070007 -0.764384 0.000000 0.000000 0.000000 2.308551
2200 23 147.398270 0.000000 1000.000000 0.470311 147.151520 -0.223563 0.000000 0.000000 0.000000 3.342968
2300 24 130.428802 0.000000 1000.000000 1.209940 129.817154 -0.598304 0.000000 0.000000 0.000000 4.071735
2400 25 134.532913 0.000000 1000.000000 0.345161 138.111725 -3.682581 -0.241382 0.000000 0.000000 1.236730
2500 26 130.293655 0.000000 1000.000000 0.414065 132.582687 -2.703096 0.000000 0.000000 0.000000 2.446861
2600 27 153.205963 0.000000 1000.000000 1.395337 151.953568 -0.142943 0.000000 0.000000 0.000000 3.387632
2700 28 147.661804 0.000000 1000.000000 0.356262 150.054626 -2.749089 0.000000 0.000000 0.000000 4.976868
2800 29 143.822174 0.000000 1000.000000 0.989333 144.637131 -1.804284 0.000000 0.000000 0.000000 5.623771
2900 30 151.883987 0.000000 1000.000000 0.405127 152.565521 -1.086655 0.000000 0.000000 0.000000 1.544225
3000 31 140.246628 0.000000 1000.000000 0.375581 141.805725 -1.934682 0.000000 0.000000 0.000000 1.272898
3100 32 139.310989 0.000000 1000.000000 0.813535 140.669250 -2.171800 0.000000 0.000000 0.000000 1.850629
3200 33 134.673569 0.000000 1000.000000 0.342174 140.726028 -3.147218 -3.247420 0.000000 0.000000 1.410891
3300 34 152.556107 0.000000 1000.000000 0.694797 136.138168 -1.447898 17.171036 0.000000 0.000000 1.992946
3400 35 143.873138 0.000000 1000.000000 0.695397 143.177734 0.000000 0.000000 0.000000 0.000000 2.660051
3500 36 126.362839 0.000000 1000.000000 0.207002 132.625961 -3.150330 -3.319791 0.000000 0.000000 2.178311
3600 37 143.199234 0.000000 1000.000000 0.277426 143.384674 -0.462857 0.000000 0.000000 0.000000 2.208687
3700 38 152.438385 0.000000 1000.000000 0.267621 153.392746 -1.221983 0.000000 0.000000 0.000000 3.140061
3800 39 151.740967 0.000000 1000.000000 0.639073 151.324493 -0.222597 0.000000 0.000000 0.000000 2.506515
3900 40 135.198959 0.000000 1000.000000 0.326462 136.642426 -1.769929 0.000000 0.000000 0.000000 3.064438
4000 41 135.380753 0.000000 1000.000000 0.481988 136.914185 -2.015429 0.000000 0.000000 0.000000 2.769219
4100 42 140.389954 0.000000 1000.000000 0.615683 140.885086 -1.110816 0.000000 0.000000 0.000000 2.711102
4200 43 135.589752 0.000000 1000.000000 1.607149 135.564026 -1.581424 0.000000 0.000000 0.000000 1.792598
4300 44 152.251144 0.000000 1000.000000 0.497561 153.769470 -2.015891 0.000000 0.000000 0.000000 1.593336
4400 45 134.020264 0.000000 1000.000000 0.821987 133.766617 -0.568345 0.000000 0.000000 0.000000 1.933518
4500 46 136.806702 0.000000 1000.000000 1.253204 144.051865 -3.304349 -5.194018 0.000000 0.000000 1.460195
4600 47 150.841461 0.000000 1000.000000 0.734114 151.225128 -1.117780 0.000000 0.000000 0.000000 2.822607
4700 48 149.594406 0.000000 1000.000000 2.218816 141.783371 -1.193040 6.785260 0.000000 0.000000 3.784328
4800 49 148.730576 0.000000 1000.000000 1.097856 148.855209 -1.222482 0.000000 0.000000 0.000000 4.111380
4900 50 134.763275 0.000000 1000.000000 0.749014 134.014267 0.000000 0.000000 0.000000 0.000000 3.913223
5000 51 144.219162 0.000000 1000.000000 0.390140 147.193802 -1.589767 -1.775007 0.000000 0.000000 3.388710
5100 52 173.961761 0.000000 1000.000000 0.592894 173.747665 -0.378801 0.000000 0.000000 0.000000 1.870366
5200 53 145.801437 0.000000 1000.000000 0.844712 145.790131 -0.833405 0.000000 0.000000 0.000000 5.859585
5300 54 161.949265 0.000000 1000.000000 1.604317 161.493683 -1.148744 0.000000 0.000000 0.000000 1.762941
5400 55 162.800690 0.000000 1000.000000 0.497812 163.390656 -1.087777 0.000000 0.000000 0.000000 2.214708
5500 56 135.567627 0.000000 1000.000000 0.217035 135.829865 -0.479273 0.000000 0.000000 0.000000 3.061695
5600 57 151.824417 0.000000 1000.000000 0.512934 151.311478 0.000000 0.000000 0.000000 0.000000 2.745968
5700 58 142.400360 0.000000 1000.000000 0.464450 145.043854 -1.216343 -1.891609 0.000000 0.000000 3.929806
5800 59 143.235229 0.000000 1000.000000 3.187896 140.727875 -0.680540 0.000000 0.000000 0.000000 3.053514
5900 60 163.391144 0.000000 1000.000000 0.758511 163.111038 -2.021518 1.543104 0.000000 0.000000 1.724156
6000 61 142.598358 0.000000 1000.000000 0.535084 144.061035 -1.997756 0.000000 0.000000 0.000000 1.365997
6100 62 158.762970 0.000000 1000.000000 1.175259 155.603500 -1.980334 3.964534 0.000000 0.000000 2.199136
6200 63 144.552856 0.000000 1000.000000 1.015675 150.817032 -3.310481 -3.969358 0.000000 0.000000 1.943609
6300 64 140.491150 0.000000 1000.000000 0.830980 140.333374 -0.673206 0.000000 0.000000 0.000000 1.805741
6400 65 148.608307 0.000000 1000.000000 1.458272 150.362320 -1.388390 -1.823876 0.000000 0.000000 2.520412
6500 66 180.915741 0.000000 1000.000000 0.773144 157.299881 -2.052645 24.895348 0.000000 0.000000 2.721413
6600 67 162.555542 0.000000 1000.000000 0.307907 152.352112 -1.928762 11.824278 0.000000 0.000000 1.816198
6700 68 141.866882 0.000000 1000.000000 0.299045 149.032455 -2.541508 -4.923104 0.000000 0.000000 1.920440
6800 69 157.786987 0.000000 1000.000000 0.446061 157.846420 -0.505495 0.000000 0.000000 0.000000 3.583779
6900 70 157.870438 0.000000 1000.000000 0.643257 157.913422 -0.686230 0.000000 0.000000 0.000000 2.966848
7000 71 151.700211 0.000000 1000.000000 0.449189 151.549713 -0.298692 0.000000 0.000000 0.000000 3.024157
7100 72 125.263153 0.000000 1000.000000 0.982951 135.403564 -2.441982 -8.681378 0.000000 0.000000 2.647542
7200 73 133.389709 0.000000 1000.000000 0.321773 137.520828 -1.600358 -2.852539 0.000000 0.000000 2.612206
7300 74 130.228851 0.000000 1000.000000 1.405498 134.125443 -2.347124 -2.954977 0.000000 0.000000 2.075908
7400 75 131.709274 0.000000 1000.000000 0.578697 134.002411 -2.871825 0.000000 0.000000 0.000000 1.622779
7500 76 144.927094 0.000000 1000.000000 0.579174 145.088211 -0.740289 0.000000 0.000000 0.000000 2.787564
7600 77 126.482651 0.000000 1000.000000 0.679923 129.888672 -2.027363 -2.058579 0.000000 0.000000 2.623750
7700 78 139.956467 0.000000 1000.000000 0.776618 139.179855 0.000000 0.000000 0.000000 0.000000 4.728157
7800 79 141.687973 0.000000 1000.000000 0.510834 141.746536 -0.569397 0.000000 0.000000 0.000000 3.423052
7900 80 132.726547 0.000000 1000.000000 0.655211 132.979401 -0.908062 0.000000 0.000000 0.000000 4.875859
8000 81 136.673264 0.000000 1000.000000 0.972975 137.074341 -1.374057 0.000000 0.000000 0.000000 2.807364
8100 82 151.512421 0.000000 1000.000000 0.416858 143.746567 -1.302544 8.651551 0.000000 0.000000 4.431483
8200 83 127.401184 0.000000 1000.000000 0.567301 129.328140 -0.908754 -1.585513 0.000000 0.000000 2.340978
8300 84 147.114700 0.000000 1000.000000 1.032803 154.197739 -3.086632 -5.029213 0.000000 0.000000 1.566009
8400 85 144.075928 0.000000 1000.000000 0.566922 145.660217 -2.151218 0.000000 0.000000 0.000000 2.231610
8500 86 138.868881 0.000000 1000.000000 0.224930 139.904526 -1.260569 0.000000 0.000000 0.000000 2.360956
8600 87 121.560333 0.000000 1000.000000 0.623999 122.492424 -1.556089 0.000000 0.000000 0.000000 1.737504
8700 88 137.347717 0.000000 1000.000000 0.336115 140.664963 -1.574907 -2.078454 0.000000 0.000000 2.410772
8800 89 154.285736 0.000000 1000.000000 1.690274 154.509354 -1.913887 0.000000 0.000000 0.000000 1.558448
8900 90 152.777603 0.000000 1000.000000 1.579776 152.306839 -1.109005 0.000000 0.000000 0.000000 3.269729
9000 91 138.981293 0.000000 1000.000000 1.964525 138.966278 -1.949516 0.000000 0.000000 0.000000 4.471438
9100 92 138.450577 0.000000 1000.000000 1.275604 138.250259 -1.075292 0.000000 0.000000 0.000000 1.949792
9200 93 134.492004 0.000000 1000.000000 1.300895 138.323730 -2.692526 -2.440087 0.000000 0.000000 2.840637
9300 94 122.338509 0.000000 1000.000000 1.548016 130.062515 -3.102661 -6.169364 0.000000 0.000000 1.205042
9400 95 116.361847 0.000000 1000.000000 1.000313 116.104546 -0.743009 0.000000 0.000000 0.000000 2.786714
9500 96 136.428543 0.000000 1000.000000 1.402899 135.025650 0.000000 0.000000 0.000000 0.000000 4.413884
9600 97 128.869614 0.000000 1000.000000 0.587976 136.940384 -4.132050 -4.526698 0.000000 0.000000 2.565243
9700 98 140.263641 0.000000 1000.000000 0.364298 141.061218 -1.161878 0.000000 0.000000 0.000000 2.634523
9800 99 113.024727 0.000000 1000.000000 0.456599 115.191505 -2.623375 0.000000 0.000000 0.000000 0.902967
9900 100 123.849503 0.000000 1000.000000 2.271814 125.282028 -3.704339 0.000000 0.000000 0.000000 0.964100
10000 101 123.697144 0.000000 1000.000000 0.436358 126.530327 -3.269539 0.000000 0.000000 0.000000 0.888224
10100 102 119.647415 0.000000 1000.000000 1.185713 121.011192 -2.549489 0.000000 0.000000 0.000000 2.669788
10200 103 120.440254 0.000000 1000.000000 0.251361 134.214493 -6.032942 -7.992651 0.000000 0.000000 1.493179
10300 104 123.271233 0.000000 1000.000000 0.393372 124.531525 -1.653666 0.000000 0.000000 0.000000 3.188292
10400 105 130.102295 0.000000 1000.000000 0.989056 128.856537 -4.351254 4.607957 0.000000 0.000000 0.774944
10500 106 165.561783 0.000000 1000.000000 1.336687 164.225098 0.000000 0.000000 0.000000 0.000000 3.198669
10600 107 123.662994 0.000000 1000.000000 0.829165 122.833832 0.000000 0.000000 0.000000 0.000000 1.796140
10700 108 118.307159 0.000000 1000.000000 0.416170 126.554649 -4.453267 -4.210392 0.000000 0.000000 3.023466
10800 109 115.709023 0.000000 1000.000000 1.587713 120.578812 -3.248661 -3.208840 0.000000 0.000000 0.941874
10900 110 143.183258 0.000000 1000.000000 1.512213 142.836853 -1.165805 0.000000 0.000000 0.000000 3.956684
11000 111 141.533020 0.000000 1000.000000 0.572960 144.286728 -3.326653 0.000000 0.000000 0.000000 1.727812
11100 112 152.084427 0.000000 1000.000000 1.325910 152.595520 -1.837010 0.000000 0.000000 0.000000 2.343802
11200 113 124.506927 0.000000 1000.000000 0.573783 125.223129 -1.289984 0.000000 0.000000 0.000000 2.232326
11300 114 127.458069 0.000000 1000.000000 1.228455 128.415329 -2.185719 0.000000 0.000000 0.000000 1.698589
11400 115 134.023911 0.000000 1000.000000 0.621017 134.711502 -1.308612 0.000000 0.000000 0.000000 2.989833
11500 116 120.581894 0.000000 1000.000000 0.849185 122.078812 -2.346097 0.000000 0.000000 0.000000 1.717998
11600 117 140.472427 0.000000 1000.000000 0.774326 142.246887 -2.548778 0.000000 0.000000 0.000000 1.212508
11700 118 125.079552 0.000000 1000.000000 0.326800 125.389771 -0.637018 0.000000 0.000000 0.000000 1.570281
11800 119 131.600906 0.000000 1000.000000 0.337678 134.821381 -3.558156 0.000000 0.000000 0.000000 1.087323
11900 120 125.058243 0.000000 1000.000000 0.428045 132.311996 -3.286823 -4.394972 0.000000 0.000000 1.220880
12000 121 131.155762 0.000000 1000.000000 0.357591 132.938950 -2.140776 0.000000 0.000000 0.000000 1.786958
12100 122 128.018799 0.000000 1000.000000 0.835010 127.183784 0.000000 0.000000 0.000000 0.000000 2.042386
12200 123 124.689568 0.000000 1000.000000 0.602930 126.084396 -1.997759 0.000000 0.000000 0.000000 2.359845
12300 124 115.741730 0.000000 1000.000000 0.985924 121.394173 -4.197165 -2.441204 0.000000 0.000000 1.718892
12400 125 128.482742 0.000000 1000.000000 0.702484 136.667068 -3.748410 -5.138391 0.000000 0.000000 1.313049
12500 126 136.734283 0.000000 1000.000000 1.340742 138.928833 -3.535290 0.000000 0.000000 0.000000 2.345327
12600 127 138.502441 0.000000 1000.000000 1.359471 139.450729 -2.307754 0.000000 0.000000 0.000000 1.778523
12700 128 122.877388 0.000000 1000.000000 0.819274 122.760689 -4.178529 3.475953 0.000000 0.000000 1.558334
12800 129 138.584457 0.000000 1000.000000 0.625035 137.423782 -3.831407 4.367051 0.000000 0.000000 0.792097
12900 130 139.453995 0.000000 1000.000000 0.429607 140.192841 -1.168463 0.000000 0.000000 0.000000 3.776231
13000 131 124.961426 0.000000 1000.000000 0.233708 124.727715 0.000000 0.000000 0.000000 0.000000 1.091300
13100 132 127.795181 0.000000 1000.000000 0.760214 127.034966 0.000000 0.000000 0.000000 0.000000 3.273331
13200 133 138.468414 0.000000 1000.000000 0.655490 136.854950 -4.448586 5.406572 0.000000 0.000000 0.788463
13300 134 144.631210 0.000000 1000.000000 0.245062 148.450943 -4.064784 0.000000 0.000000 0.000000 2.075943
13400 135 148.776031 0.000000 1000.000000 1.381597 150.372284 -2.486151 -0.491693 0.000000 0.000000 1.756770
13500 136 134.879166 0.000000 1000.000000 0.523141 136.716812 -5.393268 3.032466 0.000000 0.000000 2.123046
13600 137 127.365616 0.000000 1000.000000 0.357335 135.600388 -4.717366 -3.874742 0.000000 0.000000 1.077499
13700 138 127.061050 0.000000 1000.000000 0.630036 127.668442 -1.237429 0.000000 0.000000 0.000000 2.293058
13800 139 114.343773 0.000000 1000.000000 1.005271 125.577766 -5.936610 -6.302655 0.000000 0.000000 1.282188
13900 140 134.519867 0.000000 1000.000000 0.187761 139.852966 -3.689432 -1.831423 0.000000 0.000000 3.269844
14000 141 142.911438 0.000000 1000.000000 0.919997 135.835510 -5.190232 11.346169 0.000000 0.000000 0.918791
14100 142 130.178391 0.000000 1000.000000 0.539701 132.170532 -2.531852 0.000000 0.000000 0.000000 1.583565
14200 143 118.289795 0.000000 1000.000000 2.540010 117.919060 -2.169274 0.000000 0.000000 0.000000 2.021091
14300 144 143.016205 0.000000 1000.000000 0.885799 145.365265 -3.234863 0.000000 0.000000 0.000000 1.176329
14400 145 170.413742 0.000000 1000.000000 0.820068 151.534927 -3.801557 21.860310 0.000000 0.000000 0.946970
14500 146 122.578262 0.000000 1000.000000 0.549745 127.669029 -2.459507 -3.181013 0.000000 0.000000 1.458251
14600 147 135.742050 0.000000 1000.000000 1.131614 136.013336 -1.402886 0.000000 0.000000 0.000000 1.341707
14700 148 131.929810 0.000000 1000.000000 1.672978 138.894211 -5.645453 -2.991921 0.000000 0.000000 1.039395
14800 149 132.620926 0.000000 1000.000000 1.082508 133.150955 -1.612535 0.000000 0.000000 0.000000 1.611674
14900 150 114.930557 0.000000 1000.000000 0.558862 116.900879 -4.003537 1.474361 0.000000 0.000000 0.547315
15000 151 137.564743 0.000000 1000.000000 1.056827 144.287659 -3.884191 -3.895553 0.000000 0.000000 0.703132
15100 152 151.118164 0.000000 1000.000000 0.708306 150.737167 -0.327314 0.000000 0.000000 0.000000 4.046838
15200 153 153.860580 0.000000 1000.000000 0.676059 156.017624 -2.833098 0.000000 0.000000 0.000000 0.897881
15300 154 136.046616 0.000000 1000.000000 1.098211 135.638824 -0.690420 0.000000 0.000000 0.000000 1.870852
15400 155 141.020477 0.000000 1000.000000 0.475989 143.051605 -2.507113 0.000000 0.000000 0.000000 1.257148
15500 156 129.853058 0.000000 1000.000000 0.206352 133.082184 -2.246132 -1.189356 0.000000 0.000000 1.477887
15600 157 130.575012 0.000000 1000.000000 0.279392 138.588989 -3.573100 -4.720265 0.000000 0.000000 1.377067
15700 158 156.048492 0.000000 1000.000000 1.428411 155.997620 -1.377536 0.000000 0.000000 0.000000 1.682998
15800 159 132.025330 0.000000 1000.000000 0.282936 129.736343 -7.414389 9.420436 0.000000 0.000000 1.144300
15900 160 132.132645 0.000000 1000.000000 0.216465 135.492889 -3.576713 0.000000 0.000000 0.000000 1.986266
16000 161 140.363480 0.000000 1000.000000 0.486764 145.867218 -4.187250 -1.803255 0.000000 0.000000 0.773697
16100 162 145.533569 0.000000 1000.000000 1.179653 146.629272 -2.275362 0.000000 0.000000 0.000000 1.895636
16200 163 132.223099 0.000000 1000.000000 1.707682 130.515411 0.000000 0.000000 0.000000 0.000000 2.904994
16300 164 143.827271 0.000000 1000.000000 1.413184 144.055161 -1.641064 0.000000 0.000000 0.000000 1.720647
16400 165 126.979370 0.000000 1000.000000 0.943418 128.728088 -2.692138 0.000000 0.000000 0.000000 2.845485
16500 166 121.567024 0.000000 1000.000000 0.748278 128.030212 -4.074690 -3.136774 0.000000 0.000000 2.004661
16600 167 131.090912 0.000000 1000.000000 0.452101 132.210739 -1.571931 0.000000 0.000000 0.000000 2.626969
16700 168 116.243034 0.000000 1000.000000 1.177328 126.764923 -4.387759 -7.311463 0.000000 0.000000 1.787509
16800 169 121.355125 0.000000 1000.000000 0.233949 122.375107 -1.253927 0.000000 0.000000 0.000000 2.402498
16900 170 139.389709 0.000000 1000.000000 0.442995 138.946716 0.000000 0.000000 0.000000 0.000000 3.227827
17000 171 121.120926 0.000000 1000.000000 2.352979 130.449371 -2.929858 -8.751574 0.000000 0.000000 1.867295
17100 172 139.032135 0.000000 1000.000000 0.526795 136.130737 -1.649202 4.023801 0.000000 0.000000 2.037984
17200 173 139.941498 0.000000 1000.000000 0.835467 139.541000 -0.434962 0.000000 0.000000 0.000000 1.945368
17300 174 137.942261 0.000000 1000.000000 2.500340 136.493561 -1.051638 0.000000 0.000000 0.000000 3.526339
17400 175 126.426834 0.000000 1000.000000 0.507819 127.055008 -1.135994 0.000000 0.000000 0.000000 1.503014
17500 176 138.999954 0.000000 1000.000000 0.598646 124.197151 -3.922170 18.126322 0.000000 0.000000 1.480066
17600 177 136.764709 0.000000 1000.000000 0.377416 138.122528 -1.735227 0.000000 0.000000 0.000000 2.214290
17700 178 146.788940 0.000000 1000.000000 1.222255 146.589355 -1.022680 0.000000 0.000000 0.000000 2.293626
17800 179 119.262245 0.000000 1000.000000 0.856712 122.601288 -2.986578 -1.209178 0.000000 0.000000 1.573669
17900 180 119.347015 0.000000 1000.000000 0.769447 119.440758 -0.863189 0.000000 0.000000 0.000000 1.646031
18000 181 118.891937 0.000000 1000.000000 0.812763 126.689453 -4.941689 -3.668591 0.000000 0.000000 1.700648
18100 182 109.301750 0.000000 1000.000000 1.070215 116.836716 -3.943734 -4.661447 0.000000 0.000000 1.703710
18200 183 136.999451 0.000000 1000.000000 0.650324 137.256348 -0.907231 0.000000 0.000000 0.000000 2.534685
18300 184 160.568909 0.000000 1000.000000 2.016462 130.066635 -3.930322 32.416142 0.000000 0.000000 2.067642
18400 185 128.669098 0.000000 1000.000000 1.064277 136.066666 -3.848810 -4.613020 0.000000 0.000000 1.929423
18500 186 124.515785 0.000000 1000.000000 0.523198 125.106949 -1.114362 0.000000 0.000000 0.000000 2.525089
18600 187 118.709290 0.000000 1000.000000 0.465520 123.085472 -3.312662 -1.529047 0.000000 0.000000 2.225405
18700 188 146.149643 0.000000 1000.000000 1.363892 145.713730 -0.927971 0.000000 0.000000 0.000000 2.355248
18800 189 137.489777 0.000000 1000.000000 0.579929 137.221954 -0.312107 0.000000 0.000000 0.000000 2.812932
18900 190 124.329552 0.000000 1000.000000 1.701245 124.173889 -1.545587 0.000000 0.000000 0.000000 1.776703
19000 191 121.999336 0.000000 1000.000000 0.942571 121.056763 0.000000 0.000000 0.000000 0.000000 2.084929
19100 192 135.606552 0.000000 1000.000000 0.539752 135.670059 -0.603261 0.000000 0.000000 0.000000 3.223535
19200 193 144.920563 0.000000 1000.000000 0.425162 147.110641 -2.615227 0.000000 0.000000 0.000000 1.894292
19300 194 128.266464 0.000000 1000.000000 0.374119 136.882660 -3.802755 -5.187557 0.000000 0.000000 1.476483
19400 195 136.793167 0.000000 1000.000000 0.426773 140.522064 -2.868974 -1.286705 0.000000 0.000000 1.870859
19500 196 142.395264 0.000000 1000.000000 0.471657 144.927917 -3.004325 0.000000 0.000000 0.000000 2.832100
19600 197 129.673386 0.000000 1000.000000 0.900578 135.325500 -3.283435 -3.269251 0.000000 0.000000 2.534263
19700 198 137.670319 0.000000 1000.000000 0.744365 136.925949 0.000000 0.000000 0.000000 0.000000 2.717845
19800 199 136.177872 0.000000 1000.000000 0.788536 141.648407 -3.292821 -2.966251 0.000000 0.000000 1.095925
19900 200 147.451141 0.000000 1000.000000 1.042802 151.613876 -2.939659 -2.265873 0.000000 0.000000 2.060589
20000 201 115.094398 0.000000 1000.000000 0.235126 124.345856 -4.510800 -4.975775 0.000000 0.000000 0.999745
20100 202 136.185654 0.000000 1000.000000 0.402207 137.189484 -1.406038 0.000000 0.000000 0.000000 2.858457
20200 203 139.617249 0.000000 1000.000000 2.143527 137.473724 0.000000 0.000000 0.000000 0.000000 2.689380
20300 204 134.252487 0.000000 1000.000000 0.310198 134.927872 -0.985579 0.000000 0.000000 0.000000 3.006739
20400 205 120.074814 0.000000 1000.000000 0.346651 120.448776 -0.720610 0.000000 0.000000 0.000000 2.151862
20500 206 139.634445 0.000000 1000.000000 0.976990 140.084229 -1.426775 0.000000 0.000000 0.000000 2.331136
20600 207 124.908768 0.000000 1000.000000 0.314509 135.286057 -4.190928 -6.500870 0.000000 0.000000 1.159849
20700 208 122.188721 0.000000 1000.000000 0.618376 125.808975 -3.727551 -0.511079 0.000000 0.000000 1.044621
20800 209 136.766769 0.000000 1000.000000 0.913643 139.069199 -3.216064 0.000000 0.000000 0.000000 1.460937
20900 210 126.081093 0.000000 1000.000000 0.279450 128.266861 -2.465216 0.000000 0.000000 0.000000 1.206445
21000 211 132.389572 0.000000 1000.000000 0.378132 132.011444 0.000000 0.000000 0.000000 0.000000 1.329534
21100 212 145.298187 0.000000 1000.000000 0.740100 133.011658 -5.197889 16.744318 0.000000 0.000000 0.915542
21200 213 147.345306 0.000000 1000.000000 0.314141 156.865570 -4.678120 -5.156289 0.000000 0.000000 0.965243
21300 214 137.671143 0.000000 1000.000000 0.570301 139.143402 -2.042564 0.000000 0.000000 0.000000 2.451429
21400 215 123.304062 0.000000 1000.000000 0.509350 132.322647 -5.925231 -3.602704 0.000000 0.000000 1.013930
21500 216 124.752563 0.000000 1000.000000 0.893145 130.314606 -2.294778 -4.160399 0.000000 0.000000 1.054483
21600 217 120.965347 0.000000 1000.000000 0.226006 122.119370 -1.380026 0.000000 0.000000 0.000000 2.344607
21700 218 123.222511 0.000000 1000.000000 1.020682 126.823997 -5.317809 0.695643 0.000000 0.000000 1.874542
21800 219 130.814255 0.000000 1000.000000 1.353483 131.753143 -2.292380 0.000000 0.000000 0.000000 1.939574
21900 220 154.934280 0.000000 1000.000000 0.784552 140.495728 -6.101255 19.755264 0.000000 0.000000 0.869614
22000 221 128.996460 0.000000 1000.000000 0.516492 129.009796 -0.529825 0.000000 0.000000 0.000000 3.071285
22100 222 112.328468 0.000000 1000.000000 0.567354 120.603233 -5.312094 -3.530024 0.000000 0.000000 0.513736
22200 223 133.939224 0.000000 1000.000000 0.606441 138.441635 -2.854939 -2.253919 0.000000 0.000000 1.100029
22300 224 150.020035 0.000000 1000.000000 0.688448 154.102173 -1.759754 -3.010831 0.000000 0.000000 1.705943
22400 225 144.023270 0.000000 1000.000000 0.456275 149.450363 -3.476606 -2.406755 0.000000 0.000000 1.138340
22500 226 121.455849 0.000000 1000.000000 0.257229 127.226982 -2.579717 -3.448646 0.000000 0.000000 1.360187
22600 227 141.684692 0.000000 1000.000000 0.467662 137.501831 -4.603691 8.318873 0.000000 0.000000 1.843815
22700 228 165.146057 0.000000 1000.000000 0.599043 168.632568 -3.667704 -0.417848 0.000000 0.000000 1.390554
22800 229 148.233200 0.000000 1000.000000 0.810718 147.422485 0.000000 0.000000 0.000000 0.000000 2.304225
22900 230 146.878296 0.000000 1000.000000 0.908153 157.337494 -3.005458 -8.361897 0.000000 0.000000 2.856601
23000 231 218.485046 0.000000 1000.000000 2.328309 138.315765 -5.167764 83.008743 0.000000 0.000000 0.801712
23100 232 135.329025 0.000000 1000.000000 0.514892 143.238052 -5.298901 -3.125012 0.000000 0.000000 1.220083
23200 233 130.226379 0.000000 1000.000000 0.998135 131.711914 -2.483673 0.000000 0.000000 0.000000 1.178153
23300 234 136.849518 0.000000 1000.000000 3.371057 135.528641 -2.050188 0.000000 0.000000 0.000000 0.945253
23400 235 131.294403 0.000000 1000.000000 1.393610 131.041031 -1.140240 0.000000 0.000000 0.000000 2.832796
23500 236 126.243553 0.000000 1000.000000 1.119150 126.628464 -1.504061 0.000000 0.000000 0.000000 1.874406
23600 237 124.828659 0.000000 1000.000000 0.397674 129.626801 -7.481699 2.285878 0.000000 0.000000 0.503700
23700 238 129.615814 0.000000 1000.000000 0.711681 130.287048 -1.382921 0.000000 0.000000 0.000000 2.497131
23800 239 107.647583 0.000000 1000.000000 0.756702 117.953659 -5.191939 -5.870835 0.000000 0.000000 1.667370
23900 240 126.425446 0.000000 1000.000000 0.627339 127.645096 -1.846982 0.000000 0.000000 0.000000 1.055217
24000 241 123.072380 0.000000 1000.000000 0.828085 124.188591 -1.944301 0.000000 0.000000 0.000000 1.912581
24100 242 114.085373 0.000000 1000.000000 0.354267 128.397354 -4.357728 -10.308519 0.000000 0.000000 1.559484
24200 243 149.652679 0.000000 1000.000000 0.547497 127.143852 -3.018452 24.979784 0.000000 0.000000 2.438769
24300 244 129.809464 0.000000 1000.000000 0.228403 131.269180 -1.688133 0.000000 0.000000 0.000000 4.007077
24400 245 104.069588 0.000000 1000.000000 0.258322 120.699821 -5.067719 -11.820839 0.000000 0.000000 1.077527
24500 246 107.780441 0.000000 1000.000000 0.338809 119.713715 -6.024122 -6.247952 0.000000 0.000000 0.838293
24600 247 136.577484 0.000000 1000.000000 0.389665 138.296219 -2.108392 0.000000 0.000000 0.000000 2.058911
24700 248 140.557144 0.000000 1000.000000 0.261574 142.306458 -2.010882 0.000000 0.000000 0.000000 1.356563
24800 249 120.907516 0.000000 1000.000000 0.245533 130.401138 -4.372364 -5.366787 0.000000 0.000000 2.449262
24900 250 129.649963 0.000000 1000.000000 0.370192 135.587082 -3.986141 -2.321170 0.000000 0.000000 1.349264
25000 251 125.818359 0.000000 1000.000000 0.469149 126.838951 -1.489742 0.000000 0.000000 0.000000 4.069730
25100 252 133.555267 0.000000 1000.000000 1.682276 138.750778 -3.109021 -3.768762 0.000000 0.000000 1.279662
25200 253 120.216614 0.000000 1000.000000 0.253871 126.450279 -2.201002 -4.286527 0.000000 0.000000 2.223023
25300 254 139.845535 0.000000 1000.000000 2.302298 142.116211 -3.625997 -0.946983 0.000000 0.000000 2.163683
25400 255 127.324921 0.000000 1000.000000 0.340901 126.984016 0.000000 0.000000 0.000000 0.000000 2.344263
25500 256 129.642090 0.000000 1000.000000 0.500679 130.020615 -0.879196 0.000000 0.000000 0.000000 1.168834
25600 257 124.701981 0.000000 1000.000000 0.355322 130.808975 -3.144730 -3.317583 0.000000 0.000000 1.193838
25700 258 130.539978 0.000000 1000.000000 0.987380 130.778046 -1.225454 0.000000 0.000000 0.000000 1.694452
25800 259 114.563225 0.000000 1000.000000 0.392313 126.248985 -5.207485 -6.870584 0.000000 0.000000 0.962418
25900 260 126.855293 0.000000 1000.000000 0.266278 133.140366 -2.654665 -3.896691 0.000000 0.000000 1.692777
26000 261 127.204590 0.000000 1000.000000 0.318881 128.456314 -1.570599 0.000000 0.000000 0.000000 2.087029
26100 262 127.943115 0.000000 1000.000000 2.828353 128.502090 -3.387331 0.000000 0.000000 0.000000 1.791811
26200 263 124.592079 0.000000 1000.000000 0.840494 123.751587 0.000000 0.000000 0.000000 0.000000 1.476997
26300 264 142.443680 0.000000 1000.000000 0.606777 141.836899 0.000000 0.000000 0.000000 0.000000 2.259263
26400 265 127.001228 0.000000 1000.000000 0.279849 130.782501 -5.895541 1.834420 0.000000 0.000000 0.863200
26500 266 108.955513 0.000000 1000.000000 0.370456 118.860199 -5.389883 -4.885254 0.000000 0.000000 1.680179
26600 267 136.837189 0.000000 1000.000000 0.496457 138.842896 -2.502173 0.000000 0.000000 0.000000 1.737977
26700 268 130.025696 0.000000 1000.000000 1.083676 132.172043 -2.648505 -0.581527 0.000000 0.000000 0.867206
26800 269 127.595406 0.000000 1000.000000 0.532666 129.755814 -2.693074 0.000000 0.000000 0.000000 2.057790
26900 270 123.450584 0.000000 1000.000000 0.364490 126.262917 -3.176816 0.000000 0.000000 0.000000 1.011485
27000 271 113.910522 0.000000 1000.000000 0.325376 134.296646 -5.899012 -14.812488 0.000000 0.000000 0.743730
27100 272 130.969696 0.000000 1000.000000 0.762415 136.476334 -4.597202 -1.671859 0.000000 0.000000 0.615188
27200 273 135.114304 0.000000 1000.000000 1.774989 134.464905 -1.125592 0.000000 0.000000 0.000000 0.971776
27300 274 113.796509 0.000000 1000.000000 0.730129 119.714188 -3.935349 -2.712459 0.000000 0.000000 0.985487
27400 275 124.251396 0.000000 1000.000000 1.117989 121.464043 -1.862738 3.532101 0.000000 0.000000 1.832237
27500 276 151.280380 0.000000 1000.000000 0.555984 152.058716 -1.334313 0.000000 0.000000 0.000000 1.355164
27600 277 162.798645 0.000000 1000.000000 0.510396 145.847031 -5.462282 21.903503 0.000000 0.000000 0.968067
27700 278 136.563675 0.000000 1000.000000 1.279048 141.291626 -3.181141 -2.825861 0.000000 0.000000 1.114379
27800 279 132.823456 0.000000 1000.000000 0.352817 135.777573 -3.306938 0.000000 0.000000 0.000000 1.428531
27900 280 135.126648 0.000000 1000.000000 0.195040 138.255051 -3.323440 0.000000 0.000000 0.000000 1.853766
28000 281 121.260910 0.000000 1000.000000 1.040502 121.117447 -0.897038 0.000000 0.000000 0.000000 1.921565
28100 282 140.458481 0.000000 1000.000000 0.319997 140.810242 -0.671750 0.000000 0.000000 0.000000 2.440922
28200 283 119.608360 0.000000 1000.000000 0.265277 121.810234 -2.467150 0.000000 0.000000 0.000000 2.999104
28300 284 124.325951 0.000000 1000.000000 0.701527 124.689629 -1.065205 0.000000 0.000000 0.000000 3.199851
28400 285 116.244072 0.000000 1000.000000 2.311256 117.451668 -3.518852 0.000000 0.000000 0.000000 1.669979
28500 286 116.743179 0.000000 1000.000000 0.362191 119.809402 -3.428413 0.000000 0.000000 0.000000 1.739488
28600 287 109.676338 0.000000 1000.000000 1.450811 111.293800 -3.068273 0.000000 0.000000 0.000000 2.402971
28700 288 147.913605 0.000000 1000.000000 2.278163 147.254898 -1.619455 0.000000 0.000000 0.000000 1.470767
28800 289 172.966049 0.000000 1000.000000 2.717208 142.514359 -4.418450 32.152939 0.000000 0.000000 1.519939
28900 290 128.741150 0.000000 1000.000000 0.417775 135.671951 -3.963444 -3.385131 0.000000 0.000000 1.854749
29000 291 138.124771 0.000000 1000.000000 0.658836 145.011383 -4.426918 -3.118550 0.000000 0.000000 1.352948
29100 292 114.059616 0.000000 1000.000000 0.630675 121.752029 -4.522870 -3.800220 0.000000 0.000000 1.765863
29200 293 130.455414 0.000000 1000.000000 0.895534 126.954849 -5.538638 8.143668 0.000000 0.000000 1.018220
29300 294 128.229233 0.000000 1000.000000 0.535391 134.473267 -4.192362 -2.587053 0.000000 0.000000 1.259400
29400 295 127.730026 0.000000 1000.000000 0.903195 133.104492 -4.529321 -1.748335 0.000000 0.000000 2.190116
29500 296 141.076569 0.000000 1000.000000 0.917604 141.108002 -0.949038 0.000000 0.000000 0.000000 2.601348
29600 297 129.473267 0.000000 1000.000000 0.696910 128.776352 0.000000 0.000000 0.000000 0.000000 1.819089
29700 298 125.870598 0.000000 1000.000000 0.802904 125.994293 -0.926597 0.000000 0.000000 0.000000 1.928568
29800 299 114.745827 0.000000 1000.000000 0.202618 117.721275 -3.178071 0.000000 0.000000 0.000000 1.909750
29900 300 124.259346 0.000000 1000.000000 0.846494 125.706764 -2.293914 0.000000 0.000000 0.000000 1.351473
30000 301 137.287872 0.000000 1000.000000 0.446071 125.071602 -4.870956 16.641159 0.000000 0.000000 0.854240
30100 302 138.083694 0.000000 1000.000000 3.205620 139.039276 -6.537089 2.375888 0.000000 0.000000 0.671378
30200 303 127.266159 0.000000 1000.000000 0.834612 127.848366 -1.416823 0.000000 0.000000 0.000000 1.781526
30300 304 217.403122 0.000000 1000.000000 1.722701 143.756927 -3.921789 75.845276 0.000000 0.000000 1.220840
30400 305 114.835411 0.000000 1000.000000 0.389667 111.890327 -1.809084 4.364505 0.000000 0.000000 2.089755
30500 306 148.005798 0.000000 1000.000000 0.679634 119.048569 -1.697758 29.975353 0.000000 0.000000 0.826173
30600 307 135.125504 0.000000 1000.000000 0.379256 139.306259 -3.153370 -1.406650 0.000000 0.000000 3.067602
30700 308 127.064499 0.000000 1000.000000 0.426236 137.862625 -5.595527 -5.628849 0.000000 0.000000 1.395677
30800 309 126.072975 0.000000 1000.000000 0.640234 127.321709 -1.888967 0.000000 0.000000 0.000000 1.759009
30900 310 126.760513 0.000000 1000.000000 1.714889 126.735443 -1.689816 0.000000 0.000000 0.000000 2.489269
31000 311 124.617020 0.000000 1000.000000 0.653991 124.161613 -0.198582 0.000000 0.000000 0.000000 3.252754
31100 312 140.248260 0.000000 1000.000000 2.174881 140.769943 -2.696564 0.000000 0.000000 0.000000 2.519546
31200 313 135.311447 0.000000 1000.000000 0.300975 135.200287 -0.189826 0.000000 0.000000 0.000000 1.820769
31300 314 131.845306 0.000000 1000.000000 0.783996 131.850449 -0.789143 0.000000 0.000000 0.000000 1.772663
31400 315 145.492798 0.000000 1000.000000 1.016812 144.475983 0.000000 0.000000 0.000000 0.000000 2.089207
31500 316 139.335464 0.000000 1000.000000 0.546566 132.118164 -2.696314 9.367044 0.000000 0.000000 1.197504
31600 317 140.813660 0.000000 1000.000000 1.693329 141.130325 -2.009998 0.000000 0.000000 0.000000 0.968052
31700 318 134.584091 0.000000 1000.000000 0.798550 134.994751 -1.209215 0.000000 0.000000 0.000000 1.878520
31800 319 132.656784 0.000000 1000.000000 1.433416 133.058807 -1.835428 0.000000 0.000000 0.000000 2.256146
31900 320 143.866791 0.000000 1000.000000 1.075202 143.347015 -0.555425 0.000000 0.000000 0.000000 2.122888
32000 321 134.123077 0.000000 1000.000000 0.995769 134.531143 -1.403844 0.000000 0.000000 0.000000 4.529408
32100 322 137.223618 0.000000 1000.000000 0.186465 146.036041 -5.211403 -3.787484 0.000000 0.000000 0.716117
32200 323 137.476028 0.000000 1000.000000 0.883963 139.095322 -2.503248 0.000000 0.000000 0.000000 1.202851
32300 324 133.988586 0.000000 1000.000000 1.065164 135.726624 -2.803207 0.000000 0.000000 0.000000 2.823676
32400 325 138.436737 0.000000 1000.000000 0.514988 140.373093 -2.451337 0.000000 0.000000 0.000000 1.343011
32500 326 126.991890 0.000000 1000.000000 0.399491 129.370422 -2.778024 0.000000 0.000000 0.000000 1.252331
32600 327 135.502289 0.000000 1000.000000 1.355968 136.471558 -2.325247 0.000000 0.000000 0.000000 2.699389
32700 328 139.114975 0.000000 1000.000000 0.320542 140.275116 -5.023734 3.543040 0.000000 0.000000 1.467021
32800 329 136.571289 0.000000 1000.000000 0.458503 137.810577 -1.697790 0.000000 0.000000 0.000000 0.703818
32900 330 205.737045 0.000000 1000.000000 1.365347 130.971176 -5.092546 78.493073 0.000000 0.000000 1.588471
33000 331 132.825714 0.000000 1000.000000 0.454244 141.007797 -4.053117 -4.583210 0.000000 0.000000 1.657400
33100 332 133.250473 0.000000 1000.000000 1.072503 142.418640 -5.576338 -4.664339 0.000000 0.000000 1.738773
33200 333 128.033829 0.000000 1000.000000 0.466211 129.504684 -1.937076 0.000000 0.000000 0.000000 4.236341
33300 334 133.440628 0.000000 1000.000000 0.562113 137.457489 -1.347515 -3.231468 0.000000 0.000000 3.278186
33400 335 130.703491 0.000000 1000.000000 0.491452 132.241119 -2.029078 0.000000 0.000000 0.000000 0.883837
33500 336 135.001022 0.000000 1000.000000 2.293306 135.491608 -2.645254 -0.138639 0.000000 0.000000 1.270009
33600 337 170.588699 0.000000 1000.000000 2.272000 138.889175 -2.036284 31.463810 0.000000 0.000000 1.747864
33700 338 122.846992 0.000000 1000.000000 2.192165 127.594574 -2.340912 -4.598837 0.000000 0.000000 3.053948
33800 339 131.702072 0.000000 1000.000000 1.090579 136.774933 -2.489903 -3.673532 0.000000 0.000000 1.566983
33900 340 123.877884 0.000000 1000.000000 0.173845 126.245911 -2.419530 -0.122339 0.000000 0.000000 2.650688
34000 341 121.023170 0.000000 1000.000000 0.409909 121.584412 -0.971152 0.000000 0.000000 0.000000 3.485943
34100 342 150.012802 0.000000 1000.000000 0.542450 150.658112 -1.187764 0.000000 0.000000 0.000000 1.916874
34200 343 144.311111 0.000000 1000.000000 0.670237 144.652496 -1.011625 0.000000 0.000000 0.000000 1.920089
34300 344 141.289322 0.000000 1000.000000 0.994434 141.043365 -0.748470 0.000000 0.000000 0.000000 1.452676
34400 345 150.144363 0.000000 1000.000000 2.009295 148.527863 -0.392791 0.000000 0.000000 0.000000 2.758175
34500 346 145.089157 0.000000 1000.000000 0.845282 144.243881 0.000000 0.000000 0.000000 0.000000 1.303504
34600 347 146.728745 0.000000 1000.000000 1.609762 147.923996 -2.805004 0.000000 0.000000 0.000000 2.361346
34700 348 115.426186 0.000000 1000.000000 0.744635 124.601761 -4.152040 -5.768172 0.000000 0.000000 1.065023
34800 349 149.223862 0.000000 1000.000000 1.947795 149.882263 -2.606205 0.000000 0.000000 0.000000 1.351224
34900 350 137.229477 0.000000 1000.000000 0.428430 140.674057 -3.566411 -0.306610 0.000000 0.000000 1.315260
35000 351 134.777237 0.000000 1000.000000 0.564535 134.212708 0.000000 0.000000 0.000000 0.000000 2.392417
35100 352 130.073196 0.000000 1000.000000 0.886248 131.790863 -2.603906 0.000000 0.000000 0.000000 1.303685
35200 353 123.865227 0.000000 1000.000000 0.272954 135.829239 -6.145905 -6.091056 0.000000 0.000000 1.139524
35300 354 125.679855 0.000000 1000.000000 0.184123 127.844177 -2.348449 0.000000 0.000000 0.000000 2.760486
35400 355 133.903198 0.000000 1000.000000 0.662882 125.858131 -3.419957 10.802145 0.000000 0.000000 2.153901
35500 356 133.188492 0.000000 1000.000000 0.594994 136.556213 -3.962721 0.000000 0.000000 0.000000 1.015885
35600 357 125.895935 0.000000 1000.000000 0.232273 131.916916 -3.845406 -2.407841 0.000000 0.000000 1.259937
35700 358 140.479523 0.000000 1000.000000 1.378567 145.976318 -3.558320 -3.317040 0.000000 0.000000 1.265925
35800 359 125.907928 0.000000 1000.000000 0.356593 127.835251 -2.283921 0.000000 0.000000 0.000000 3.001924
35900 360 126.900978 0.000000 1000.000000 1.778365 125.396729 -0.274115 0.000000 0.000000 0.000000 4.243888
36000 361 158.928162 0.000000 1000.000000 1.655510 158.045959 -0.773308 0.000000 0.000000 0.000000 1.992367
36100 362 121.823853 0.000000 1000.000000 0.267870 124.317215 -2.761232 0.000000 0.000000 0.000000 2.459370
36200 363 119.459999 0.000000 1000.000000 0.607465 123.614990 -2.092997 -2.669462 0.000000 0.000000 1.200757
36300 364 125.403221 0.000000 1000.000000 2.471306 127.118256 -4.186348 0.000000 0.000000 0.000000 0.920660
36400 365 120.831497 0.000000 1000.000000 0.322688 127.042969 -1.857063 -4.677094 0.000000 0.000000 1.788987
36500 366 117.590004 0.000000 1000.000000 1.127644 122.264641 -2.343204 -3.459081 0.000000 0.000000 1.197506
36600 367 120.493042 0.000000 1000.000000 2.561810 118.494629 -0.563403 0.000000 0.000000 0.000000 1.896323
36700 368 142.135757 0.000000 1000.000000 1.449420 146.544495 -2.676916 -3.181248 0.000000 0.000000 1.470627
36800 369 118.161682 0.000000 1000.000000 0.468471 122.246178 -3.918509 -0.634452 0.000000 0.000000 1.580739
36900 370 146.371964 0.000000 1000.000000 4.057627 143.218750 -0.904415 0.000000 0.000000 0.000000 3.580794
37000 371 128.968185 0.000000 1000.000000 1.328792 134.494934 -2.610483 -4.245052 0.000000 0.000000 2.087657
37100 372 140.616959 0.000000 1000.000000 1.309401 129.536789 -3.731685 13.502443 0.000000 0.000000 1.857219
37200 373 134.743073 0.000000 1000.000000 1.934732 134.223923 -1.415584 0.000000 0.000000 0.000000 2.045259
37300 374 144.617599 0.000000 1000.000000 0.571237 143.421204 -2.856802 3.481956 0.000000 0.000000 1.759578
37400 375 136.242569 0.000000 1000.000000 0.143523 142.114456 -2.931702 -3.083714 0.000000 0.000000 1.055946
37500 376 126.545113 0.000000 1000.000000 0.627169 126.927620 -1.009673 0.000000 0.000000 0.000000 1.247222
37600 377 146.292999 0.000000 1000.000000 1.297633 146.270721 -5.589026 4.313655 0.000000 0.000000 0.674768
37700 378 141.711517 0.000000 1000.000000 1.578568 148.235397 -4.683311 -3.419136 0.000000 0.000000 0.936175
37800 379 135.611084 0.000000 1000.000000 0.740321 141.873718 -2.378362 -4.624611 0.000000 0.000000 2.723832
37900 380 121.897141 0.000000 1000.000000 1.302086 123.230698 -2.635641 0.000000 0.000000 0.000000 2.354387
38000 381 122.032242 0.000000 1000.000000 0.320084 124.970810 -2.648100 -0.610547 0.000000 0.000000 2.618118
38100 382 130.628906 0.000000 1000.000000 0.758112 130.453049 -0.582265 0.000000 0.000000 0.000000 4.075684
38200 383 123.976372 0.000000 1000.000000 0.178979 124.923103 -1.125711 0.000000 0.000000 0.000000 5.885894
38300 384 136.955490 0.000000 1000.000000 0.357341 138.550461 -1.952317 0.000000 0.000000 0.000000 6.238091
38400 385 144.897766 0.000000 1000.000000 1.883396 144.332382 -1.318014 0.000000 0.000000 0.000000 3.504822
38500 386 129.815186 0.000000 1000.000000 1.415537 135.344223 -2.369082 -4.575495 0.000000 0.000000 3.611329
38600 387 131.390961 0.000000 1000.000000 0.975427 130.647934 -0.232402 0.000000 0.000000 0.000000 2.780979
38700 388 126.211830 0.000000 1000.000000 0.167576 138.331635 -5.316542 -6.970835 0.000000 0.000000 2.296688
38800 389 133.899902 0.000000 1000.000000 0.217032 134.022171 -0.339297 0.000000 0.000000 0.000000 6.246579
38900 390 157.556808 0.000000 1000.000000 2.522912 157.052887 -2.018996 0.000000 0.000000 0.000000 3.179981
39000 391 135.012314 0.000000 1000.000000 0.359828 136.406021 -1.753533 0.000000 0.000000 0.000000 2.261676
39100 392 120.720238 0.000000 1000.000000 0.947479 125.912552 -3.717986 -2.421804 0.000000 0.000000 2.220367
39200 393 143.047913 0.000000 1000.000000 0.845287 142.823410 -0.620796 0.000000 0.000000 0.000000 2.269485
39300 394 130.601273 0.000000 1000.000000 0.657450 128.864304 -4.144403 5.223913 0.000000 0.000000 1.661313
39400 395 125.903885 0.000000 1000.000000 0.329433 130.296417 -1.671786 -3.050189 0.000000 0.000000 2.266378
39500 396 136.906738 0.000000 1000.000000 0.870973 142.006897 -3.852335 -2.118789 0.000000 0.000000 1.036072
39600 397 137.721756 0.000000 1000.000000 1.206721 141.289612 -2.745984 -2.028589 0.000000 0.000000 1.254611
39700 398 134.017914 0.000000 1000.000000 0.853304 136.810913 -3.646299 0.000000 0.000000 0.000000 3.300924
39800 399 136.656113 0.000000 1000.000000 1.482233 135.173874 0.000000 0.000000 0.000000 0.000000 1.624608
39900 400 100.586632 0.000000 1000.000000 0.506145 107.157593 -7.306632 0.229531 0.000000 0.000000 0.741488
40000 401 209.022034 0.000000 1000.000000 2.449642 125.614273 -4.770401 85.728516 0.000000 0.000000 1.619303
40100 402 126.507759 0.000000 1000.000000 0.809999 128.295837 -2.598076 0.000000 0.000000 0.000000 1.147066
40200 403 122.597633 0.000000 1000.000000 0.879584 130.251892 -4.517818 -4.016015 0.000000 0.000000 1.365517
40300 404 125.565773 0.000000 1000.000000 0.773802 130.837769 -5.527429 -0.518375 0.000000 0.000000 0.665058
40400 405 132.618576 0.000000 1000.000000 0.586430 144.302979 -5.582663 -6.688177 0.000000 0.000000 1.161259
40500 406 145.012482 0.000000 1000.000000 1.003733 148.139481 -2.809583 -1.321150 0.000000 0.000000 1.962638
40600 407 139.208572 0.000000 1000.000000 0.534962 138.673615 0.000000 0.000000 0.000000 0.000000 2.397603
40700 408 137.299225 0.000000 1000.000000 0.614716 138.341705 -1.657201 0.000000 0.000000 0.000000 1.119821
40800 409 128.652588 0.000000 1000.000000 0.766386 137.703156 -4.047575 -5.769379 0.000000 0.000000 1.411800
40900 410 133.767578 0.000000 1000.000000 0.702388 136.705551 -3.640369 0.000000 0.000000 0.000000 2.230787
41000 411 149.719101 0.000000 1000.000000 1.095308 149.410980 -0.787183 0.000000 0.000000 0.000000 2.730319
41100 412 127.578476 0.000000 1000.000000 0.691068 129.206573 -2.319166 0.000000 0.000000 0.000000 0.960029
41200 413 134.833008 0.000000 1000.000000 1.359054 134.494461 -2.911315 1.890802 0.000000 0.000000 1.927816
41300 414 112.603760 0.000000 1000.000000 0.573742 113.676231 -1.646211 0.000000 0.000000 0.000000 1.828827
41400 415 121.171150 0.000000 1000.000000 1.237048 120.329254 -0.395151 0.000000 0.000000 0.000000 3.429578
41500 416 125.254440 0.000000 1000.000000 0.768049 126.190041 -1.703649 0.000000 0.000000 0.000000 1.621770
41600 417 123.124878 0.000000 1000.000000 0.617993 117.142303 -3.025362 8.389936 0.000000 0.000000 2.105221
41700 418 105.695824 0.000000 1000.000000 0.804476 111.854652 -3.196707 -3.766597 0.000000 0.000000 0.841555
41800 419 135.196915 0.000000 1000.000000 0.693655 136.012192 -1.508920 0.000000 0.000000 0.000000 1.514394
41900 420 131.514740 0.000000 1000.000000 1.065534 139.138107 -3.377062 -5.311850 0.000000 0.000000 1.196950
42000 421 159.868378 0.000000 1000.000000 0.969595 159.445847 -0.547063 0.000000 0.000000 0.000000 1.477880
42100 422 137.718597 0.000000 1000.000000 0.223157 132.554184 -3.648813 8.590079 0.000000 0.000000 2.216007
42200 423 131.639572 0.000000 1000.000000 0.884673 137.542786 -3.461780 -3.326112 0.000000 0.000000 1.861404
42300 424 129.421387 0.000000 1000.000000 0.842041 130.298203 -1.718853 0.000000 0.000000 0.000000 3.659156
42400 425 143.578690 0.000000 1000.000000 0.777826 124.431465 -2.117572 20.486975 0.000000 0.000000 2.173380
42500 426 123.243111 0.000000 1000.000000 0.678619 130.939880 -3.064696 -5.310689 0.000000 0.000000 1.788416
42600 427 148.787750 0.000000 1000.000000 1.027596 147.760147 0.000000 0.000000 0.000000 0.000000 3.959782
42700 428 136.662201 0.000000 1000.000000 0.594995 137.584579 -1.517375 0.000000 0.000000 0.000000 6.713308
42800 429 145.175125 0.000000 1000.000000 0.586738 144.588394 0.000000 0.000000 0.000000 0.000000 2.127739
42900 430 135.552307 0.000000 1000.000000 0.386633 136.013092 -0.847419 0.000000 0.000000 0.000000 3.441311
43000 431 124.843864 0.000000 1000.000000 0.825027 124.785027 -0.766187 0.000000 0.000000 0.000000 2.479682
43100 432 110.746750 0.000000 1000.000000 0.945408 109.801338 0.000000 0.000000 0.000000 0.000000 2.501028
43200 433 112.436501 0.000000 1000.000000 0.652852 126.790131 -6.817732 -8.188750 0.000000 0.000000 0.653086
43300 434 119.276688 0.000000 1000.000000 0.656867 121.239891 -2.620068 0.000000 0.000000 0.000000 2.266955
43400 435 122.812141 0.000000 1000.000000 1.181023 124.253914 -2.622797 0.000000 0.000000 0.000000 2.340761
43500 436 135.210175 0.000000 1000.000000 1.159351 143.521469 -4.388062 -5.082587 0.000000 0.000000 1.035769
43600 437 151.744141 0.000000 1000.000000 0.601590 152.729507 -1.586962 0.000000 0.000000 0.000000 1.951089
43700 438 138.728394 0.000000 1000.000000 0.340045 146.782242 -3.122031 -5.271862 0.000000 0.000000 1.426834
43800 439 122.289948 0.000000 1000.000000 0.373048 126.938911 -2.487200 -2.534811 0.000000 0.000000 1.210528
43900 440 140.557938 0.000000 1000.000000 0.665251 140.610184 -0.717493 0.000000 0.000000 0.000000 1.722919
44000 441 135.254333 0.000000 1000.000000 1.059267 134.928574 -0.733505 0.000000 0.000000 0.000000 2.084534
44100 442 113.185616 0.000000 1000.000000 0.334501 117.730339 -3.465800 -1.413426 0.000000 0.000000 2.341849
44200 443 133.288376 0.000000 1000.000000 0.357283 134.924454 -1.993359 0.000000 0.000000 0.000000 3.037031
44300 444 131.937302 0.000000 1000.000000 0.595180 131.671158 -0.329038 0.000000 0.000000 0.000000 2.390988
44400 445 137.849777 0.000000 1000.000000 1.435066 136.999420 -0.584707 0.000000 0.000000 0.000000 3.995205
44500 446 111.675209 0.000000 1000.000000 0.209815 112.796318 -1.330925 0.000000 0.000000 0.000000 1.471310
44600 447 138.230728 0.000000 1000.000000 0.563559 149.492676 -3.867741 -7.957768 0.000000 0.000000 0.935530
44700 448 153.950684 0.000000 1000.000000 0.213413 162.334930 -3.851883 -4.745767 0.000000 0.000000 1.196572
44800 449 137.354309 0.000000 1000.000000 0.916750 143.683029 -3.093392 -4.152076 0.000000 0.000000 1.295589
44900 450 144.543900 0.000000 1000.000000 2.491643 147.083160 -1.844661 -3.186230 0.000000 0.000000 1.544053
45000 451 122.411568 0.000000 1000.000000 0.792793 127.650070 -2.647102 -3.384204 0.000000 0.000000 2.337388
45100 452 132.442902 0.000000 1000.000000 1.686150 131.424774 -0.668029 0.000000 0.000000 0.000000 2.072095
45200 453 130.284622 0.000000 1000.000000 0.950173 131.184265 -1.849817 0.000000 0.000000 0.000000 2.284321
45300 454 131.152832 0.000000 1000.000000 0.203847 140.497330 -4.014836 -5.533501 0.000000 0.000000 1.289361
45400 455 150.448166 0.000000 1000.000000 1.134134 151.995605 -2.681576 0.000000 0.000000 0.000000 2.061513
45500 456 141.300873 0.000000 1000.000000 0.438134 145.208389 -3.027040 -1.318624 0.000000 0.000000 2.925749
45600 457 148.691757 0.000000 1000.000000 0.918053 148.793930 -1.020241 0.000000 0.000000 0.000000 2.731907
45700 458 118.964287 0.000000 1000.000000 0.673163 119.982246 -1.691128 0.000000 0.000000 0.000000 1.162198
45800 459 148.724808 0.000000 1000.000000 0.396756 149.808716 -1.480673 0.000000 0.000000 0.000000 2.985594
45900 460 162.838882 0.000000 1000.000000 0.601581 159.044800 -3.572313 6.764812 0.000000 0.000000 1.529187
46000 461 123.815712 0.000000 1000.000000 2.340751 128.069626 -2.105832 -4.488824 0.000000 0.000000 2.159831
46100 462 125.723190 0.000000 1000.000000 0.361102 125.515663 -0.153572 0.000000 0.000000 0.000000 2.024239
46200 463 128.181915 0.000000 1000.000000 0.963731 131.658707 -2.188951 -2.251570 0.000000 0.000000 1.427713
46300 464 120.593643 0.000000 1000.000000 0.260727 121.374901 -1.041983 0.000000 0.000000 0.000000 2.558562
46400 465 142.521225 0.000000 1000.000000 0.210831 142.310394 0.000000 0.000000 0.000000 0.000000 1.625864
46500 466 108.402344 0.000000 1000.000000 0.112437 114.487206 -4.186590 -2.010706 0.000000 0.000000 2.138527
46600 467 136.735779 0.000000 1000.000000 0.260735 137.509903 -1.034873 0.000000 0.000000 0.000000 2.298270
46700 468 142.434006 0.000000 1000.000000 0.270007 144.329391 -2.165389 0.000000 0.000000 0.000000 1.785098
46800 469 143.095047 0.000000 1000.000000 0.425930 143.466843 -0.797731 0.000000 0.000000 0.000000 2.318046
46900 470 137.190201 0.000000 1000.000000 0.690669 138.184402 -1.684875 0.000000 0.000000 0.000000 2.835223
47000 471 143.440002 0.000000 1000.000000 0.943970 145.665070 -3.169033 0.000000 0.000000 0.000000 1.143510
47100 472 133.330124 0.000000 1000.000000 1.052229 139.096024 -4.331542 -2.486585 0.000000 0.000000 1.224402
47200 473 161.362930 0.000000 1000.000000 0.647487 162.583817 -1.868377 0.000000 0.000000 0.000000 1.038448
47300 474 147.760223 0.000000 1000.000000 1.130906 147.230865 -0.601551 0.000000 0.000000 0.000000 2.514429
47400 475 155.834564 0.000000 1000.000000 1.543516 137.586761 -3.197830 19.902109 0.000000 0.000000 2.550400
47500 476 135.360733 0.000000 1000.000000 0.889296 135.533020 -1.061591 0.000000 0.000000 0.000000 2.003750
47600 477 133.610428 0.000000 1000.000000 1.228527 133.550415 -1.168523 0.000000 0.000000 0.000000 1.539686
47700 478 113.993263 0.000000 1000.000000 0.219389 120.744926 -2.231553 -4.739502 0.000000 0.000000 1.338911
47800 479 136.652161 0.000000 1000.000000 0.784238 142.412292 -3.025213 -3.519165 0.000000 0.000000 2.207664
47900 480 147.806564 0.000000 1000.000000 0.737404 135.630341 -3.137714 14.576516 0.000000 0.000000 2.136912
48000 481 134.831177 0.000000 1000.000000 0.654048 134.692398 -0.515270 0.000000 0.000000 0.000000 1.498046
48100 482 130.170593 0.000000 1000.000000 0.449109 132.002045 -2.280570 0.000000 0.000000 0.000000 2.766339
48200 483 137.858292 0.000000 1000.000000 1.870944 138.779892 -2.792538 0.000000 0.000000 0.000000 2.076879
48300 484 140.818588 0.000000 1000.000000 0.283252 141.972824 -1.437488 0.000000 0.000000 0.000000 2.448814
48400 485 116.605087 0.000000 1000.000000 0.904824 123.770294 -3.853713 -4.216314 0.000000 0.000000 1.677867
48500 486 144.248093 0.000000 1000.000000 0.442806 145.356689 -1.551403 0.000000 0.000000 0.000000 2.080638
48600 487 133.169830 0.000000 1000.000000 0.723522 132.446304 0.000000 0.000000 0.000000 0.000000 2.962961
48700 488 138.947968 0.000000 1000.000000 2.035388 139.165878 -2.253289 0.000000 0.000000 0.000000 2.059679
48800 489 123.761353 0.000000 1000.000000 1.009533 122.960625 -0.208806 0.000000 0.000000 0.000000 3.902171
48900 490 126.861443 0.000000 1000.000000 1.023491 126.264465 -0.426511 0.000000 0.000000 0.000000 2.664646
49000 491 169.874161 0.000000 1000.000000 1.140934 170.364456 -1.631230 0.000000 0.000000 0.000000 1.785549
49100 492 137.512131 0.000000 1000.000000 0.398784 138.919556 -1.806216 0.000000 0.000000 0.000000 0.948598
49200 493 140.529221 0.000000 1000.000000 0.217573 141.531021 -1.219381 0.000000 0.000000 0.000000 2.629207
49300 494 152.323776 0.000000 1000.000000 1.046374 151.277405 0.000000 0.000000 0.000000 0.000000 2.943263
49400 495 134.255264 0.000000 1000.000000 1.210327 137.679962 -2.085535 -2.549480 0.000000 0.000000 2.104052
49500 496 124.034897 0.000000 1000.000000 1.529212 125.067276 -2.561590 0.000000 0.000000 0.000000 2.178889
49600 497 143.955612 0.000000 1000.000000 0.412411 144.547089 -1.003892 0.000000 0.000000 0.000000 2.727807
49700 498 130.505081 0.000000 1000.000000 0.512731 131.843552 -1.851198 0.000000 0.000000 0.000000 2.203636
49800 499 127.436501 0.000000 1000.000000 0.432661 128.298538 -1.294699 0.000000 0.000000 0.000000 1.744820
49900 500 134.464569 0.000000 1000.000000 0.368068 134.096497 0.000000 0.000000 0.000000 0.000000 2.160392
50000 501 135.413559 0.000000 1000.000000 0.282503 135.131058 0.000000 0.000000 0.000000 0.000000 4.253997
