1 1 190.495499 0.000000 1000.000000 0.145422 205.350388 -0.495699 -14.504606 0.000000 0.000000 18.370304
100 2 162.846359 0.000000 1000.000000 0.650232 162.947083 -0.750957 0.000000 0.000000 0.000000 5.984164
200 3 150.848694 0.000000 1000.000000 1.102262 149.746429 0.000000 0.000000 0.000000 0.000000 9.208808
300 4 140.634674 0.000000 1000.000000 0.443701 140.190979 0.000000 0.000000 0.000000 0.000000 6.783749
400 5 136.670547 0.000000 1000.000000 1.279886 135.390656 0.000000 0.000000 0.000000 0.000000 7.320527
500 6 131.662949 0.000000 1000.000000 0.546005 131.702347 -0.585404 0.000000 0.000000 0.000000 8.528835
600 7 150.206894 0.000000 1000.000000 1.806014 148.729935 -0.329056 0.000000 0.000000 0.000000 6.441195
700 8 146.140228 0.000000 1000.000000 1.321452 145.168320 -0.349546 0.000000 0.000000 0.000000 4.622512
800 9 163.106323 0.000000 1000.000000 2.004672 148.936951 -1.449821 13.614511 0.000000 0.000000 5.736544
900 10 134.252213 0.000000 1000.000000 0.538570 136.027863 -2.314231 0.000000 0.000000 0.000000 3.339398
1000 11 126.645111 0.000000 1000.000000 0.903270 126.515778 -0.773936 0.000000 0.000000 0.000000 4.438610
1100 12 123.962273 0.000000 1000.000000 3.669154 121.366699 -1.073575 0.000000 0.000000 0.000000 5.419222
1200 13 115.325615 0.000000 1000.000000 1.260636 115.344002 -1.279025 0.000000 0.000000 0.000000 2.844041
1300 14 154.425964 0.000000 1000.000000 1.851931 139.832794 -1.465203 14.206459 0.000000 0.000000 3.298420
1400 15 133.740280 0.000000 1000.000000 2.768784 131.763947 -0.792446 0.000000 0.000000 0.000000 4.050082
1500 16 121.615562 0.000000 1000.000000 0.599128 121.405716 -0.389286 0.000000 0.000000 0.000000 2.818731
1600 17 129.269836 0.000000 1000.000000 1.695828 128.008240 -0.434232 0.000000 0.000000 0.000000 2.627206
1700 18 124.935303 0.000000 1000.000000 1.110089 130.236710 -3.188808 -3.222687 0.000000 0.000000 1.690029
1800 19 141.919144 0.000000 1000.000000 1.196009 141.102097 -0.378973 0.000000 0.000000 0.000000 2.679234
1900 20 135.167603 0.000000 1000.000000 1.754060 140.367554 -4.138011 -2.815998 0.000000 0.000000 0.821171
2000 21 143.291931 0.000000 1000.000000 1.264586 142.027344 0.000000 0.000000 0.000000 0.000000 3.355362
2100 22 128.639832 0.000000 1000.000000 2.335345 128.435715 -2.131223 0.000000 0.000000 0.000000 3.672508
2200 23 139.939041 0.000000 1000.000000 0.853618 140.021927 -0.936504 0.000000 0.000000 0.000000 2.228503
2300 24 139.103439 0.000000 1000.000000 0.320063 138.783371 0.000000 0.000000 0.000000 0.000000 3.061217
2400 25 157.523651 0.000000 1000.000000 1.226152 158.380264 -2.082762 0.000000 0.000000 0.000000 2.027508
2500 26 117.594719 0.000000 1000.000000 1.139064 120.686455 -1.498338 -2.732459 0.000000 0.000000 2.314184
2600 27 168.312866 0.000000 1000.000000 0.998581 145.863037 -1.717504 23.168747 0.000000 0.000000 2.399798
2700 28 122.749931 0.000000 1000.000000 0.863066 127.323471 -1.685538 -3.751066 0.000000 0.000000 1.810693
2800 29 136.972122 0.000000 1000.000000 0.086419 149.876541 -3.677859 -9.312982 0.000000 0.000000 1.348820
2900 30 122.982986 0.000000 1000.000000 0.511778 125.575974 -3.104767 0.000000 0.000000 0.000000 1.915453
3000 31 137.701202 0.000000 1000.000000 0.851466 138.634796 -1.785060 0.000000 0.000000 0.000000 1.658825
3100 32 127.641632 0.000000 1000.000000 0.512638 129.139709 -2.010710 0.000000 0.000000 0.000000 2.844781
3200 33 131.324646 0.000000 1000.000000 0.620368 131.214203 -0.509914 0.000000 0.000000 0.000000 0.991649
3300 34 145.829132 0.000000 1000.000000 0.217863 147.856415 -2.245152 0.000000 0.000000 0.000000 1.863788
3400 35 135.018295 0.000000 1000.000000 1.924280 133.094009 0.000000 0.000000 0.000000 0.000000 2.866092
3500 36 131.254181 0.000000 1000.000000 2.616390 136.737061 -2.920714 -5.178566 0.000000 0.000000 3.317591
3600 37 139.991562 0.000000 1000.000000 0.483562 143.874680 -1.652378 -2.714305 0.000000 0.000000 2.744104
3700 38 143.813690 0.000000 1000.000000 0.912626 148.889862 -4.252706 -1.736103 0.000000 0.000000 1.291264
3800 39 172.582565 0.000000 1000.000000 0.284831 176.573837 -2.689386 -1.586712 0.000000 0.000000 1.667604
3900 40 138.023102 0.000000 1000.000000 1.168810 139.816223 -2.961924 0.000000 0.000000 0.000000 1.307668
4000 41 162.732910 0.000000 1000.000000 0.722511 165.055756 -3.045355 0.000000 0.000000 0.000000 1.434332
4100 42 140.740906 0.000000 1000.000000 0.499208 141.525620 -1.283914 0.000000 0.000000 0.000000 1.969055
4200 43 145.771591 0.000000 1000.000000 1.304112 146.106140 -1.638654 0.000000 0.000000 0.000000 3.152638
4300 44 117.136940 0.000000 1000.000000 0.611942 117.336662 -0.811660 0.000000 0.000000 0.000000 4.133492
4400 45 178.572968 0.000000 1000.000000 2.460236 149.939529 -4.014376 30.187574 0.000000 0.000000 1.190231
4500 46 159.447906 0.000000 1000.000000 1.596537 159.712036 -1.860676 0.000000 0.000000 0.000000 1.223234
4600 47 145.618134 0.000000 1000.000000 0.404930 146.128067 -0.914874 0.000000 0.000000 0.000000 1.283728
4700 48 156.686295 0.000000 1000.000000 2.463499 154.222794 0.000000 0.000000 0.000000 0.000000 2.494996
4800 49 135.710480 0.000000 1000.000000 0.648438 141.868195 -2.681724 -4.124428 0.000000 0.000000 1.290321
4900 50 139.412811 0.000000 1000.000000 1.385370 139.779282 -1.751844 0.000000 0.000000 0.000000 1.652468
5000 51 141.153061 0.000000 1000.000000 2.024662 118.005699 -1.924985 23.047686 0.000000 0.000000 1.167923
5100 52 134.865921 0.000000 1000.000000 1.445812 134.861221 -1.441110 0.000000 0.000000 0.000000 1.821073
5200 53 126.038658 0.000000 1000.000000 2.504905 136.878677 -2.950241 -10.394679 0.000000 0.000000 1.696428
5300 54 137.421310 0.000000 1000.000000 1.383153 136.885590 -0.847432 0.000000 0.000000 0.000000 2.460536
5400 55 128.317627 0.000000 1000.000000 0.736305 129.954437 -2.373116 0.000000 0.000000 0.000000 1.531960
5500 56 137.652802 0.000000 1000.000000 0.977534 137.726074 -1.050819 0.000000 0.000000 0.000000 2.656840
5600 57 133.566406 0.000000 1000.000000 0.936754 133.577576 -0.947925 0.000000 0.000000 0.000000 2.309734
5700 58 113.805679 0.000000 1000.000000 0.398423 120.340088 -2.136891 -4.795936 0.000000 0.000000 1.657758
5800 59 119.317307 0.000000 1000.000000 1.202534 120.434914 -2.320141 0.000000 0.000000 0.000000 2.656285
5900 60 128.095078 0.000000 1000.000000 0.549880 127.545197 0.000000 0.000000 0.000000 0.000000 2.347423
6000 61 140.007187 0.000000 1000.000000 1.016371 140.805847 -1.815033 0.000000 0.000000 0.000000 2.559658
6100 62 132.366180 0.000000 1000.000000 0.592431 133.754135 -1.980386 0.000000 0.000000 0.000000 2.965659
6200 63 139.145905 0.000000 1000.000000 0.706294 138.439606 0.000000 0.000000 0.000000 0.000000 3.321052
6300 64 131.866257 0.000000 1000.000000 3.718739 129.358414 -1.210896 0.000000 0.000000 0.000000 1.687650
6400 65 126.058846 0.000000 1000.000000 1.397700 127.783279 -3.122138 0.000000 0.000000 0.000000 2.173521
6500 66 148.119232 0.000000 1000.000000 3.283878 147.352448 -2.517085 0.000000 0.000000 0.000000 2.202756
6600 67 133.908447 0.000000 1000.000000 0.593514 135.030197 -2.253320 0.538053 0.000000 0.000000 2.218589
6700 68 131.656921 0.000000 1000.000000 0.492816 133.923019 -2.758914 0.000000 0.000000 0.000000 2.714172
6800 69 141.982315 0.000000 1000.000000 2.583322 141.496521 -2.097540 0.000000 0.000000 0.000000 1.873542
6900 70 130.945007 0.000000 1000.000000 1.724046 131.966873 -2.745916 0.000000 0.000000 0.000000 1.672674
7000 71 116.976204 0.000000 1000.000000 1.438040 127.432068 -5.327930 -6.565972 0.000000 0.000000 1.123700
7100 72 135.018860 0.000000 1000.000000 1.382072 138.701462 -5.548560 0.483884 0.000000 0.000000 1.506769
7200 73 148.284576 0.000000 1000.000000 0.815728 128.356598 -2.339924 21.452166 0.000000 0.000000 2.298684
7300 74 120.480011 0.000000 1000.000000 0.201639 128.274643 -4.298932 -3.697345 0.000000 0.000000 1.549669
7400 75 127.092453 0.000000 1000.000000 1.428473 127.599716 -1.935728 0.000000 0.000000 0.000000 1.540295
7500 76 140.682190 0.000000 1000.000000 1.271843 141.213181 -1.802841 0.000000 0.000000 0.000000 2.916990
7600 77 146.090973 0.000000 1000.000000 1.479753 151.603592 -2.222139 -4.770241 0.000000 0.000000 1.583235
7700 78 134.794174 0.000000 1000.000000 2.198203 149.053497 -4.982952 -11.474566 0.000000 0.000000 1.377091
7800 79 151.518265 0.000000 1000.000000 0.292211 153.024979 -1.798923 0.000000 0.000000 0.000000 4.109644
7900 80 163.535278 0.000000 1000.000000 0.994585 135.314392 -3.382436 30.608738 0.000000 0.000000 1.080243
8000 81 129.156372 0.000000 1000.000000 0.668674 129.637604 -1.149895 0.000000 0.000000 0.000000 2.379816
8100 82 133.800186 0.000000 1000.000000 1.491799 135.208618 -2.900239 0.000000 0.000000 0.000000 0.980860
8200 83 120.605415 0.000000 1000.000000 0.357219 135.836868 -4.974518 -10.614157 0.000000 0.000000 2.740763
8300 84 133.731216 0.000000 1000.000000 1.167121 132.564102 0.000000 0.000000 0.000000 0.000000 1.893036
8400 85 132.836746 0.000000 1000.000000 1.169848 134.656891 -2.989996 0.000000 0.000000 0.000000 0.857092
8500 86 156.532944 0.000000 1000.000000 1.019316 161.964996 -3.856760 -2.594599 0.000000 0.000000 0.608250
8600 87 126.579964 0.000000 1000.000000 0.721267 131.911942 -2.781488 -3.271750 0.000000 0.000000 1.664973
8700 88 119.503799 0.000000 1000.000000 0.560922 120.253593 -1.310717 0.000000 0.000000 0.000000 1.645117
8800 89 122.068848 0.000000 1000.000000 0.526737 124.360664 -2.818551 0.000000 0.000000 0.000000 0.951532
8900 90 119.604111 0.000000 1000.000000 0.562210 121.997879 -2.955979 0.000000 0.000000 0.000000 2.031854
9000 91 142.990723 0.000000 1000.000000 1.941401 141.660553 -4.244846 3.633600 0.000000 0.000000 1.064450
9100 92 124.681099 0.000000 1000.000000 2.170223 123.497955 -0.987074 0.000000 0.000000 0.000000 4.191771
9200 93 137.191483 0.000000 1000.000000 0.984860 136.206619 0.000000 0.000000 0.000000 0.000000 1.737081
9300 94 143.642426 0.000000 1000.000000 1.557947 141.438156 -2.547342 3.193660 0.000000 0.000000 2.305936
9400 95 127.513824 0.000000 1000.000000 0.691343 127.958557 -1.136081 0.000000 0.000000 0.000000 1.433142
9500 96 132.070053 0.000000 1000.000000 0.333214 133.643723 -1.906882 0.000000 0.000000 0.000000 1.666421
9600 97 139.698761 0.000000 1000.000000 0.615325 140.308899 -1.225466 0.000000 0.000000 0.000000 2.876408
9700 98 127.354645 0.000000 1000.000000 0.636379 132.662048 -2.812659 -3.131136 0.000000 0.000000 1.401688
9800 99 116.154900 0.000000 1000.000000 1.569518 119.930046 -1.837625 -3.507042 0.000000 0.000000 1.542801
9900 100 125.057335 0.000000 1000.000000 1.125826 128.025879 -4.094365 0.000000 0.000000 0.000000 0.558212
10000 101 136.953415 0.000000 1000.000000 0.223818 138.417145 -1.687542 0.000000 0.000000 0.000000 1.577108
10100 102 136.335831 0.000000 1000.000000 0.379248 143.292221 -2.223142 -5.112493 0.000000 0.000000 2.837162
10200 103 107.522919 0.000000 1000.000000 0.360377 118.785027 -6.859770 -4.762709 0.000000 0.000000 1.880710
10300 104 118.998962 0.000000 1000.000000 0.704069 120.389473 -2.094580 0.000000 0.000000 0.000000 1.132294
10400 105 143.343994 0.000000 1000.000000 1.837056 143.980774 -2.473829 0.000000 0.000000 0.000000 0.788385
10500 106 155.607147 0.000000 1000.000000 0.813647 136.025864 -2.994133 21.761787 0.000000 0.000000 1.666738
10600 107 142.705566 0.000000 1000.000000 0.865143 143.555817 -1.715395 0.000000 0.000000 0.000000 1.815194
10700 108 117.430786 0.000000 1000.000000 0.514573 127.979279 -4.172746 -6.890317 0.000000 0.000000 0.597608
10800 109 142.105835 0.000000 1000.000000 1.237849 142.952347 -2.084363 0.000000 0.000000 0.000000 2.242613
10900 110 134.837753 0.000000 1000.000000 0.367572 136.438934 -1.968749 0.000000 0.000000 0.000000 2.112376
11000 111 132.950485 0.000000 1000.000000 0.552056 134.169006 -1.770586 0.000000 0.000000 0.000000 0.975686
11100 112 128.226593 0.000000 1000.000000 0.621504 133.922348 -3.407240 -2.910017 0.000000 0.000000 1.092988
11200 113 134.573792 0.000000 1000.000000 0.482423 134.956223 -0.864854 0.000000 0.000000 0.000000 1.994379
11300 114 144.439087 0.000000 1000.000000 1.426929 143.774567 -0.762401 0.000000 0.000000 0.000000 3.338634
11400 115 129.818481 0.000000 1000.000000 0.942317 131.456573 -2.580420 0.000000 0.000000 0.000000 2.016302
11500 116 132.345764 0.000000 1000.000000 0.845197 133.339630 -1.839063 0.000000 0.000000 0.000000 2.488428
11600 117 131.239197 0.000000 1000.000000 1.116692 131.184860 -1.062369 0.000000 0.000000 0.000000 3.969556
11700 118 141.179092 0.000000 1000.000000 0.320540 142.831314 -1.972769 0.000000 0.000000 0.000000 1.944586
11800 119 129.816727 0.000000 1000.000000 1.182117 125.990997 -5.434473 8.078088 0.000000 0.000000 1.262741
11900 120 139.085083 0.000000 1000.000000 0.880846 144.080185 -3.713817 -2.162118 0.000000 0.000000 2.010155
12000 121 151.346436 0.000000 1000.000000 0.250681 152.120819 -1.025074 0.000000 0.000000 0.000000 2.592811
12100 122 144.224258 0.000000 1000.000000 0.239696 146.446548 -2.461991 0.000000 0.000000 0.000000 1.975119
12200 123 140.643372 0.000000 1000.000000 1.740956 142.451233 -3.548810 0.000000 0.000000 0.000000 1.580435
12300 124 129.687744 0.000000 1000.000000 0.278081 132.526505 -2.551589 -0.565249 0.000000 0.000000 2.149680
12400 125 131.323090 0.000000 1000.000000 0.419518 132.684235 -1.780669 0.000000 0.000000 0.000000 3.026559
12500 126 136.326645 0.000000 1000.000000 0.607055 143.001801 -2.912488 -4.369719 0.000000 0.000000 2.122121
12600 127 149.371628 0.000000 1000.000000 2.668633 147.216690 -0.513683 0.000000 0.000000 0.000000 1.512535
12700 128 144.241165 0.000000 1000.000000 1.741215 145.834366 -3.334417 0.000000 0.000000 0.000000 1.911429
12800 129 146.322067 0.000000 1000.000000 0.581143 145.740921 0.000000 0.000000 0.000000 0.000000 1.852211
12900 130 133.800461 0.000000 1000.000000 0.318715 133.731003 -0.249254 0.000000 0.000000 0.000000 2.297834
13000 131 133.953568 0.000000 1000.000000 0.246608 134.182968 -0.476020 0.000000 0.000000 0.000000 1.899413
13100 132 151.620941 0.000000 1000.000000 1.458476 147.991058 -4.021605 6.193013 0.000000 0.000000 2.545460
13200 133 132.654099 0.000000 1000.000000 0.811151 139.055984 -3.453500 -3.759542 0.000000 0.000000 2.317303
13300 134 145.989166 0.000000 1000.000000 0.951837 145.962128 -0.924802 0.000000 0.000000 0.000000 2.125486
13400 135 120.603958 0.000000 1000.000000 0.376592 121.458481 -1.231119 0.000000 0.000000 0.000000 1.558037
13500 136 146.829483 0.000000 1000.000000 0.623416 147.770416 -1.564342 0.000000 0.000000 0.000000 2.120998
13600 137 130.805939 0.000000 1000.000000 2.590827 129.797821 -1.582699 0.000000 0.000000 0.000000 1.671755
13700 138 192.703339 0.000000 1000.000000 1.043342 143.646042 -4.979473 52.993431 0.000000 0.000000 1.619666
13800 139 126.111328 0.000000 1000.000000 0.403670 139.006271 -4.655937 -8.642666 0.000000 0.000000 1.753640
13900 140 123.620087 0.000000 1000.000000 0.419732 131.456345 -3.477714 -4.778290 0.000000 0.000000 3.378669
14000 141 129.181366 0.000000 1000.000000 0.194200 141.212158 -5.544868 -6.680123 0.000000 0.000000 2.986544
14100 142 127.691101 0.000000 1000.000000 0.542018 127.149086 0.000000 0.000000 0.000000 0.000000 2.298361
14200 143 131.758560 0.000000 1000.000000 1.451502 130.916946 -0.609894 0.000000 0.000000 0.000000 2.667385
14300 144 133.472260 0.000000 1000.000000 0.994397 145.276428 -3.794230 -9.004335 0.000000 0.000000 1.570065
14400 145 176.665756 0.000000 1000.000000 0.838191 177.497437 -1.669874 0.000000 0.000000 0.000000 4.039969
14500 146 168.273056 0.000000 1000.000000 1.007647 151.671387 -2.751731 18.345747 0.000000 0.000000 4.116797
14600 147 151.973877 0.000000 1000.000000 0.996001 143.596436 -1.476781 8.858212 0.000000 0.000000 3.824837
14700 148 141.013123 0.000000 1000.000000 0.476805 142.200089 -1.663775 0.000000 0.000000 0.000000 3.316870
14800 149 150.728729 0.000000 1000.000000 1.611245 149.117477 0.000000 0.000000 0.000000 0.000000 3.204696
14900 150 136.575195 0.000000 1000.000000 0.328262 139.980408 -2.442817 -1.290659 0.000000 0.000000 2.661007
15000 151 128.252686 0.000000 1000.000000 0.397900 133.551132 -2.872071 -2.824283 0.000000 0.000000 2.712593
15100 152 145.688477 0.000000 1000.000000 0.236734 145.451736 0.000000 0.000000 0.000000 0.000000 2.271573
15200 153 139.871414 0.000000 1000.000000 0.206205 140.771957 -1.106744 0.000000 0.000000 0.000000 2.826010
15300 154 132.091431 0.000000 1000.000000 0.331080 133.469650 -1.709298 0.000000 0.000000 0.000000 3.089007
15400 155 142.757370 0.000000 1000.000000 0.582746 143.207611 -1.032991 0.000000 0.000000 0.000000 2.312657
15500 156 155.381012 0.000000 1000.000000 2.187810 153.886856 -0.693655 0.000000 0.000000 0.000000 4.143119
15600 157 139.563095 0.000000 1000.000000 0.880461 140.580338 -2.496452 0.598736 0.000000 0.000000 1.097339
15700 158 136.048904 0.000000 1000.000000 1.239850 135.786880 -0.977825 0.000000 0.000000 0.000000 1.097176
15800 159 142.146240 0.000000 1000.000000 0.488177 138.998749 -5.216606 7.875909 0.000000 0.000000 2.532151
15900 160 133.059433 0.000000 1000.000000 0.186071 134.712173 -1.838809 0.000000 0.000000 0.000000 0.702657
16000 161 147.963638 0.000000 1000.000000 0.696648 154.136734 -5.841886 -1.027850 0.000000 0.000000 1.011614
16100 162 117.274666 0.000000 1000.000000 0.161873 120.199509 -3.086712 0.000000 0.000000 0.000000 1.648457
16200 163 239.968918 0.000000 1000.000000 1.529013 141.375931 -2.977316 100.041290 0.000000 0.000000 1.751719
16300 164 149.618698 0.000000 1000.000000 1.245847 149.091751 -0.718905 0.000000 0.000000 0.000000 2.223297
16400 165 138.271408 0.000000 1000.000000 0.548748 139.352325 -1.629666 0.000000 0.000000 0.000000 1.978959
16500 166 212.981720 0.000000 1000.000000 0.985514 146.263046 -6.496636 72.229797 0.000000 0.000000 1.558456
16600 167 135.603790 0.000000 1000.000000 0.938357 136.877045 -2.211610 0.000000 0.000000 0.000000 3.008201
16700 168 152.718399 0.000000 1000.000000 0.477651 154.274139 -2.033380 0.000000 0.000000 0.000000 2.575758
16800 169 138.589874 0.000000 1000.000000 2.890316 138.157288 -2.457739 0.000000 0.000000 0.000000 2.686412
16900 170 139.556168 0.000000 1000.000000 0.863086 144.079514 -4.266827 -1.119604 0.000000 0.000000 1.452976
17000 171 134.013718 0.000000 1000.000000 0.749238 134.121826 -0.857341 0.000000 0.000000 0.000000 2.252719
17100 172 136.175491 0.000000 1000.000000 0.145160 136.253601 -0.223273 0.000000 0.000000 0.000000 3.235904
17200 173 140.747070 0.000000 1000.000000 0.681167 142.454865 -2.388963 0.000000 0.000000 0.000000 2.630722
17300 174 148.994553 0.000000 1000.000000 1.477684 147.516861 0.000000 0.000000 0.000000 0.000000 4.569626
17400 175 122.535851 0.000000 1000.000000 1.574681 122.155922 -1.194753 0.000000 0.000000 0.000000 1.580988
17500 176 137.152649 0.000000 1000.000000 1.385885 139.273117 -3.506341 0.000000 0.000000 0.000000 3.713648
17600 177 160.871719 0.000000 1000.000000 1.403600 154.307846 -2.583426 7.743694 0.000000 0.000000 1.476020
17700 178 133.047195 0.000000 1000.000000 0.428136 132.855484 -0.236427 0.000000 0.000000 0.000000 2.374719
17800 179 160.626328 0.000000 1000.000000 2.728726 160.517639 -2.620044 0.000000 0.000000 0.000000 1.862514
17900 180 121.173637 0.000000 1000.000000 0.470544 122.424492 -1.721395 0.000000 0.000000 0.000000 2.758321
18000 181 195.410492 0.000000 1000.000000 1.327881 137.443588 -3.756233 60.395252 0.000000 0.000000 1.807816
18100 182 153.200989 0.000000 1000.000000 0.986965 154.854355 -2.640338 0.000000 0.000000 0.000000 2.326607
18200 183 146.273636 0.000000 1000.000000 1.381299 135.041229 -3.402243 13.253336 0.000000 0.000000 2.110454
18300 184 199.249466 0.000000 1000.000000 2.074601 141.530563 -1.827874 57.472183 0.000000 0.000000 2.430734
18400 185 112.911102 0.000000 1000.000000 0.881557 119.565201 -2.979760 -4.555895 0.000000 0.000000 2.942354
18500 186 152.294830 0.000000 1000.000000 0.241068 153.788681 -1.734921 0.000000 0.000000 0.000000 2.761420
18600 187 133.708298 0.000000 1000.000000 0.852561 135.846100 -2.990350 0.000000 0.000000 0.000000 1.761322
18700 188 126.413651 0.000000 1000.000000 0.552408 140.634018 -5.360456 -9.412321 0.000000 0.000000 2.811853
18800 189 124.986206 0.000000 1000.000000 1.070909 131.384033 -2.815615 -4.653121 0.000000 0.000000 3.318605
18900 190 146.896408 0.000000 1000.000000 0.680149 147.802170 -1.585900 0.000000 0.000000 0.000000 2.006795
19000 191 129.011261 0.000000 1000.000000 1.660684 128.118347 -1.455844 0.688069 0.000000 0.000000 1.250408
19100 192 152.629456 0.000000 1000.000000 0.567348 158.948532 -4.072125 -2.814299 0.000000 0.000000 1.967130
19200 193 149.155472 0.000000 1000.000000 0.459195 150.659576 -1.963306 0.000000 0.000000 0.000000 3.521262
19300 194 155.725845 0.000000 1000.000000 1.047436 155.503204 -0.824793 0.000000 0.000000 0.000000 2.947350
19400 195 151.301392 0.000000 1000.000000 0.707768 147.108597 -2.294444 5.779474 0.000000 0.000000 1.743072
19500 196 140.688751 0.000000 1000.000000 1.229940 140.732819 -1.274009 0.000000 0.000000 0.000000 2.079008
19600 197 136.615646 0.000000 1000.000000 0.643586 138.641602 -2.669544 0.000000 0.000000 0.000000 1.276371
19700 198 142.435989 0.000000 1000.000000 0.803623 142.836731 -1.204355 0.000000 0.000000 0.000000 3.300390
19800 199 198.762039 0.000000 1000.000000 0.873823 159.935486 -4.441597 42.394329 0.000000 0.000000 1.740438
19900 200 121.539345 0.000000 1000.000000 0.375541 134.071808 -4.961129 -7.946859 0.000000 0.000000 3.173244
20000 201 112.570496 0.000000 1000.000000 1.116058 114.458870 -3.004434 0.000000 0.000000 0.000000 2.797839
20100 202 134.065231 0.000000 1000.000000 0.488593 136.794632 -3.217986 0.000000 0.000000 0.000000 2.928097
20200 203 139.534943 0.000000 1000.000000 0.569862 134.619705 -4.172304 8.517689 0.000000 0.000000 2.174099
20300 204 131.165192 0.000000 1000.000000 0.692211 136.057495 -3.031273 -2.553240 0.000000 0.000000 2.071391
20400 205 144.027115 0.000000 1000.000000 0.223569 150.286728 -4.934167 -1.549012 0.000000 0.000000 1.945718
20500 206 141.458893 0.000000 1000.000000 0.242684 150.513000 -4.365992 -4.930796 0.000000 0.000000 0.869332
20600 207 122.408966 0.000000 1000.000000 0.822404 123.253777 -1.667217 0.000000 0.000000 0.000000 2.108025
20700 208 114.252716 0.000000 1000.000000 0.377543 126.020950 -4.546026 -7.599748 0.000000 0.000000 0.646328
20800 209 127.086563 0.000000 1000.000000 0.227756 138.564041 -5.226561 -6.478666 0.000000 0.000000 0.959088
20900 210 129.633469 0.000000 1000.000000 0.515235 130.761887 -1.643648 0.000000 0.000000 0.000000 2.455981
21000 211 146.181305 0.000000 1000.000000 0.566136 145.820557 -0.205379 0.000000 0.000000 0.000000 4.911932
21100 212 134.846207 0.000000 1000.000000 0.364939 138.344391 -3.406975 -0.456142 0.000000 0.000000 1.187771
21200 213 124.380440 0.000000 1000.000000 1.089330 124.005058 -0.713949 0.000000 0.000000 0.000000 1.936273
21300 214 134.097397 0.000000 1000.000000 0.805204 140.388000 -3.977693 -3.118117 0.000000 0.000000 1.591930
21400 215 130.130508 0.000000 1000.000000 0.807640 135.935135 -2.790082 -3.822179 0.000000 0.000000 1.431609
21500 216 128.423019 0.000000 1000.000000 0.469677 129.096100 -1.142758 0.000000 0.000000 0.000000 2.409063
21600 217 142.520889 0.000000 1000.000000 0.583583 143.379456 -1.442147 0.000000 0.000000 0.000000 1.726007
21700 218 151.969360 0.000000 1000.000000 0.389618 164.406738 -5.525557 -7.301437 0.000000 0.000000 2.546743
21800 219 149.496353 0.000000 1000.000000 1.479967 139.328400 -3.202926 11.890917 0.000000 0.000000 1.412250
21900 220 144.261215 0.000000 1000.000000 0.932732 147.225998 -3.897519 0.000000 0.000000 0.000000 1.815130
22000 221 128.610657 0.000000 1000.000000 0.318457 136.837875 -3.225859 -5.319816 0.000000 0.000000 1.945571
22100 222 132.228073 0.000000 1000.000000 0.642713 134.539093 -2.953741 0.000000 0.000000 0.000000 1.687989
22200 223 136.958679 0.000000 1000.000000 0.651440 137.205185 -0.897950 0.000000 0.000000 0.000000 2.875658
22300 224 126.531921 0.000000 1000.000000 0.242418 129.221603 -2.932100 0.000000 0.000000 0.000000 1.443031
22400 225 130.191483 0.000000 1000.000000 1.660316 130.267319 -1.736139 0.000000 0.000000 0.000000 2.260278
22500 226 133.041321 0.000000 1000.000000 2.143641 138.642807 -4.057377 -3.687761 0.000000 0.000000 3.353571
22600 227 122.320480 0.000000 1000.000000 0.761183 123.676239 -2.116942 0.000000 0.000000 0.000000 2.134103
22700 228 129.185394 0.000000 1000.000000 1.952435 127.232956 0.000000 0.000000 0.000000 0.000000 1.478860
22800 229 119.205925 0.000000 1000.000000 0.948536 127.341690 -7.683581 -1.400715 0.000000 0.000000 1.741923
22900 230 142.222137 0.000000 1000.000000 1.725413 140.496719 0.000000 0.000000 0.000000 0.000000 1.429354
23000 231 154.083145 0.000000 1000.000000 0.499866 156.126755 -2.543465 0.000000 0.000000 0.000000 1.585989
23100 232 143.920074 0.000000 1000.000000 0.803199 146.183395 -3.066517 0.000000 0.000000 0.000000 1.660322
23200 233 140.396790 0.000000 1000.000000 0.627093 146.241425 -2.264243 -4.207484 0.000000 0.000000 1.821981
23300 234 167.223724 0.000000 1000.000000 0.359477 169.249603 -2.385367 0.000000 0.000000 0.000000 2.208521
23400 235 160.096252 0.000000 1000.000000 1.185225 160.353149 -1.442124 0.000000 0.000000 0.000000 2.467205
23500 236 144.152344 0.000000 1000.000000 2.695384 143.973801 -2.516850 0.000000 0.000000 0.000000 2.798825
23600 237 132.968475 0.000000 1000.000000 0.764590 134.913254 -2.709367 0.000000 0.000000 0.000000 1.958830
23700 238 164.556549 0.000000 1000.000000 0.990493 134.562576 -4.051059 33.054539 0.000000 0.000000 1.794462
23800 239 146.271866 0.000000 1000.000000 0.589116 152.975525 -5.515643 -1.777124 0.000000 0.000000 1.594850
23900 240 141.864502 0.000000 1000.000000 1.851518 143.839493 -3.780156 -0.046355 0.000000 0.000000 2.595159
24000 241 147.400589 0.000000 1000.000000 0.836722 156.135849 -4.330962 -5.241010 0.000000 0.000000 3.299770
24100 242 154.832367 0.000000 1000.000000 0.786662 157.702667 -3.656969 0.000000 0.000000 0.000000 1.892641
24200 243 121.685623 0.000000 1000.000000 0.144352 136.151443 -5.044375 -9.565798 0.000000 0.000000 2.706327
24300 244 144.359406 0.000000 1000.000000 1.107103 147.136597 -1.699304 -2.184989 0.000000 0.000000 2.733784
24400 245 133.722610 0.000000 1000.000000 0.718184 134.189026 -1.184595 0.000000 0.000000 0.000000 2.305472
24500 246 152.430862 0.000000 1000.000000 1.180590 155.210556 -3.294082 -0.666195 0.000000 0.000000 3.670774
24600 247 129.586166 0.000000 1000.000000 0.378206 134.264923 -3.667881 -1.389078 0.000000 0.000000 3.999158
24700 248 144.109039 0.000000 1000.000000 1.655502 137.834702 -3.532316 8.151157 0.000000 0.000000 1.559114
24800 249 154.823685 0.000000 1000.000000 0.756813 155.536423 -1.469542 0.000000 0.000000 0.000000 1.218709
24900 250 137.609787 0.000000 1000.000000 0.508876 140.584320 -3.483412 0.000000 0.000000 0.000000 2.479493
25000 251 137.897385 0.000000 1000.000000 0.631500 148.980774 -4.004718 -7.710178 0.000000 0.000000 0.891387
25100 252 149.027451 0.000000 1000.000000 0.403256 150.501404 -1.877218 0.000000 0.000000 0.000000 2.369943
25200 253 130.615112 0.000000 1000.000000 1.131472 138.385712 -4.806802 -4.095255 0.000000 0.000000 1.736742
25300 254 144.194580 0.000000 1000.000000 0.343312 147.095337 -3.244061 0.000000 0.000000 0.000000 1.999128
25400 255 134.781662 0.000000 1000.000000 0.499865 139.958389 -2.811101 -2.865492 0.000000 0.000000 1.039106
25500 256 118.888474 0.000000 1000.000000 1.710133 119.554756 -2.376419 0.000000 0.000000 0.000000 2.697434
25600 257 128.300583 0.000000 1000.000000 0.615708 133.388062 -3.679452 -2.023729 0.000000 0.000000 3.123042
25700 258 135.304794 0.000000 1000.000000 0.365054 144.299347 -3.425266 -5.934344 0.000000 0.000000 1.191074
25800 259 136.822998 0.000000 1000.000000 0.385888 143.048874 -4.612967 -1.998810 0.000000 0.000000 1.615259
25900 260 137.517227 0.000000 1000.000000 0.667176 140.869080 -1.962919 -2.056104 0.000000 0.000000 1.438670
26000 261 135.108612 0.000000 1000.000000 0.768477 149.265747 -4.823645 -10.101980 0.000000 0.000000 2.161878
26100 262 136.063309 0.000000 1000.000000 0.989590 135.119064 -0.045352 0.000000 0.000000 0.000000 3.118959
26200 263 214.634750 0.000000 1000.000000 1.627891 134.432465 -3.820909 82.395309 0.000000 0.000000 1.221335
26300 264 136.369507 0.000000 1000.000000 1.356881 140.009567 -2.307198 -2.689762 0.000000 0.000000 1.406931
26400 265 132.874908 0.000000 1000.000000 1.245826 131.629089 0.000000 0.000000 0.000000 0.000000 1.300994
26500 266 139.606491 0.000000 1000.000000 0.441741 140.742935 -1.578180 0.000000 0.000000 0.000000 3.129848
26600 267 140.970047 0.000000 1000.000000 0.429150 136.299545 -6.236764 10.478112 0.000000 0.000000 1.138795
26700 268 119.842766 0.000000 1000.000000 0.931779 132.884918 -6.211379 -7.762549 0.000000 0.000000 1.739809
26800 269 139.772430 0.000000 1000.000000 0.649798 139.122635 0.000000 0.000000 0.000000 0.000000 2.766816
26900 270 124.759560 0.000000 1000.000000 1.664949 134.864059 -4.843613 -6.925837 0.000000 0.000000 1.934138
27000 271 132.882034 0.000000 1000.000000 0.589496 134.241196 -1.948654 0.000000 0.000000 0.000000 2.599625
27100 272 146.972305 0.000000 1000.000000 0.968119 147.615570 -1.611391 0.000000 0.000000 0.000000 2.483688
27200 273 137.843689 0.000000 1000.000000 0.619760 138.380569 -1.156640 0.000000 0.000000 0.000000 2.141472
27300 274 147.303955 0.000000 1000.000000 1.360029 146.649734 -0.705812 0.000000 0.000000 0.000000 3.096972
27400 275 127.838264 0.000000 1000.000000 0.525625 128.712265 -1.399621 0.000000 0.000000 0.000000 2.990367
27500 276 130.263474 0.000000 1000.000000 0.593360 138.394058 -3.629958 -5.093981 0.000000 0.000000 1.404299
27600 277 144.851166 0.000000 1000.000000 1.634962 143.216202 0.000000 0.000000 0.000000 0.000000 1.664429
27700 278 133.900970 0.000000 1000.000000 0.505931 136.230331 -2.835296 0.000000 0.000000 0.000000 1.970088
27800 279 157.847916 0.000000 1000.000000 0.455016 164.921951 -2.729301 -4.799762 0.000000 0.000000 2.196739
27900 280 164.806000 0.000000 1000.000000 0.997523 164.979065 -1.170594 0.000000 0.000000 0.000000 3.925050
28000 281 145.715103 0.000000 1000.000000 1.192590 147.717773 -4.653938 1.458666 0.000000 0.000000 3.514224
28100 282 129.048370 0.000000 1000.000000 0.355928 130.136078 -1.443632 0.000000 0.000000 0.000000 1.282395
28200 283 161.263092 0.000000 1000.000000 0.603913 162.136749 -1.477575 0.000000 0.000000 0.000000 1.252157
28300 284 133.131439 0.000000 1000.000000 1.416354 138.494354 -3.617397 -3.161869 0.000000 0.000000 1.600248
28400 285 220.701599 0.000000 1000.000000 1.303927 164.110397 -2.567607 57.854885 0.000000 0.000000 1.689118
28500 286 156.773392 0.000000 1000.000000 0.588284 137.559128 -3.612660 22.238628 0.000000 0.000000 1.603203
28600 287 148.597046 0.000000 1000.000000 0.823532 135.713409 -1.838637 13.898746 0.000000 0.000000 1.682503
28700 288 141.525940 0.000000 1000.000000 1.511951 141.900528 -1.886529 0.000000 0.000000 0.000000 1.179234
28800 289 138.889862 0.000000 1000.000000 1.996576 137.955215 -1.061934 0.000000 0.000000 0.000000 1.563476
28900 290 155.789291 0.000000 1000.000000 2.046809 155.576752 -1.834277 0.000000 0.000000 0.000000 1.076670
29000 291 191.352142 0.000000 1000.000000 0.968469 124.981804 -5.335221 70.737099 0.000000 0.000000 1.286405
29100 292 126.287033 0.000000 1000.000000 0.531047 127.502884 -1.746905 0.000000 0.000000 0.000000 1.688626
29200 293 122.866798 0.000000 1000.000000 0.371814 126.956490 -1.670789 -2.790714 0.000000 0.000000 2.287463
29300 294 135.075653 0.000000 1000.000000 1.414464 135.326599 -1.665402 0.000000 0.000000 0.000000 1.755818
29400 295 133.884323 0.000000 1000.000000 0.539012 135.920029 -2.574715 0.000000 0.000000 0.000000 1.814645
29500 296 114.358177 0.000000 1000.000000 1.009863 115.862915 -2.514600 0.000000 0.000000 0.000000 1.884410
29600 297 145.565598 0.000000 1000.000000 2.723039 147.176666 -2.436594 -1.897508 0.000000 0.000000 3.224468
29700 298 133.522064 0.000000 1000.000000 1.252394 134.024628 -1.754963 0.000000 0.000000 0.000000 2.604049
29800 299 134.706970 0.000000 1000.000000 0.364798 135.040802 -0.698626 0.000000 0.000000 0.000000 1.087409
29900 300 124.534828 0.000000 1000.000000 0.345267 133.366257 -5.486539 -3.690148 0.000000 0.000000 2.206220
30000 301 121.283340 0.000000 1000.000000 0.330687 122.592361 -1.639711 0.000000 0.000000 0.000000 0.908059
30100 302 127.302605 0.000000 1000.000000 0.936716 131.279266 -2.890791 -2.022587 0.000000 0.000000 1.884377
30200 303 131.261200 0.000000 1000.000000 0.420012 139.175125 -5.530394 -2.803546 0.000000 0.000000 0.816261
30300 304 147.335175 0.000000 1000.000000 0.693667 146.641510 0.000000 0.000000 0.000000 0.000000 1.647069
30400 305 144.166367 0.000000 1000.000000 0.269176 144.751663 -2.402795 1.548318 0.000000 0.000000 3.621258
30500 306 116.545822 0.000000 1000.000000 0.576824 126.670868 -5.448673 -5.253193 0.000000 0.000000 1.413614
30600 307 120.278824 0.000000 1000.000000 1.110511 128.325989 -4.606712 -4.550956 0.000000 0.000000 1.036117
30700 308 134.508575 0.000000 1000.000000 0.451139 137.846802 -3.789366 0.000000 0.000000 0.000000 1.038468
30800 309 145.532669 0.000000 1000.000000 0.296889 145.235779 0.000000 0.000000 0.000000 0.000000 1.439007
30900 310 145.686798 0.000000 1000.000000 0.380845 148.059677 -2.753728 0.000000 0.000000 0.000000 2.064760
31000 311 131.131058 0.000000 1000.000000 0.692102 132.421631 -1.982687 0.000000 0.000000 0.000000 1.908497
31100 312 163.247925 0.000000 1000.000000 0.342905 163.624008 -0.718989 0.000000 0.000000 0.000000 3.359312
31200 313 137.165710 0.000000 1000.000000 1.356183 147.955612 -5.126523 -7.019564 0.000000 0.000000 1.025785
31300 314 124.659836 0.000000 1000.000000 0.551127 126.836678 -2.727970 0.000000 0.000000 0.000000 1.727635
31400 315 132.697769 0.000000 1000.000000 0.259645 135.136749 -2.698625 0.000000 0.000000 0.000000 1.518521
31500 316 127.695480 0.000000 1000.000000 0.986320 127.636108 -0.926937 0.000000 0.000000 0.000000 1.262689
31600 317 142.319977 0.000000 1000.000000 0.542203 142.729507 -0.951738 0.000000 0.000000 0.000000 1.551173
31700 318 130.586456 0.000000 1000.000000 0.971976 135.375259 -3.338648 -2.422119 0.000000 0.000000 1.617265
31800 319 108.536240 0.000000 1000.000000 0.420403 117.284378 -4.689201 -4.479338 0.000000 0.000000 2.301525
31900 320 129.519226 0.000000 1000.000000 0.272810 130.646713 -1.400300 0.000000 0.000000 0.000000 1.528487
32000 321 135.718597 0.000000 1000.000000 1.234967 137.934570 -3.450949 0.000000 0.000000 0.000000 1.980266
32100 322 123.592644 0.000000 1000.000000 0.362453 129.248825 -3.436525 -2.582114 0.000000 0.000000 0.889819
32200 323 140.341125 0.000000 1000.000000 0.620297 140.729980 -1.009158 0.000000 0.000000 0.000000 2.953064
32300 324 140.882980 0.000000 1000.000000 2.315279 139.709641 -1.141942 0.000000 0.000000 0.000000 2.176758
32400 325 129.348770 0.000000 1000.000000 0.865069 131.695435 -3.211735 0.000000 0.000000 0.000000 3.061388
32500 326 122.905090 0.000000 1000.000000 0.743546 124.890633 -2.729084 0.000000 0.000000 0.000000 2.360985
32600 327 141.681335 0.000000 1000.000000 1.292405 142.991623 -2.602691 0.000000 0.000000 0.000000 1.960844
32700 328 151.815216 0.000000 1000.000000 0.639813 157.078720 -3.351507 -2.551822 0.000000 0.000000 4.064555
32800 329 138.190948 0.000000 1000.000000 0.855412 149.249176 -4.422777 -7.490858 0.000000 0.000000 1.243449
32900 330 121.806557 0.000000 1000.000000 0.378711 135.986023 -5.475836 -9.082342 0.000000 0.000000 0.903259
33000 331 123.204178 0.000000 1000.000000 0.180877 124.971710 -1.948412 0.000000 0.000000 0.000000 1.681529
33100 332 126.735397 0.000000 1000.000000 0.296738 127.943886 -6.144818 4.639588 0.000000 0.000000 0.634907
33200 333 142.075882 0.000000 1000.000000 1.302296 141.332031 -0.558435 0.000000 0.000000 0.000000 1.558770
33300 334 132.338257 0.000000 1000.000000 0.714535 139.254135 -4.258873 -3.371550 0.000000 0.000000 1.299724
33400 335 136.368210 0.000000 1000.000000 1.103117 139.836151 -2.785220 -1.785838 0.000000 0.000000 1.556673
33500 336 134.155396 0.000000 1000.000000 0.412139 144.141602 -4.384423 -6.013918 0.000000 0.000000 1.478983
33600 337 150.851212 0.000000 1000.000000 1.547396 140.677597 -4.509602 13.135812 0.000000 0.000000 0.667144
33700 338 117.745331 0.000000 1000.000000 0.662828 121.287560 -2.623074 -1.581979 0.000000 0.000000 1.052357
33800 339 130.667938 0.000000 1000.000000 1.453386 131.052094 -5.156995 3.319459 0.000000 0.000000 1.160836
33900 340 146.752701 0.000000 1000.000000 1.841292 153.914017 -3.076019 -5.926584 0.000000 0.000000 3.482918
34000 341 150.641602 0.000000 1000.000000 1.613441 134.272552 -2.502128 17.257744 0.000000 0.000000 2.444136
34100 342 135.387863 0.000000 1000.000000 0.974178 146.498550 -4.427748 -7.657119 0.000000 0.000000 1.122454
34200 343 146.058197 0.000000 1000.000000 1.159389 135.541870 -6.441848 15.798780 0.000000 0.000000 1.010316
34300 344 129.137070 0.000000 1000.000000 0.630514 142.948563 -6.456275 -7.985726 0.000000 0.000000 1.351858
34400 345 132.964981 0.000000 1000.000000 0.656552 132.308426 0.000000 0.000000 0.000000 0.000000 2.724877
34500 346 137.277725 0.000000 1000.000000 0.748506 143.169754 -3.938164 -2.702356 0.000000 0.000000 1.612658
34600 347 125.987434 0.000000 1000.000000 0.872762 127.797508 -2.682839 0.000000 0.000000 0.000000 3.276086
34700 348 114.769943 0.000000 1000.000000 0.511462 125.086311 -3.893080 -6.934750 0.000000 0.000000 1.007040
34800 349 142.105698 0.000000 1000.000000 0.377805 142.871521 -1.143638 0.000000 0.000000 0.000000 2.121184
34900 350 174.989319 0.000000 1000.000000 0.566399 141.844681 -4.586815 37.165039 0.000000 0.000000 2.403157
35000 351 149.826004 0.000000 1000.000000 0.734656 149.091354 0.000000 0.000000 0.000000 0.000000 1.723585
35100 352 140.702667 0.000000 1000.000000 0.753140 142.584305 -2.634787 0.000000 0.000000 0.000000 1.672899
35200 353 128.477142 0.000000 1000.000000 0.195707 129.965607 -1.684177 0.000000 0.000000 0.000000 2.195469
35300 354 139.221344 0.000000 1000.000000 0.708059 138.899200 -0.385914 0.000000 0.000000 0.000000 6.470805
35400 355 138.141052 0.000000 1000.000000 0.937760 139.284805 -2.081511 0.000000 0.000000 0.000000 2.036677
35500 356 169.076447 0.000000 1000.000000 1.156282 140.954926 -4.614398 31.579634 0.000000 0.000000 1.547943
35600 357 159.687134 0.000000 1000.000000 0.890260 164.697754 -2.720299 -3.180565 0.000000 0.000000 2.997852
35700 358 142.151657 0.000000 1000.000000 0.527040 142.715881 -1.091260 0.000000 0.000000 0.000000 4.133306
35800 359 130.766418 0.000000 1000.000000 0.849994 129.916428 0.000000 0.000000 0.000000 0.000000 2.168342
35900 360 135.100418 0.000000 1000.000000 0.842026 142.818222 -4.397505 -4.162323 0.000000 0.000000 1.477632
36000 361 155.384583 0.000000 1000.000000 0.688893 155.610825 -0.915134 0.000000 0.000000 0.000000 4.599730
36100 362 151.160919 0.000000 1000.000000 0.447011 152.535980 -1.822071 0.000000 0.000000 0.000000 1.701940
36200 363 158.537369 0.000000 1000.000000 2.317204 155.337982 -5.363371 6.245556 0.000000 0.000000 2.051384
36300 364 137.233475 0.000000 1000.000000 1.287305 136.138016 -4.639276 4.447428 0.000000 0.000000 1.781201
36400 365 157.650864 0.000000 1000.000000 0.454906 148.289627 -2.120882 11.027207 0.000000 0.000000 2.852093
36500 366 134.466675 0.000000 1000.000000 1.023144 132.724091 -5.771978 6.491422 0.000000 0.000000 0.986765
36600 367 163.798813 0.000000 1000.000000 0.325866 169.009384 -3.475069 -2.061373 0.000000 0.000000 1.542711
36700 368 132.151352 0.000000 1000.000000 1.260179 137.078125 -3.261319 -2.925636 0.000000 0.000000 2.235135
36800 369 146.169830 0.000000 1000.000000 0.803084 147.388748 -2.022006 0.000000 0.000000 0.000000 1.679584
36900 370 146.571671 0.000000 1000.000000 0.527153 146.044525 0.000000 0.000000 0.000000 0.000000 2.069655
37000 371 140.233582 0.000000 1000.000000 0.449140 141.205872 -1.421438 0.000000 0.000000 0.000000 2.024757
37100 372 137.999863 0.000000 1000.000000 0.411375 143.335342 -2.391357 -3.355498 0.000000 0.000000 2.730563
37200 373 132.259277 0.000000 1000.000000 0.406766 132.817810 -0.965303 0.000000 0.000000 0.000000 2.509171
37300 374 130.809616 0.000000 1000.000000 0.756825 130.751434 -0.698641 0.000000 0.000000 0.000000 1.152111
37400 375 146.437393 0.000000 1000.000000 0.742077 146.655899 -0.960580 0.000000 0.000000 0.000000 2.207086
37500 376 140.292313 0.000000 1000.000000 0.518240 141.281189 -1.507110 0.000000 0.000000 0.000000 1.522748
37600 377 150.346451 0.000000 1000.000000 0.357516 152.476181 -2.487240 0.000000 0.000000 0.000000 1.841557
37700 378 126.308578 0.000000 1000.000000 0.549755 129.256042 -3.497220 0.000000 0.000000 0.000000 1.170608
37800 379 151.517639 0.000000 1000.000000 0.285473 154.100540 -2.868374 0.000000 0.000000 0.000000 1.321258
37900 380 144.508392 0.000000 1000.000000 1.200994 147.505127 -3.224913 -0.972802 0.000000 0.000000 1.219502
38000 381 130.950745 0.000000 1000.000000 0.532393 136.539886 -4.552355 -1.569187 0.000000 0.000000 1.271724
38100 382 125.849144 0.000000 1000.000000 0.899437 125.827705 -0.878001 0.000000 0.000000 0.000000 2.327576
38200 383 152.878067 0.000000 1000.000000 0.474249 158.201675 -1.560410 -4.237437 0.000000 0.000000 2.053788
38300 384 135.922180 0.000000 1000.000000 0.152891 141.868225 -4.432810 -1.666117 0.000000 0.000000 1.882504
38400 385 124.207161 0.000000 1000.000000 0.238537 130.326050 -6.420545 0.063115 0.000000 0.000000 1.052011
38500 386 171.151443 0.000000 1000.000000 0.568714 171.078720 -0.495989 0.000000 0.000000 0.000000 3.765508
38600 387 160.282486 0.000000 1000.000000 1.487747 159.987900 -1.193154 0.000000 0.000000 0.000000 1.911672
38700 388 150.194901 0.000000 1000.000000 0.382647 152.837418 -3.025167 0.000000 0.000000 0.000000 2.230092
38800 389 137.307587 0.000000 1000.000000 1.272943 138.533127 -1.321590 -1.176890 0.000000 0.000000 2.124118
38900 390 137.503418 0.000000 1000.000000 0.151712 142.200165 -4.848465 0.000000 0.000000 0.000000 0.916692
39000 391 140.903366 0.000000 1000.000000 0.421208 143.051666 -2.569506 0.000000 0.000000 0.000000 1.603047
39100 392 134.741760 0.000000 1000.000000 0.552681 137.549759 -3.360675 0.000000 0.000000 0.000000 1.922881
39200 393 157.296188 0.000000 1000.000000 0.764724 159.617508 -3.766803 0.680759 0.000000 0.000000 1.415845
39300 394 136.127670 0.000000 1000.000000 0.374280 137.406952 -1.653563 0.000000 0.000000 0.000000 1.882164
39400 395 136.276062 0.000000 1000.000000 0.769384 139.768539 -3.570095 -0.691764 0.000000 0.000000 2.436399
39500 396 156.955582 0.000000 1000.000000 0.944288 161.975540 -5.217905 -0.746342 0.000000 0.000000 2.838791
39600 397 145.723907 0.000000 1000.000000 0.735956 146.694000 -1.706053 0.000000 0.000000 0.000000 4.925422
39700 398 150.823349 0.000000 1000.000000 0.639521 156.175812 -4.721699 -1.270290 0.000000 0.000000 1.038106
39800 399 159.856659 0.000000 1000.000000 0.481779 140.198303 -5.155549 24.332119 0.000000 0.000000 1.105251
39900 400 137.760651 0.000000 1000.000000 0.214841 143.930435 -2.417613 -3.967013 0.000000 0.000000 1.212011
40000 401 133.828415 0.000000 1000.000000 0.591938 135.098511 -1.862037 0.000000 0.000000 0.000000 2.447122
40100 402 146.686096 0.000000 1000.000000 1.499944 145.186157 0.000000 0.000000 0.000000 0.000000 1.764997
40200 403 148.053131 0.000000 1000.000000 0.240754 147.812378 0.000000 0.000000 0.000000 0.000000 2.668977
40300 404 142.578186 0.000000 1000.000000 0.276720 149.181015 -3.926090 -2.953467 0.000000 0.000000 1.698777
40400 405 142.164841 0.000000 1000.000000 0.606579 144.842316 -3.284052 0.000000 0.000000 0.000000 1.982583
40500 406 147.903763 0.000000 1000.000000 0.267390 148.974945 -0.959637 -0.378933 0.000000 0.000000 3.385138
40600 407 137.080170 0.000000 1000.000000 0.427035 137.532852 -0.879708 0.000000 0.000000 0.000000 4.018462
40700 408 141.646378 0.000000 1000.000000 1.276234 147.046967 -2.429021 -4.247799 0.000000 0.000000 1.557847
40800 409 157.858322 0.000000 1000.000000 0.609498 159.880432 -3.769063 1.137453 0.000000 0.000000 1.718926
40900 410 176.596466 0.000000 1000.000000 2.147598 138.973267 -4.360851 39.836460 0.000000 0.000000 1.301829
41000 411 144.623444 0.000000 1000.000000 0.804476 146.639816 -2.820848 0.000000 0.000000 0.000000 1.310802
41100 412 138.847870 0.000000 1000.000000 0.537677 145.093231 -4.016550 -2.766485 0.000000 0.000000 2.346784
41200 413 137.780624 0.000000 1000.000000 1.050989 138.752869 -2.023234 0.000000 0.000000 0.000000 1.943417
41300 414 154.614471 0.000000 1000.000000 0.411588 145.850754 -3.699702 12.051833 0.000000 0.000000 2.363771
41400 415 158.163864 0.000000 1000.000000 0.451834 159.587448 -1.875405 0.000000 0.000000 0.000000 3.890027
41500 416 151.916214 0.000000 1000.000000 0.692561 152.428101 -1.204450 0.000000 0.000000 0.000000 2.085894
41600 417 167.695465 0.000000 1000.000000 0.511636 168.441757 -1.257938 0.000000 0.000000 0.000000 2.431992
41700 418 148.149963 0.000000 1000.000000 0.430198 150.962036 -1.326461 -1.915802 0.000000 0.000000 2.027978
41800 419 170.951019 0.000000 1000.000000 0.697301 149.533127 -4.434603 25.155190 0.000000 0.000000 1.823117
41900 420 138.885315 0.000000 1000.000000 0.377821 140.531815 -2.024323 0.000000 0.000000 0.000000 3.248197
42000 421 124.340408 0.000000 1000.000000 1.379615 132.864548 -5.839889 -4.063859 0.000000 0.000000 0.971526
42100 422 147.208908 0.000000 1000.000000 0.686811 151.309204 -3.605881 -1.181234 0.000000 0.000000 1.449065
42200 423 155.509613 0.000000 1000.000000 1.012786 155.479477 -0.982658 0.000000 0.000000 0.000000 3.315227
42300 424 131.182755 0.000000 1000.000000 0.405282 133.145294 -2.367829 0.000000 0.000000 0.000000 2.776587
42400 425 138.793518 0.000000 1000.000000 0.982741 143.897095 -2.291404 -3.794929 0.000000 0.000000 1.777773
42500 426 155.792892 0.000000 1000.000000 1.745954 152.612015 -2.180717 3.615640 0.000000 0.000000 1.932703
42600 427 160.665939 0.000000 1000.000000 0.487791 162.370529 -2.192377 0.000000 0.000000 0.000000 2.071260
42700 428 173.926758 0.000000 1000.000000 0.611743 152.299316 -4.275572 25.291283 0.000000 0.000000 2.395892
42800 429 142.507538 0.000000 1000.000000 0.371393 147.351913 -2.709316 -2.506453 0.000000 0.000000 1.163527
42900 430 153.561188 0.000000 1000.000000 0.477343 157.172775 -4.473807 0.384871 0.000000 0.000000 1.077993
43000 431 160.303223 0.000000 1000.000000 0.341379 155.609726 -3.569286 7.921409 0.000000 0.000000 2.546198
43100 432 134.389481 0.000000 1000.000000 0.537043 137.234329 -3.381903 0.000000 0.000000 0.000000 1.912250
43200 433 151.614273 0.000000 1000.000000 0.261372 152.504959 -1.152053 0.000000 0.000000 0.000000 2.181590
43300 434 143.334488 0.000000 1000.000000 0.809175 144.712204 -2.186891 0.000000 0.000000 0.000000 1.927855
43400 435 137.405563 0.000000 1000.000000 0.422520 136.983047 0.000000 0.000000 0.000000 0.000000 2.546347
43500 436 146.871994 0.000000 1000.000000 0.389222 146.482773 0.000000 0.000000 0.000000 0.000000 2.498660
43600 437 142.381439 0.000000 1000.000000 0.265975 144.770248 -2.654789 0.000000 0.000000 0.000000 2.028268
43700 438 156.038147 0.000000 1000.000000 0.612910 155.425232 0.000000 0.000000 0.000000 0.000000 3.022445
43800 439 139.714890 0.000000 1000.000000 0.830208 140.882645 -1.997967 0.000000 0.000000 0.000000 1.798701
43900 440 166.395325 0.000000 1000.000000 1.289064 166.390884 -1.284622 0.000000 0.000000 0.000000 1.917003
44000 441 219.842834 0.000000 1000.000000 1.474028 153.134262 -2.437773 67.672325 0.000000 0.000000 2.902625
44100 442 138.915283 0.000000 1000.000000 0.369874 139.262833 -0.717425 0.000000 0.000000 0.000000 2.486683
44200 443 142.768494 0.000000 1000.000000 0.555486 143.976730 -1.763722 0.000000 0.000000 0.000000 3.135506
44300 444 135.532852 0.000000 1000.000000 0.635580 135.248352 -0.351080 0.000000 0.000000 0.000000 2.881283
44400 445 142.036469 0.000000 1000.000000 0.244519 144.615829 -2.823884 0.000000 0.000000 0.000000 2.749856
44500 446 148.776489 0.000000 1000.000000 0.218924 149.711365 -1.153792 0.000000 0.000000 0.000000 2.947857
44600 447 150.635193 0.000000 1000.000000 0.292971 152.526093 -2.183870 0.000000 0.000000 0.000000 3.522970
44700 448 159.642807 0.000000 1000.000000 0.536167 151.563431 -2.612350 10.155560 0.000000 0.000000 1.413886
44800 449 135.484421 0.000000 1000.000000 0.144440 137.886475 -2.546492 0.000000 0.000000 0.000000 1.955671
44900 450 138.884338 0.000000 1000.000000 0.237157 141.705002 -3.057808 0.000000 0.000000 0.000000 1.960041
45000 451 139.189072 0.000000 1000.000000 0.405857 142.019424 -1.484542 -1.751668 0.000000 0.000000 2.718144
45100 452 145.789276 0.000000 1000.000000 1.294393 145.379272 -0.884377 0.000000 0.000000 0.000000 2.259243
45200 453 143.972412 0.000000 1000.000000 0.477758 144.741135 -1.246477 0.000000 0.000000 0.000000 1.506509
45300 454 148.341553 0.000000 1000.000000 0.533727 152.318176 -3.901249 -0.609098 0.000000 0.000000 1.657721
45400 455 143.393616 0.000000 1000.000000 0.233797 144.586411 -1.426589 0.000000 0.000000 0.000000 1.409504
45500 456 130.375229 0.000000 1000.000000 0.294344 135.528854 -2.974204 -2.473765 0.000000 0.000000 1.339706
45600 457 151.793762 0.000000 1000.000000 0.850215 157.178741 -3.433475 -2.801728 0.000000 0.000000 1.333039
45700 458 137.119904 0.000000 1000.000000 0.492462 138.859360 -2.231911 0.000000 0.000000 0.000000 1.434473
45800 459 158.843552 0.000000 1000.000000 1.615740 157.802017 -0.574198 0.000000 0.000000 0.000000 2.789494
45900 460 115.810387 0.000000 1000.000000 0.356277 118.902260 -3.448148 0.000000 0.000000 0.000000 1.683349
46000 461 139.438614 0.000000 1000.000000 0.661267 135.717300 -4.421952 7.482001 0.000000 0.000000 1.573778
46100 462 128.027893 0.000000 1000.000000 0.570596 135.588470 -4.434469 -3.696717 0.000000 0.000000 0.940744
46200 463 154.104355 0.000000 1000.000000 0.998188 156.138824 -3.032660 0.000000 0.000000 0.000000 1.387714
46300 464 136.548615 0.000000 1000.000000 0.596636 137.044800 -1.092823 0.000000 0.000000 0.000000 3.977448
46400 465 128.890976 0.000000 1000.000000 0.706868 129.254807 -1.070687 0.000000 0.000000 0.000000 1.175159
46500 466 140.854309 0.000000 1000.000000 0.270163 142.850510 -2.266359 0.000000 0.000000 0.000000 2.893736
46600 467 140.007446 0.000000 1000.000000 0.284868 149.447586 -4.323153 -5.401849 0.000000 0.000000 1.211970
46700 468 135.986420 0.000000 1000.000000 0.259696 143.642380 -3.310409 -4.605247 0.000000 0.000000 0.663167
46800 469 141.922729 0.000000 1000.000000 1.422806 142.041229 -1.541300 0.000000 0.000000 0.000000 2.626834
46900 470 157.553131 0.000000 1000.000000 0.481295 157.727417 -0.655579 0.000000 0.000000 0.000000 2.109020
47000 471 157.203140 0.000000 1000.000000 1.049109 156.154037 0.000000 0.000000 0.000000 0.000000 4.139058
47100 472 155.651489 0.000000 1000.000000 0.887555 156.106323 -1.342393 0.000000 0.000000 0.000000 3.554381
47200 473 155.155304 0.000000 1000.000000 1.806773 155.253250 -1.904723 0.000000 0.000000 0.000000 2.995063
47300 474 161.617828 0.000000 1000.000000 0.619311 162.781830 -1.783305 0.000000 0.000000 0.000000 2.623515
47400 475 131.017853 0.000000 1000.000000 0.146251 133.008026 -2.136425 0.000000 0.000000 0.000000 2.088766
47500 476 154.583176 0.000000 1000.000000 0.287621 154.212967 -3.452911 3.535487 0.000000 0.000000 1.867565
47600 477 161.330704 0.000000 1000.000000 0.571065 163.969193 -1.709814 -1.499748 0.000000 0.000000 2.158156
47700 478 137.197617 0.000000 1000.000000 0.216664 147.484360 -4.947438 -5.555970 0.000000 0.000000 1.430442
47800 479 142.376419 0.000000 1000.000000 0.339312 150.852814 -2.740186 -6.075522 0.000000 0.000000 2.142255
47900 480 147.095337 0.000000 1000.000000 0.623035 151.241180 -2.628465 -2.140405 0.000000 0.000000 1.959712
48000 481 152.208405 0.000000 1000.000000 0.340885 156.005280 -2.316056 -1.821700 0.000000 0.000000 3.731985
48100 482 139.007553 0.000000 1000.000000 0.074598 139.792969 -0.860017 0.000000 0.000000 0.000000 2.113683
48200 483 130.389862 0.000000 1000.000000 0.334576 130.055283 0.000000 0.000000 0.000000 0.000000 3.551052
48300 484 135.392075 0.000000 1000.000000 0.415389 136.004181 -1.027494 0.000000 0.000000 0.000000 2.004363
48400 485 145.443848 0.000000 1000.000000 0.842739 148.195786 -3.594685 0.000000 0.000000 0.000000 1.930027
48500 486 145.789230 0.000000 1000.000000 0.218931 147.312881 -1.742586 0.000000 0.000000 0.000000 1.916244
48600 487 141.040955 0.000000 1000.000000 0.727255 142.603409 -3.423587 1.133875 0.000000 0.000000 0.993934
48700 488 148.188858 0.000000 1000.000000 0.505734 150.685867 -3.002747 0.000000 0.000000 0.000000 1.037009
48800 489 158.710815 0.000000 1000.000000 0.349448 159.592148 -1.230767 0.000000 0.000000 0.000000 2.633949
48900 490 146.129440 0.000000 1000.000000 0.185449 147.616867 -1.672885 0.000000 0.000000 0.000000 2.203910
49000 491 129.318192 0.000000 1000.000000 0.235202 130.515518 -1.432527 0.000000 0.000000 0.000000 1.358723
49100 492 128.502792 0.000000 1000.000000 0.257060 128.431900 -5.838541 5.652363 0.000000 0.000000 1.247689
49200 493 140.748215 0.000000 1000.000000 1.019878 145.132095 -2.530056 -2.873702 0.000000 0.000000 2.010257
49300 494 121.143143 0.000000 1000.000000 0.434187 122.815819 -2.106867 0.000000 0.000000 0.000000 1.718842
49400 495 131.789047 0.000000 1000.000000 0.283667 134.119751 -2.614369 0.000000 0.000000 0.000000 2.114691
49500 496 134.730698 0.000000 1000.000000 0.851771 133.878922 0.000000 0.000000 0.000000 0.000000 2.475590
49600 497 139.750580 0.000000 1000.000000 0.397555 145.658127 -2.441318 -3.863790 0.000000 0.000000 2.833495
49700 498 121.846420 0.000000 1000.000000 0.656918 130.507874 -4.862197 -4.456173 0.000000 0.000000 1.390951
49800 499 151.097015 0.000000 1000.000000 0.270058 152.215698 -1.388726 0.000000 0.000000 0.000000 2.665223
49900 500 157.415268 0.000000 1000.000000 0.476449 160.448639 -3.509828 0.000000 0.000000 0.000000 2.879766
50000 501 154.434189 0.000000 1000.000000 0.348361 157.423569 -1.950633 -1.387108 0.000000 0.000000 2.383118
