1 1 194.055832 0.000000 1000.000000 0.220573 200.619171 -0.382695 -6.401219 0.000000 0.000000 17.449800
100 2 170.669098 0.000000 1000.000000 0.303632 170.558395 -0.192928 0.000000 0.000000 0.000000 9.494036
200 3 148.126343 0.000000 1000.000000 0.473447 149.318695 -0.618286 -1.047514 0.000000 0.000000 5.101734
300 4 132.741608 0.000000 1000.000000 0.149663 133.249359 -0.657408 0.000000 0.000000 0.000000 5.385937
400 5 135.684174 0.000000 1000.000000 0.562625 136.620605 -1.499061 0.000000 0.000000 0.000000 5.785192
500 6 149.109634 0.000000 1000.000000 0.785033 148.324600 0.000000 0.000000 0.000000 0.000000 4.556661
600 7 139.771530 0.000000 1000.000000 0.638493 139.384232 -0.251185 0.000000 0.000000 0.000000 7.929149
700 8 164.079498 0.000000 1000.000000 0.404277 164.904739 -1.229517 0.000000 0.000000 0.000000 5.328337
800 9 142.801498 0.000000 1000.000000 2.589823 141.160278 -0.948606 0.000000 0.000000 0.000000 3.796908
900 10 140.617523 0.000000 1000.000000 1.008150 140.980576 -1.371200 0.000000 0.000000 0.000000 4.995370
1000 11 149.782623 0.000000 1000.000000 0.581085 149.201538 0.000000 0.000000 0.000000 0.000000 5.132512
1100 12 146.040329 0.000000 1000.000000 1.330866 147.292664 -2.583210 0.000000 0.000000 0.000000 1.551549
1200 13 161.080414 0.000000 1000.000000 1.855707 160.636490 -1.411782 0.000000 0.000000 0.000000 2.782850
1300 14 135.316116 0.000000 1000.000000 0.277186 136.770157 -1.731239 0.000000 0.000000 0.000000 3.106022
1400 15 144.202637 0.000000 1000.000000 0.499902 144.189850 -0.487122 0.000000 0.000000 0.000000 4.376723
1500 16 138.006714 0.000000 1000.000000 1.391986 136.614731 0.000000 0.000000 0.000000 0.000000 4.076491
1600 17 140.104019 0.000000 1000.000000 0.208157 144.694366 -1.673351 -3.125147 0.000000 0.000000 2.782245
1700 18 159.326843 0.000000 1000.000000 1.231645 158.095200 0.000000 0.000000 0.000000 0.000000 4.252706
1800 19 142.799225 0.000000 1000.000000 1.442509 143.102570 -1.745851 0.000000 0.000000 0.000000 3.782432
1900 20 144.307526 0.000000 1000.000000 0.479966 144.414398 -0.586834 0.000000 0.000000 0.000000 4.979343
2000 21 145.166321 0.000000 1000.000000 0.238558 145.955200 -1.027436 0.000000 0.000000 0.000000 4.346370
2100 22 162.437912 0.000000 1000.000000 0.236757 163.383392 -1.182234 0.000000 0.000000 0.000000 3.789298
2200 23 152.814728 0.000000 1000.000000 0.931507 151.883224 0.000000 0.000000 0.000000 0.000000 4.262633
2300 24 129.258530 0.000000 1000.000000 1.383629 127.874901 0.000000 0.000000 0.000000 0.000000 2.971342
2400 25 170.186508 0.000000 1000.000000 0.307829 170.884842 -1.006170 0.000000 0.000000 0.000000 6.227208
2500 26 139.547394 0.000000 1000.000000 0.691285 140.733292 -0.436256 -1.440928 0.000000 0.000000 4.066202
2600 27 143.459946 0.000000 1000.000000 0.964423 143.085739 -0.590206 0.000000 0.000000 0.000000 8.138648
2700 28 155.164658 0.000000 1000.000000 0.596037 156.213074 -1.644458 0.000000 0.000000 0.000000 4.750750
2800 29 147.386673 0.000000 1000.000000 0.263073 147.123596 0.000000 0.000000 0.000000 0.000000 4.700403
2900 30 141.538605 0.000000 1000.000000 0.296736 144.015411 -0.759296 -2.014247 0.000000 0.000000 4.982539
3000 31 151.670868 0.000000 1000.000000 0.323933 151.819992 -0.473056 0.000000 0.000000 0.000000 4.579572
3100 32 147.960449 0.000000 1000.000000 0.686894 147.273560 0.000000 0.000000 0.000000 0.000000 4.200766
3200 33 145.722107 0.000000 1000.000000 1.045521 144.851669 -0.175078 0.000000 0.000000 0.000000 5.016677
3300 34 143.689438 0.000000 1000.000000 1.242763 142.446671 0.000000 0.000000 0.000000 0.000000 6.471518
3400 35 133.126541 0.000000 1000.000000 0.451263 133.322830 -0.647552 0.000000 0.000000 0.000000 4.316883
3500 36 147.017624 0.000000 1000.000000 1.104859 146.688477 -0.775711 0.000000 0.000000 0.000000 4.322641
3600 37 164.811646 0.000000 1000.000000 0.821712 164.458527 -0.468591 0.000000 0.000000 0.000000 4.599780
3700 38 135.038315 0.000000 1000.000000 0.974051 135.201935 -1.137671 0.000000 0.000000 0.000000 4.358196
3800 39 153.166290 0.000000 1000.000000 0.420633 153.191330 -0.445681 0.000000 0.000000 0.000000 4.037412
3900 40 134.866226 0.000000 1000.000000 0.114486 134.905182 -0.153445 0.000000 0.000000 0.000000 4.389162
4000 41 150.745117 0.000000 1000.000000 1.109432 149.852112 -0.216424 0.000000 0.000000 0.000000 7.586810
4100 42 156.387955 0.000000 1000.000000 1.626223 155.226395 -0.464661 0.000000 0.000000 0.000000 5.533575
4200 43 147.290161 0.000000 1000.000000 1.089831 147.123810 -0.923472 0.000000 0.000000 0.000000 4.127147
4300 44 147.815964 0.000000 1000.000000 0.404289 148.475479 -1.063800 0.000000 0.000000 0.000000 5.647056
4400 45 134.941635 0.000000 1000.000000 0.970837 134.720840 -0.750045 0.000000 0.000000 0.000000 4.367892
4500 46 136.802658 0.000000 1000.000000 0.725677 136.575745 -0.498764 0.000000 0.000000 0.000000 5.661631
4600 47 148.955780 0.000000 1000.000000 1.594762 148.024658 -0.663629 0.000000 0.000000 0.000000 3.700536
4700 48 142.730484 0.000000 1000.000000 0.553140 142.391739 -0.214403 0.000000 0.000000 0.000000 4.553102
4800 49 148.327118 0.000000 1000.000000 1.407730 146.919388 0.000000 0.000000 0.000000 0.000000 4.123527
4900 50 142.679031 0.000000 1000.000000 0.335596 142.343430 0.000000 0.000000 0.000000 0.000000 5.657584
5000 51 142.139206 0.000000 1000.000000 1.297686 140.959976 -0.118447 0.000000 0.000000 0.000000 7.091277
5100 52 156.494370 0.000000 1000.000000 0.321214 157.189041 -1.015886 0.000000 0.000000 0.000000 5.125817
5200 53 157.460373 0.000000 1000.000000 0.705734 157.306808 -0.552172 0.000000 0.000000 0.000000 6.144233
5300 54 155.082474 0.000000 1000.000000 1.950774 153.318268 -0.186575 0.000000 0.000000 0.000000 3.917984
5400 55 154.738495 0.000000 1000.000000 0.867647 155.268051 -1.397196 0.000000 0.000000 0.000000 4.227609
5500 56 145.046692 0.000000 1000.000000 1.483698 148.862808 -0.747800 -4.552013 0.000000 0.000000 3.644400
5600 57 155.493759 0.000000 1000.000000 0.850767 155.290253 -0.647264 0.000000 0.000000 0.000000 7.602242
5700 58 139.430008 0.000000 1000.000000 0.500281 139.080490 -0.150753 0.000000 0.000000 0.000000 4.765755
5800 59 151.744614 0.000000 1000.000000 1.583389 150.541626 -0.380397 0.000000 0.000000 0.000000 2.045149
5900 60 150.753403 0.000000 1000.000000 0.354787 152.190445 -1.791826 0.000000 0.000000 0.000000 4.020090
6000 61 160.680237 0.000000 1000.000000 2.375408 158.304825 0.000000 0.000000 0.000000 0.000000 3.458801
6100 62 160.887009 0.000000 1000.000000 0.978015 159.908997 0.000000 0.000000 0.000000 0.000000 4.431458
6200 63 140.477554 0.000000 1000.000000 1.054432 145.422409 -1.610741 -4.388533 0.000000 0.000000 3.988531
6300 64 136.667358 0.000000 1000.000000 0.606718 136.726532 -0.665894 0.000000 0.000000 0.000000 2.745080
6400 65 142.976456 0.000000 1000.000000 0.617781 129.775421 -1.159605 13.742860 0.000000 0.000000 1.739242
6500 66 133.789276 0.000000 1000.000000 0.446263 133.708511 -0.365496 0.000000 0.000000 0.000000 1.698906
6600 67 133.934082 0.000000 1000.000000 0.833518 134.692398 -1.591827 0.000000 0.000000 0.000000 2.590870
6700 68 161.064194 0.000000 1000.000000 1.714381 159.604141 -0.254341 0.000000 0.000000 0.000000 1.443764
6800 69 141.360626 0.000000 1000.000000 1.037426 146.371445 -2.755200 -3.293049 0.000000 0.000000 3.428402
6900 70 140.832077 0.000000 1000.000000 0.438575 146.485764 -1.802376 -4.289871 0.000000 0.000000 2.584440
7000 71 153.851562 0.000000 1000.000000 0.957641 142.229431 -2.614593 13.279081 0.000000 0.000000 1.755603
7100 72 146.687180 0.000000 1000.000000 1.359061 147.749771 -2.421640 0.000000 0.000000 0.000000 2.435896
7200 73 216.635300 0.000000 1000.000000 1.179663 140.310257 -5.157141 80.302521 0.000000 0.000000 0.995346
7300 74 144.535858 0.000000 1000.000000 1.511397 149.211731 -3.342807 -2.844468 0.000000 0.000000 4.460011
7400 75 137.031235 0.000000 1000.000000 1.295574 136.794891 -1.059235 0.000000 0.000000 0.000000 2.694258
7500 76 133.531845 0.000000 1000.000000 1.082663 139.799072 -3.320302 -4.029587 0.000000 0.000000 1.628066
7600 77 120.238846 0.000000 1000.000000 0.226429 125.727394 -2.163725 -3.551253 0.000000 0.000000 3.256890
7700 78 135.678574 0.000000 1000.000000 0.481687 136.345123 -1.148233 0.000000 0.000000 0.000000 2.364788
7800 79 136.940536 0.000000 1000.000000 1.026891 135.913651 0.000000 0.000000 0.000000 0.000000 3.859357
7900 80 128.872772 0.000000 1000.000000 0.477156 129.097183 -0.701572 0.000000 0.000000 0.000000 3.211139
8000 81 148.986115 0.000000 1000.000000 0.784188 148.201920 0.000000 0.000000 0.000000 0.000000 2.028342
8100 82 135.672302 0.000000 1000.000000 0.356846 136.938782 -1.623316 0.000000 0.000000 0.000000 1.637454
8200 83 126.371651 0.000000 1000.000000 0.855809 130.604630 -2.297449 -2.791331 0.000000 0.000000 2.020539
8300 84 134.908386 0.000000 1000.000000 0.935019 139.170929 -1.636838 -3.560716 0.000000 0.000000 2.779725
8400 85 109.688110 0.000000 1000.000000 0.883879 110.238609 -1.434378 0.000000 0.000000 0.000000 2.093406
8500 86 128.155548 0.000000 1000.000000 2.352932 128.436935 -2.634328 0.000000 0.000000 0.000000 1.397155
8600 87 120.111839 0.000000 1000.000000 1.125233 123.934654 -2.064738 -2.883313 0.000000 0.000000 2.911099
8700 88 117.760063 0.000000 1000.000000 0.865192 114.442131 -2.746511 5.199255 0.000000 0.000000 1.569416
8800 89 146.661575 0.000000 1000.000000 0.306968 147.566254 -1.211645 0.000000 0.000000 0.000000 2.199773
8900 90 114.581825 0.000000 1000.000000 1.204816 126.384178 -4.254970 -8.752204 0.000000 0.000000 2.096616
9000 91 145.478333 0.000000 1000.000000 0.347612 142.905014 -1.437684 3.663388 0.000000 0.000000 2.209259
9100 92 148.607544 0.000000 1000.000000 1.979765 147.089142 -0.461363 0.000000 0.000000 0.000000 2.660318
9200 93 129.779938 0.000000 1000.000000 0.378141 136.556458 -3.458717 -3.695959 0.000000 0.000000 1.649594
9300 94 119.470695 0.000000 1000.000000 0.452019 121.658936 -1.603352 -1.036904 0.000000 0.000000 3.550826
9400 95 115.809937 0.000000 1000.000000 1.564648 118.268921 -1.820004 -2.203629 0.000000 0.000000 1.979082
9500 96 115.464287 0.000000 1000.000000 0.291161 128.911987 -4.501024 -9.237846 0.000000 0.000000 2.094838
9600 97 153.018814 0.000000 1000.000000 0.730286 153.699829 -1.411300 0.000000 0.000000 0.000000 3.596544
9700 98 137.309464 0.000000 1000.000000 1.857425 136.943176 -1.491137 0.000000 0.000000 0.000000 2.888001
9800 99 138.600037 0.000000 1000.000000 0.681047 138.754211 -0.835213 0.000000 0.000000 0.000000 1.416690
9900 100 158.822235 0.000000 1000.000000 1.159932 151.747574 -3.141527 9.056264 0.000000 0.000000 1.797634
10000 101 120.257591 0.000000 1000.000000 0.568613 121.207344 -1.518363 0.000000 0.000000 0.000000 1.793365
10100 102 135.387848 0.000000 1000.000000 0.748289 135.994995 -1.355440 0.000000 0.000000 0.000000 3.403025
10200 103 140.586548 0.000000 1000.000000 1.569622 142.729218 -2.730419 -0.981866 0.000000 0.000000 2.326533
10300 104 126.811539 0.000000 1000.000000 0.321977 131.706863 -1.362058 -3.855240 0.000000 0.000000 2.849122
10400 105 121.325607 0.000000 1000.000000 0.886412 125.444382 -2.460208 -2.544985 0.000000 0.000000 1.446501
10500 106 131.324753 0.000000 1000.000000 0.861457 137.453796 -3.695908 -3.294586 0.000000 0.000000 1.076163
10600 107 138.756729 0.000000 1000.000000 0.643603 144.561600 -3.970284 -2.478175 0.000000 0.000000 2.025848
10700 108 124.868065 0.000000 1000.000000 1.770825 124.953865 -1.856626 0.000000 0.000000 0.000000 3.072568
10800 109 164.989212 0.000000 1000.000000 0.924312 158.581497 -2.280391 7.763797 0.000000 0.000000 2.599919
10900 110 129.078888 0.000000 1000.000000 0.310232 135.040619 -2.798986 -3.472974 0.000000 0.000000 2.340777
11000 111 126.033012 0.000000 1000.000000 0.435084 131.273193 -3.233801 -2.441476 0.000000 0.000000 1.313886
11100 112 132.021652 0.000000 1000.000000 2.579042 130.620544 -1.177938 0.000000 0.000000 0.000000 1.576555
11200 113 136.158020 0.000000 1000.000000 0.608125 137.630157 -2.080259 0.000000 0.000000 0.000000 2.068474
11300 114 146.596970 0.000000 1000.000000 0.874710 145.722260 0.000000 0.000000 0.000000 0.000000 4.181471
11400 115 150.449615 0.000000 1000.000000 0.395027 157.524292 -4.114484 -3.355207 0.000000 0.000000 1.063367
11500 116 136.030823 0.000000 1000.000000 0.470087 144.364258 -5.269609 -3.533916 0.000000 0.000000 1.087566
11600 117 124.505196 0.000000 1000.000000 0.182992 129.913300 -2.699736 -2.891368 0.000000 0.000000 0.710765
11700 118 121.942368 0.000000 1000.000000 1.166069 125.967545 -3.620474 -1.570774 0.000000 0.000000 1.114453
11800 119 132.183807 0.000000 1000.000000 0.249609 132.504837 -0.570633 0.000000 0.000000 0.000000 3.047733
11900 120 132.847702 0.000000 1000.000000 0.141935 134.049652 -1.343889 0.000000 0.000000 0.000000 1.653845
12000 121 134.833481 0.000000 1000.000000 1.097694 137.392639 -4.055140 0.398301 0.000000 0.000000 1.950062
12100 122 120.265289 0.000000 1000.000000 1.247080 126.057243 -2.240619 -4.798417 0.000000 0.000000 3.524425
12200 123 133.049515 0.000000 1000.000000 0.578883 134.520050 -2.049424 0.000000 0.000000 0.000000 1.465254
12300 124 122.805351 0.000000 1000.000000 0.436819 131.875473 -2.968085 -6.538856 0.000000 0.000000 1.741738
12400 125 122.817871 0.000000 1000.000000 0.599768 132.433578 -3.364582 -6.850892 0.000000 0.000000 1.405605
12500 126 132.078156 0.000000 1000.000000 1.167683 139.081345 -4.885836 -3.285039 0.000000 0.000000 0.579867
12600 127 129.479950 0.000000 1000.000000 0.254640 131.917755 -2.692449 0.000000 0.000000 0.000000 1.084928
12700 128 141.755844 0.000000 1000.000000 1.025368 142.670212 -1.939750 0.000000 0.000000 0.000000 2.461655
12800 129 131.191132 0.000000 1000.000000 1.743147 132.706467 -1.510756 -1.747720 0.000000 0.000000 2.584242
12900 130 111.284920 0.000000 1000.000000 1.273914 121.485802 -3.817847 -7.656946 0.000000 0.000000 2.208623
13000 131 121.523514 0.000000 1000.000000 1.229016 132.946457 -3.772461 -8.879505 0.000000 0.000000 1.552832
13100 132 114.463326 0.000000 1000.000000 0.456302 115.585068 -1.578040 0.000000 0.000000 0.000000 2.461864
13200 133 128.894714 0.000000 1000.000000 1.024468 121.730438 -2.917855 9.057664 0.000000 0.000000 1.379113
13300 134 139.909500 0.000000 1000.000000 0.398916 140.278870 -0.768283 0.000000 0.000000 0.000000 2.750729
13400 135 116.904007 0.000000 1000.000000 0.971663 122.623383 -6.981471 0.290429 0.000000 0.000000 0.562951
13500 136 123.405678 0.000000 1000.000000 0.835256 130.392624 -4.955001 -2.867196 0.000000 0.000000 0.839573
13600 137 124.513451 0.000000 1000.000000 1.245083 125.795456 -2.527089 0.000000 0.000000 0.000000 1.337105
13700 138 187.143585 0.000000 1000.000000 1.110042 146.232742 -3.925343 43.726128 0.000000 0.000000 1.511095
13800 139 132.510849 0.000000 1000.000000 0.399088 133.485550 -1.373793 0.000000 0.000000 0.000000 2.618186
13900 140 135.503021 0.000000 1000.000000 1.604035 141.516556 -2.787649 -4.829924 0.000000 0.000000 1.219267
14000 141 141.671631 0.000000 1000.000000 0.195480 144.423828 -5.363291 2.415615 0.000000 0.000000 0.797764
14100 142 136.373993 0.000000 1000.000000 0.876863 137.194458 -1.697323 0.000000 0.000000 0.000000 1.518442
14200 143 125.199272 0.000000 1000.000000 1.033721 127.042480 -2.876927 0.000000 0.000000 0.000000 1.552747
14300 144 126.249451 0.000000 1000.000000 1.191968 131.076904 -4.271318 -1.748111 0.000000 0.000000 0.865543
14400 145 126.301636 0.000000 1000.000000 1.747957 127.130119 -2.576450 0.000000 0.000000 0.000000 2.574640
14500 146 117.795151 0.000000 1000.000000 0.851635 125.206108 -4.630381 -3.632218 0.000000 0.000000 1.349299
14600 147 98.760925 0.000000 1000.000000 0.577816 116.515160 -5.801242 -12.530814 0.000000 0.000000 0.890480
14700 148 119.114845 0.000000 1000.000000 0.300162 120.579353 -1.764674 0.000000 0.000000 0.000000 2.148248
14800 149 121.406082 0.000000 1000.000000 0.180143 121.225937 0.000000 0.000000 0.000000 0.000000 3.740390
14900 150 140.872147 0.000000 1000.000000 0.968964 141.095078 -1.191900 0.000000 0.000000 0.000000 3.020986
15000 151 123.987289 0.000000 1000.000000 0.487107 129.969467 -4.721085 -1.748199 0.000000 0.000000 1.027527
15100 152 133.451218 0.000000 1000.000000 0.309832 134.321091 -1.179710 0.000000 0.000000 0.000000 1.031209
15200 153 136.255463 0.000000 1000.000000 0.751390 142.007233 -2.303727 -4.199433 0.000000 0.000000 1.016684
15300 154 122.871620 0.000000 1000.000000 0.765964 123.373978 -1.268317 0.000000 0.000000 0.000000 1.941586
15400 155 121.060120 0.000000 1000.000000 1.014839 120.045280 0.000000 0.000000 0.000000 0.000000 3.102793
15500 156 123.820786 0.000000 1000.000000 0.864574 130.729691 -4.204379 -3.569108 0.000000 0.000000 1.343471
15600 157 137.045334 0.000000 1000.000000 0.227290 138.013306 -1.195272 0.000000 0.000000 0.000000 1.427897
15700 158 122.339508 0.000000 1000.000000 0.230009 124.664078 -2.554584 0.000000 0.000000 0.000000 2.913499
15800 159 126.583931 0.000000 1000.000000 1.287147 126.760323 -1.463537 0.000000 0.000000 0.000000 3.582815
15900 160 138.809937 0.000000 1000.000000 0.847267 135.092178 -4.410815 7.281302 0.000000 0.000000 1.229151
16000 161 127.639824 0.000000 1000.000000 0.601720 129.464203 -2.426094 0.000000 0.000000 0.000000 2.352272
16100 162 146.209000 0.000000 1000.000000 0.998092 130.784103 -3.895073 18.321871 0.000000 0.000000 1.500074
16200 163 132.837296 0.000000 1000.000000 0.502261 137.613785 -3.529921 -1.748827 0.000000 0.000000 3.137621
16300 164 125.888802 0.000000 1000.000000 0.379200 132.819885 -4.403031 -2.907252 0.000000 0.000000 0.664031
16400 165 125.813431 0.000000 1000.000000 0.659564 134.062317 -4.194689 -4.713760 0.000000 0.000000 1.193217
16500 166 130.026459 0.000000 1000.000000 0.973333 130.114609 -1.061479 0.000000 0.000000 0.000000 1.080318
16600 167 142.878448 0.000000 1000.000000 1.047703 148.254074 -2.831588 -3.591742 0.000000 0.000000 1.307407
16700 168 139.674042 0.000000 1000.000000 0.224737 141.302444 -1.853127 0.000000 0.000000 0.000000 3.431966
16800 169 130.873856 0.000000 1000.000000 0.610185 139.104309 -5.052979 -3.787660 0.000000 0.000000 1.645248
16900 170 136.361221 0.000000 1000.000000 3.274690 133.086533 0.000000 0.000000 0.000000 0.000000 1.087568
17000 171 130.982498 0.000000 1000.000000 0.386412 140.374557 -4.982508 -4.795961 0.000000 0.000000 0.707697
17100 172 134.905121 0.000000 1000.000000 0.615782 130.752014 -2.809371 6.346699 0.000000 0.000000 0.830502
17200 173 121.248192 0.000000 1000.000000 1.077075 126.463531 -3.344495 -2.947917 0.000000 0.000000 1.227099
17300 174 140.211563 0.000000 1000.000000 3.912568 143.785126 -3.032992 -4.453141 0.000000 0.000000 1.945352
17400 175 145.038284 0.000000 1000.000000 1.015779 148.772766 -2.845025 -1.905222 0.000000 0.000000 2.118841
17500 176 120.478607 0.000000 1000.000000 2.758922 122.714600 -2.296308 -2.698600 0.000000 0.000000 2.056630
17600 177 129.022278 0.000000 1000.000000 0.563898 129.400299 -0.941923 0.000000 0.000000 0.000000 1.927024
17700 178 135.749329 0.000000 1000.000000 1.356066 126.099220 -3.920999 12.215037 0.000000 0.000000 0.738600
17800 179 119.491493 0.000000 1000.000000 0.820358 119.911308 -1.240171 0.000000 0.000000 0.000000 1.854552
17900 180 118.979927 0.000000 1000.000000 0.408858 124.334671 -2.954179 -2.809422 0.000000 0.000000 1.267467
18000 181 126.617531 0.000000 1000.000000 0.629748 127.494003 -1.506219 0.000000 0.000000 0.000000 2.163692
18100 182 144.685074 0.000000 1000.000000 0.528782 140.139816 -1.568133 5.584616 0.000000 0.000000 2.630285
18200 183 147.282425 0.000000 1000.000000 0.264429 150.865814 -3.363118 -0.484709 0.000000 0.000000 1.537399
18300 184 127.956612 0.000000 1000.000000 0.176421 127.780190 0.000000 0.000000 0.000000 0.000000 2.509404
18400 185 120.636932 0.000000 1000.000000 0.313412 128.854263 -3.761596 -4.769149 0.000000 0.000000 1.534872
18500 186 113.132759 0.000000 1000.000000 1.369482 119.820114 -4.103683 -3.953156 0.000000 0.000000 2.271465
18600 187 118.027245 0.000000 1000.000000 0.214008 123.419853 -3.094999 -2.511615 0.000000 0.000000 1.915627
18700 188 129.047760 0.000000 1000.000000 0.298737 124.849678 -1.556586 5.455933 0.000000 0.000000 4.160806
18800 189 149.545059 0.000000 1000.000000 0.334582 155.222977 -3.549518 -2.462984 0.000000 0.000000 2.888291
18900 190 128.966095 0.000000 1000.000000 0.477231 129.876358 -1.387492 0.000000 0.000000 0.000000 1.605499
19000 191 123.553642 0.000000 1000.000000 0.391271 125.551971 -2.389606 0.000000 0.000000 0.000000 1.659888
19100 192 140.589432 0.000000 1000.000000 0.348121 143.237732 -2.996408 0.000000 0.000000 0.000000 1.880536
19200 193 126.156784 0.000000 1000.000000 0.159555 132.778534 -4.207801 -2.573514 0.000000 0.000000 2.713043
19300 194 107.503609 0.000000 1000.000000 0.444053 114.532364 -4.202345 -3.270462 0.000000 0.000000 1.361795
19400 195 145.112869 0.000000 1000.000000 1.183463 145.690536 -1.761118 0.000000 0.000000 0.000000 1.142588
19500 196 137.288605 0.000000 1000.000000 0.200403 139.189819 -4.550986 2.449360 0.000000 0.000000 1.381087
19600 197 140.264145 0.000000 1000.000000 0.994091 141.595963 -2.325910 0.000000 0.000000 0.000000 1.656691
19700 198 134.053970 0.000000 1000.000000 1.789496 132.264481 0.000000 0.000000 0.000000 0.000000 2.490223
19800 199 126.811790 0.000000 1000.000000 1.863562 126.966805 -2.018580 0.000000 0.000000 0.000000 4.004129
19900 200 140.446625 0.000000 1000.000000 0.205169 135.777832 -1.922353 6.385976 0.000000 0.000000 3.715739
20000 201 135.753510 0.000000 1000.000000 1.384107 137.532791 -3.163394 0.000000 0.000000 0.000000 2.476639
20100 202 151.032333 0.000000 1000.000000 0.724205 155.576065 -3.169079 -2.098855 0.000000 0.000000 2.669380
20200 203 136.870621 0.000000 1000.000000 0.819555 141.262711 -2.469591 -2.742056 0.000000 0.000000 3.614038
20300 204 137.132324 0.000000 1000.000000 0.344001 141.607681 -0.597940 -4.221406 0.000000 0.000000 3.901675
20400 205 124.128342 0.000000 1000.000000 0.209978 123.918365 0.000000 0.000000 0.000000 0.000000 2.577409
20500 206 159.601196 0.000000 1000.000000 2.678893 156.922302 0.000000 0.000000 0.000000 0.000000 3.066846
20600 207 137.219070 0.000000 1000.000000 0.378488 144.560074 -4.203010 -3.516496 0.000000 0.000000 2.167655
20700 208 133.096359 0.000000 1000.000000 0.988374 133.462616 -1.354629 0.000000 0.000000 0.000000 2.617195
20800 209 134.126205 0.000000 1000.000000 0.418653 139.531052 -3.263179 -2.560317 0.000000 0.000000 2.717808
20900 210 130.831650 0.000000 1000.000000 0.513655 141.744705 -5.548286 -5.878429 0.000000 0.000000 1.675780
21000 211 144.729736 0.000000 1000.000000 0.700159 150.309433 -3.362821 -2.917043 0.000000 0.000000 1.846815
21100 212 125.445595 0.000000 1000.000000 0.292316 127.890480 -2.737208 0.000000 0.000000 0.000000 1.558140
21200 213 134.004318 0.000000 1000.000000 0.858047 135.493378 -2.347104 0.000000 0.000000 0.000000 2.693988
21300 214 139.609375 0.000000 1000.000000 0.492750 142.043762 -2.927134 0.000000 0.000000 0.000000 2.449007
21400 215 138.119080 0.000000 1000.000000 0.498050 142.624695 -3.232027 -1.771636 0.000000 0.000000 1.158499
21500 216 140.505844 0.000000 1000.000000 0.412088 141.835190 -1.741442 0.000000 0.000000 0.000000 1.530899
21600 217 158.923538 0.000000 1000.000000 0.651161 160.430191 -2.157813 0.000000 0.000000 0.000000 1.233312
21700 218 134.009308 0.000000 1000.000000 0.397610 136.968231 -3.356534 0.000000 0.000000 0.000000 1.954238
21800 219 147.946503 0.000000 1000.000000 0.519721 157.284897 -5.665497 -4.192619 0.000000 0.000000 0.900079
21900 220 122.355438 0.000000 1000.000000 1.259737 130.106491 -5.382605 -3.628178 0.000000 0.000000 1.491754
22000 221 143.197449 0.000000 1000.000000 0.156061 147.151215 -4.109839 0.000000 0.000000 0.000000 0.983519
22100 222 149.178940 0.000000 1000.000000 0.326086 156.069031 -4.506133 -2.710039 0.000000 0.000000 1.577382
22200 223 138.003494 0.000000 1000.000000 0.642171 140.607315 -3.051745 -0.194245 0.000000 0.000000 2.605114
22300 224 138.430206 0.000000 1000.000000 1.487632 144.294388 -3.076159 -4.275645 0.000000 0.000000 1.932010
22400 225 148.676224 0.000000 1000.000000 1.105989 152.553604 -3.237858 -1.745519 0.000000 0.000000 5.139577
22500 226 146.447311 0.000000 1000.000000 1.201034 146.954025 -1.707750 0.000000 0.000000 0.000000 2.813413
22600 227 150.818542 0.000000 1000.000000 0.760670 153.099884 -3.042004 0.000000 0.000000 0.000000 1.825637
22700 228 126.050308 0.000000 1000.000000 0.875144 127.716721 -2.541550 0.000000 0.000000 0.000000 1.412125
22800 229 159.718613 0.000000 1000.000000 2.290749 159.631271 -2.203421 0.000000 0.000000 0.000000 2.233009
22900 230 124.448326 0.000000 1000.000000 0.437108 129.458771 -3.858314 -1.589230 0.000000 0.000000 0.589668
23000 231 135.240829 0.000000 1000.000000 0.670593 135.607300 -1.037068 0.000000 0.000000 0.000000 2.280486
23100 232 141.690506 0.000000 1000.000000 0.162738 142.449356 -6.352373 5.430788 0.000000 0.000000 0.834511
23200 233 138.357620 0.000000 1000.000000 0.698204 151.150818 -6.151908 -7.339510 0.000000 0.000000 0.684781
23300 234 151.009445 0.000000 1000.000000 1.307970 150.942505 -1.241031 0.000000 0.000000 0.000000 1.025172
23400 235 130.257034 0.000000 1000.000000 0.432591 136.464294 -4.272020 -2.367836 0.000000 0.000000 0.448732
23500 236 173.691635 0.000000 1000.000000 1.089742 134.595932 -6.213474 44.219433 0.000000 0.000000 1.689449
23600 237 143.085403 0.000000 1000.000000 0.418744 142.666656 0.000000 0.000000 0.000000 0.000000 1.343993
23700 238 117.221855 0.000000 1000.000000 0.125239 123.720894 -2.984457 -3.639818 0.000000 0.000000 1.671517
23800 239 151.570572 0.000000 1000.000000 0.331269 154.274368 -4.247105 1.212035 0.000000 0.000000 0.804766
23900 240 143.414490 0.000000 1000.000000 0.199971 143.853928 -0.639410 0.000000 0.000000 0.000000 3.172036
24000 241 130.564987 0.000000 1000.000000 0.469058 133.467453 -3.371522 0.000000 0.000000 0.000000 0.810451
24100 242 129.919662 0.000000 1000.000000 1.693161 130.812286 -2.585784 0.000000 0.000000 0.000000 2.218139
24200 243 138.416794 0.000000 1000.000000 1.624795 139.101318 -2.309324 0.000000 0.000000 0.000000 1.897074
24300 244 152.284546 0.000000 1000.000000 0.441825 135.602066 -3.446376 19.687038 0.000000 0.000000 2.513935
24400 245 124.132973 0.000000 1000.000000 0.618433 125.545006 -2.030467 0.000000 0.000000 0.000000 1.975648
24500 246 128.953049 0.000000 1000.000000 1.794243 130.338135 -3.179339 0.000000 0.000000 0.000000 1.405864
24600 247 110.900658 0.000000 1000.000000 0.352177 119.254417 -3.254019 -5.451919 0.000000 0.000000 2.067860
24700 248 120.605286 0.000000 1000.000000 1.746171 118.859116 0.000000 0.000000 0.000000 0.000000 1.328372
24800 249 123.301270 0.000000 1000.000000 0.564317 125.629158 -2.892204 0.000000 0.000000 0.000000 0.636154
24900 250 109.874390 0.000000 1000.000000 1.550738 118.538139 -4.799536 -5.414946 0.000000 0.000000 0.875647
25000 251 112.818459 0.000000 1000.000000 1.348359 119.366081 -4.191183 -3.704793 0.000000 0.000000 0.781288
25100 252 115.324432 0.000000 1000.000000 1.592152 120.723259 -3.693234 -3.297746 0.000000 0.000000 1.727604
25200 253 148.022552 0.000000 1000.000000 2.789298 147.181183 -1.947914 0.000000 0.000000 0.000000 2.353132
25300 254 128.909348 0.000000 1000.000000 0.240896 130.328903 -1.660444 0.000000 0.000000 0.000000 1.515610
25400 255 130.319702 0.000000 1000.000000 1.287761 134.500717 -2.819141 -2.649643 0.000000 0.000000 2.622932
25500 256 136.604950 0.000000 1000.000000 1.420843 135.184113 0.000000 0.000000 0.000000 0.000000 2.561933
25600 257 149.918472 0.000000 1000.000000 1.033210 138.843933 -3.960569 14.001905 0.000000 0.000000 2.011429
25700 258 127.765289 0.000000 1000.000000 0.665397 129.547211 -2.447309 0.000000 0.000000 0.000000 1.118817
25800 259 168.107040 0.000000 1000.000000 1.163155 138.017365 -8.077082 37.003601 0.000000 0.000000 0.726868
25900 260 181.900665 0.000000 1000.000000 0.485465 143.392227 -4.148431 42.171417 0.000000 0.000000 0.869050
26000 261 111.078896 0.000000 1000.000000 0.476157 122.961678 -5.430465 -6.928473 0.000000 0.000000 1.310003
26100 262 120.773567 0.000000 1000.000000 0.717895 130.913803 -5.328567 -5.529562 0.000000 0.000000 0.696565
26200 263 121.678444 0.000000 1000.000000 1.225507 123.977669 -3.524735 0.000000 0.000000 0.000000 4.318830
26300 264 113.010300 0.000000 1000.000000 0.500241 125.000427 -5.085859 -7.404507 0.000000 0.000000 1.196513
26400 265 130.759842 0.000000 1000.000000 0.232139 131.599503 -1.071795 0.000000 0.000000 0.000000 1.707640
26500 266 226.491394 0.000000 1000.000000 1.396580 138.956085 -5.770157 91.908890 0.000000 0.000000 1.889784
26600 267 128.504547 0.000000 1000.000000 0.511351 129.312561 -1.319366 0.000000 0.000000 0.000000 1.606038
26700 268 127.490623 0.000000 1000.000000 0.262018 128.742752 -1.514153 0.000000 0.000000 0.000000 2.154812
26800 269 129.384125 0.000000 1000.000000 0.401111 130.987534 -2.004520 0.000000 0.000000 0.000000 2.322024
26900 270 148.171005 0.000000 1000.000000 2.463636 142.413834 -3.141215 6.434758 0.000000 0.000000 0.958311
27000 271 121.759583 0.000000 1000.000000 0.343768 125.384201 -3.968384 0.000000 0.000000 0.000000 1.007985
27100 272 132.240372 0.000000 1000.000000 0.901822 133.039520 -4.316563 2.615583 0.000000 0.000000 1.129727
27200 273 112.499466 0.000000 1000.000000 0.476689 114.517380 -2.494604 0.000000 0.000000 0.000000 1.201005
27300 274 120.635002 0.000000 1000.000000 1.085934 123.743736 -4.430187 0.235512 0.000000 0.000000 2.142665
27400 275 124.065788 0.000000 1000.000000 0.506060 129.003311 -3.843823 -1.599751 0.000000 0.000000 1.914213
27500 276 159.736908 0.000000 1000.000000 0.494882 135.853546 -2.096619 25.485088 0.000000 0.000000 1.354415
27600 277 101.633873 0.000000 1000.000000 0.249501 117.242752 -5.671623 -10.186758 0.000000 0.000000 0.972157
27700 278 144.096344 0.000000 1000.000000 0.617579 145.562454 -2.083702 0.000000 0.000000 0.000000 0.883036
27800 279 127.330505 0.000000 1000.000000 0.402088 127.673691 -0.745267 0.000000 0.000000 0.000000 1.913491
27900 280 114.666443 0.000000 1000.000000 0.968558 124.201736 -6.505424 -3.998432 0.000000 0.000000 1.081264
28000 281 128.689621 0.000000 1000.000000 1.753506 132.218399 -4.668035 -0.614258 0.000000 0.000000 0.640913
28100 282 127.218460 0.000000 1000.000000 0.606929 129.983612 -3.372087 0.000000 0.000000 0.000000 1.826515
28200 283 129.631348 0.000000 1000.000000 0.908404 132.608810 -3.885861 0.000000 0.000000 0.000000 0.989018
28300 284 126.942596 0.000000 1000.000000 1.277282 126.892990 -1.227675 0.000000 0.000000 0.000000 1.018023
28400 285 131.678955 0.000000 1000.000000 0.828734 131.893997 -1.043772 0.000000 0.000000 0.000000 1.418992
28500 286 132.302063 0.000000 1000.000000 0.745038 134.259201 -2.702172 0.000000 0.000000 0.000000 1.494699
28600 287 136.918167 0.000000 1000.000000 0.818902 138.260345 -2.161081 0.000000 0.000000 0.000000 1.234142
28700 288 107.703651 0.000000 1000.000000 0.858700 124.454514 -5.340160 -12.269401 0.000000 0.000000 0.767461
28800 289 134.757019 0.000000 1000.000000 2.023562 134.464584 -1.731125 0.000000 0.000000 0.000000 2.652241
28900 290 137.307053 0.000000 1000.000000 0.670836 137.964310 -1.328094 0.000000 0.000000 0.000000 1.235673
29000 291 130.934799 0.000000 1000.000000 0.278178 137.277863 -2.494455 -4.126778 0.000000 0.000000 2.238934
29100 292 120.740295 0.000000 1000.000000 0.264400 121.333809 -0.857913 0.000000 0.000000 0.000000 1.986256
29200 293 120.658463 0.000000 1000.000000 0.311800 127.115807 -3.931645 -2.837490 0.000000 0.000000 1.282080
29300 294 115.661095 0.000000 1000.000000 0.199953 120.982697 -2.444198 -3.077354 0.000000 0.000000 1.438936
29400 295 133.566360 0.000000 1000.000000 1.518444 134.515182 -2.467275 0.000000 0.000000 0.000000 1.853542
29500 296 136.433334 0.000000 1000.000000 0.323826 141.238129 -3.099471 -2.029150 0.000000 0.000000 2.072662
29600 297 138.844025 0.000000 1000.000000 0.374326 140.527176 -2.057484 0.000000 0.000000 0.000000 1.160494
29700 298 144.416733 0.000000 1000.000000 0.611708 145.259842 -1.454814 0.000000 0.000000 0.000000 2.758887
29800 299 117.353073 0.000000 1000.000000 0.704704 135.222488 -5.497219 -13.076892 0.000000 0.000000 0.523787
29900 300 141.030334 0.000000 1000.000000 0.312893 142.251038 -1.533598 0.000000 0.000000 0.000000 0.982825
30000 301 136.048355 0.000000 1000.000000 0.182603 138.180405 -2.314655 0.000000 0.000000 0.000000 1.882034
30100 302 169.085480 0.000000 1000.000000 0.753467 169.280930 -0.948912 0.000000 0.000000 0.000000 3.898884
30200 303 118.689148 0.000000 1000.000000 1.165360 126.414230 -4.731244 -4.159193 0.000000 0.000000 0.825124
30300 304 133.576797 0.000000 1000.000000 0.473298 137.964859 -1.374641 -3.486724 0.000000 0.000000 2.672574
30400 305 139.027878 0.000000 1000.000000 0.545660 143.471466 -3.283696 -1.705558 0.000000 0.000000 2.539493
30500 306 130.079453 0.000000 1000.000000 0.354327 138.633163 -4.289687 -4.618349 0.000000 0.000000 0.529697
30600 307 143.121841 0.000000 1000.000000 0.730198 144.494507 -2.102862 0.000000 0.000000 0.000000 3.337531
30700 308 140.243256 0.000000 1000.000000 0.260657 140.884384 -0.901781 0.000000 0.000000 0.000000 2.163141
30800 309 161.548050 0.000000 1000.000000 1.406324 137.591675 -6.401174 28.951216 0.000000 0.000000 0.797179
30900 310 139.169891 0.000000 1000.000000 0.222682 140.248001 -1.300793 0.000000 0.000000 0.000000 1.659589
31000 311 143.498474 0.000000 1000.000000 0.361459 147.630859 -5.596054 1.102210 0.000000 0.000000 0.812019
31100 312 119.183723 0.000000 1000.000000 0.647818 125.226479 -3.672240 -3.018330 0.000000 0.000000 2.060937
31200 313 141.615021 0.000000 1000.000000 0.840505 141.201584 -0.427062 0.000000 0.000000 0.000000 2.102256
31300 314 149.402908 0.000000 1000.000000 0.419856 151.063904 -2.080856 0.000000 0.000000 0.000000 2.627309
31400 315 139.213226 0.000000 1000.000000 0.248947 140.526688 -1.562401 0.000000 0.000000 0.000000 1.553825
31500 316 132.479462 0.000000 1000.000000 0.543476 133.084885 -1.148899 0.000000 0.000000 0.000000 4.382635
31600 317 135.998810 0.000000 1000.000000 0.279555 141.031235 -2.115320 -3.196662 0.000000 0.000000 1.544361
31700 318 131.043640 0.000000 1000.000000 0.487202 135.802414 -5.245976 0.000000 0.000000 0.000000 1.412339
31800 319 127.406265 0.000000 1000.000000 0.771545 126.634720 0.000000 0.000000 0.000000 0.000000 1.230785
31900 320 197.801636 0.000000 1000.000000 0.912056 149.678574 -4.473175 51.684174 0.000000 0.000000 0.637400
32000 321 112.361893 0.000000 1000.000000 2.013956 120.909256 -4.503058 -6.058255 0.000000 0.000000 0.528327
32100 322 120.337723 0.000000 1000.000000 0.918465 122.448524 -3.029264 0.000000 0.000000 0.000000 1.780892
32200 323 135.892029 0.000000 1000.000000 0.306994 137.106110 -1.521075 0.000000 0.000000 0.000000 1.481914
32300 324 116.702469 0.000000 1000.000000 0.477419 118.455620 -2.230571 0.000000 0.000000 0.000000 1.578496
32400 325 133.918671 0.000000 1000.000000 0.660344 134.459930 -1.201604 0.000000 0.000000 0.000000 3.142350
32500 326 151.423111 0.000000 1000.000000 0.472875 150.950241 0.000000 0.000000 0.000000 0.000000 2.733450
32600 327 141.510849 0.000000 1000.000000 0.987449 142.717453 -2.194051 0.000000 0.000000 0.000000 1.933014
32700 328 251.770218 0.000000 1000.000000 1.917197 124.563362 -1.220219 126.509880 0.000000 0.000000 1.081254
32800 329 118.119270 0.000000 1000.000000 0.845801 124.171364 -2.761406 -4.136488 0.000000 0.000000 2.091237
32900 330 130.731659 0.000000 1000.000000 0.302568 140.229996 -3.315452 -6.485458 0.000000 0.000000 1.760086
33000 331 159.546524 0.000000 1000.000000 1.326732 161.588272 -3.368481 0.000000 0.000000 0.000000 1.186452
33100 332 130.952164 0.000000 1000.000000 0.309687 137.231461 -3.029510 -3.559484 0.000000 0.000000 1.737762
33200 333 141.454681 0.000000 1000.000000 0.573570 142.126938 -1.245812 0.000000 0.000000 0.000000 1.939288
33300 334 119.324532 0.000000 1000.000000 1.765764 120.094559 -2.535791 0.000000 0.000000 0.000000 3.924489
33400 335 139.721069 0.000000 1000.000000 1.091685 141.577209 -2.947827 0.000000 0.000000 0.000000 1.745332
33500 336 133.520248 0.000000 1000.000000 0.650704 136.266922 -3.397390 0.000000 0.000000 0.000000 1.340284
33600 337 124.907570 0.000000 1000.000000 0.573316 126.182579 -1.848327 0.000000 0.000000 0.000000 2.071282
33700 338 155.660599 0.000000 1000.000000 0.780698 130.961777 -2.981501 26.899628 0.000000 0.000000 1.293211
33800 339 138.767456 0.000000 1000.000000 0.434390 125.675728 -3.083654 15.740993 0.000000 0.000000 3.122919
33900 340 129.955032 0.000000 1000.000000 0.277962 133.081345 -3.404289 0.000000 0.000000 0.000000 1.728977
34000 341 136.283142 0.000000 1000.000000 0.362403 138.305115 -2.384376 0.000000 0.000000 0.000000 1.497587
34100 342 126.910240 0.000000 1000.000000 0.289564 133.669357 -2.546510 -4.502171 0.000000 0.000000 1.710021
34200 343 128.581650 0.000000 1000.000000 1.959905 131.792130 -3.300701 -1.869673 0.000000 0.000000 1.018661
34300 344 116.354576 0.000000 1000.000000 0.814863 117.354385 -1.814672 0.000000 0.000000 0.000000 2.367035
34400 345 122.169258 0.000000 1000.000000 0.920138 124.781677 -3.532551 0.000000 0.000000 0.000000 1.206555
34500 346 138.942383 0.000000 1000.000000 0.358583 140.189850 -1.606050 0.000000 0.000000 0.000000 2.679770
34600 347 121.371223 0.000000 1000.000000 1.011861 121.140640 -0.781282 0.000000 0.000000 0.000000 3.109571
34700 348 127.248268 0.000000 1000.000000 2.067386 126.649117 -1.468240 0.000000 0.000000 0.000000 1.219089
34800 349 148.001724 0.000000 1000.000000 0.817266 147.263733 -0.079262 0.000000 0.000000 0.000000 2.043674
34900 350 135.017944 0.000000 1000.000000 1.800170 135.325653 -2.107886 0.000000 0.000000 0.000000 0.964812
35000 351 135.025589 0.000000 1000.000000 0.524921 136.978485 -2.477816 0.000000 0.000000 0.000000 1.565641
35100 352 132.080627 0.000000 1000.000000 0.432837 131.647797 0.000000 0.000000 0.000000 0.000000 2.551966
35200 353 132.819656 0.000000 1000.000000 0.402472 132.981552 -3.445615 2.881249 0.000000 0.000000 0.936648
35300 354 134.745392 0.000000 1000.000000 2.344207 133.135269 -0.734087 0.000000 0.000000 0.000000 2.757211
35400 355 129.872589 0.000000 1000.000000 0.345160 137.680161 -3.362669 -4.790053 0.000000 0.000000 1.431044
35500 356 131.375046 0.000000 1000.000000 1.500642 132.584610 -2.710198 0.000000 0.000000 0.000000 1.744016
35600 357 133.418915 0.000000 1000.000000 1.107464 134.128998 -1.817548 0.000000 0.000000 0.000000 2.777996
35700 358 116.239746 0.000000 1000.000000 0.241922 118.192276 -2.194450 0.000000 0.000000 0.000000 2.444197
35800 359 143.976929 0.000000 1000.000000 0.389900 145.841614 -2.254573 0.000000 0.000000 0.000000 2.795020
35900 360 135.058533 0.000000 1000.000000 0.982772 135.176147 -1.100385 0.000000 0.000000 0.000000 2.625656
36000 361 133.131439 0.000000 1000.000000 0.847690 134.368332 -2.084586 0.000000 0.000000 0.000000 3.442466
36100 362 126.170364 0.000000 1000.000000 0.511511 128.471252 -2.812395 0.000000 0.000000 0.000000 1.179993
36200 363 122.898193 0.000000 1000.000000 0.315364 123.916481 -1.333646 0.000000 0.000000 0.000000 2.982824
36300 364 133.681992 0.000000 1000.000000 0.669933 133.958572 -0.946522 0.000000 0.000000 0.000000 1.482846
36400 365 148.991104 0.000000 1000.000000 1.565760 148.662674 -1.237341 0.000000 0.000000 0.000000 3.893569
36500 366 147.480362 0.000000 1000.000000 1.536010 146.766800 -0.822443 0.000000 0.000000 0.000000 2.668990
36600 367 153.409561 0.000000 1000.000000 2.164432 153.659592 -2.414464 0.000000 0.000000 0.000000 1.727749
36700 368 143.213135 0.000000 1000.000000 0.471002 144.574631 -1.832498 0.000000 0.000000 0.000000 1.196934
36800 369 130.832092 0.000000 1000.000000 0.269430 132.821854 -2.259184 0.000000 0.000000 0.000000 1.754013
36900 370 135.456818 0.000000 1000.000000 0.366987 145.028549 -4.815911 -5.122799 0.000000 0.000000 1.587084
37000 371 144.426559 0.000000 1000.000000 0.488106 144.717331 -0.778880 0.000000 0.000000 0.000000 1.286153
37100 372 144.975815 0.000000 1000.000000 1.427783 144.775803 -1.227775 0.000000 0.000000 0.000000 3.890280
37200 373 142.840500 0.000000 1000.000000 0.188270 149.484924 -2.615591 -4.217101 0.000000 0.000000 2.437570
37300 374 142.232269 0.000000 1000.000000 1.882700 142.812225 -2.462656 0.000000 0.000000 0.000000 3.552499
37400 375 145.940475 0.000000 1000.000000 1.750601 145.980881 -1.790999 0.000000 0.000000 0.000000 1.984044
37500 376 135.750153 0.000000 1000.000000 0.753166 145.674454 -4.404776 -6.272703 0.000000 0.000000 1.867287
37600 377 154.849503 0.000000 1000.000000 0.835742 154.477692 -3.725187 3.261256 0.000000 0.000000 1.894854
37700 378 132.582291 0.000000 1000.000000 1.116702 131.765030 -0.299446 0.000000 0.000000 0.000000 3.922184
37800 379 127.473267 0.000000 1000.000000 0.552259 129.939056 -3.018054 0.000000 0.000000 0.000000 1.917740
37900 380 134.396240 0.000000 1000.000000 2.543704 132.348160 -0.495615 0.000000 0.000000 0.000000 3.186466
38000 381 134.569839 0.000000 1000.000000 0.227834 137.021118 -2.679111 0.000000 0.000000 0.000000 2.814003
38100 382 114.779510 0.000000 1000.000000 0.754480 117.831230 -1.267088 -2.539109 0.000000 0.000000 2.167622
38200 383 150.692917 0.000000 1000.000000 1.006084 152.843689 -3.156861 0.000000 0.000000 0.000000 2.642910
38300 384 136.177399 0.000000 1000.000000 2.351213 135.104172 -1.277983 0.000000 0.000000 0.000000 2.822113
38400 385 137.456192 0.000000 1000.000000 1.587962 138.109863 -2.241645 0.000000 0.000000 0.000000 2.894796
38500 386 131.739120 0.000000 1000.000000 1.176154 133.969574 -3.406599 0.000000 0.000000 0.000000 1.656884
38600 387 119.958939 0.000000 1000.000000 0.774679 126.837532 -3.811554 -3.841721 0.000000 0.000000 3.315636
38700 388 152.272842 0.000000 1000.000000 0.883451 151.769943 -0.380555 0.000000 0.000000 0.000000 3.464223
38800 389 135.907639 0.000000 1000.000000 0.325802 136.908768 -1.326934 0.000000 0.000000 0.000000 2.047389
38900 390 122.887413 0.000000 1000.000000 2.053038 122.827339 -1.992964 0.000000 0.000000 0.000000 2.647840
39000 391 139.261871 0.000000 1000.000000 0.888248 140.335480 -1.961852 0.000000 0.000000 0.000000 2.275695
39100 392 136.674698 0.000000 1000.000000 0.551823 137.564072 -1.441192 0.000000 0.000000 0.000000 3.053641
39200 393 148.711823 0.000000 1000.000000 0.463779 149.530960 -1.282912 0.000000 0.000000 0.000000 1.799435
39300 394 125.031021 0.000000 1000.000000 0.840598 126.041206 -1.850782 0.000000 0.000000 0.000000 3.116253
39400 395 131.175934 0.000000 1000.000000 0.248478 132.928925 -3.878028 1.876562 0.000000 0.000000 1.547938
39500 396 138.637100 0.000000 1000.000000 0.339108 139.124649 -0.826654 0.000000 0.000000 0.000000 2.925331
39600 397 126.811523 0.000000 1000.000000 0.139060 129.337143 -2.664672 0.000000 0.000000 0.000000 1.078851
39700 398 140.493790 0.000000 1000.000000 1.619206 140.012955 -1.138369 0.000000 0.000000 0.000000 1.590722
39800 399 110.187263 0.000000 1000.000000 1.832986 119.271362 -5.158010 -5.759073 0.000000 0.000000 0.776594
39900 400 120.745285 0.000000 1000.000000 2.069613 119.970421 -1.294748 0.000000 0.000000 0.000000 2.723269
40000 401 114.422966 0.000000 1000.000000 1.351040 120.765556 -4.281319 -3.412316 0.000000 0.000000 0.901830
40100 402 144.429779 0.000000 1000.000000 0.455978 146.508606 -2.534802 0.000000 0.000000 0.000000 1.229049
40200 403 124.604698 0.000000 1000.000000 1.353061 124.795242 -1.543600 0.000000 0.000000 0.000000 3.875086
40300 404 118.791237 0.000000 1000.000000 0.653153 128.708405 -4.558942 -6.011375 0.000000 0.000000 1.399360
40400 405 132.693756 0.000000 1000.000000 0.310876 132.690201 -4.679403 4.372069 0.000000 0.000000 0.742388
40500 406 132.790649 0.000000 1000.000000 0.799755 134.929337 -2.938446 0.000000 0.000000 0.000000 2.051206
40600 407 132.826401 0.000000 1000.000000 0.440761 133.755966 -1.370331 0.000000 0.000000 0.000000 1.834380
40700 408 121.871376 0.000000 1000.000000 0.523631 128.401047 -5.230738 -1.822567 0.000000 0.000000 1.425185
40800 409 158.873215 0.000000 1000.000000 1.719688 158.659561 -1.506025 0.000000 0.000000 0.000000 1.823865
40900 410 143.930466 0.000000 1000.000000 0.919105 145.733429 -2.722054 0.000000 0.000000 0.000000 1.898554
41000 411 122.109688 0.000000 1000.000000 0.228048 123.743858 -1.862217 0.000000 0.000000 0.000000 2.552859
41100 412 137.505936 0.000000 1000.000000 1.160749 137.029633 -0.684455 0.000000 0.000000 0.000000 3.037831
41200 413 143.660736 0.000000 1000.000000 1.153533 147.075317 -3.652089 -0.916025 0.000000 0.000000 1.991373
41300 414 153.799423 0.000000 1000.000000 2.456271 152.627502 -1.284353 0.000000 0.000000 0.000000 4.079286
41400 415 136.372757 0.000000 1000.000000 0.279734 137.838379 -1.745357 0.000000 0.000000 0.000000 2.703461
41500 416 137.872498 0.000000 1000.000000 0.466978 139.840454 -2.434936 0.000000 0.000000 0.000000 1.286655
41600 417 151.718933 0.000000 1000.000000 0.590929 125.241203 -2.777018 28.663822 0.000000 0.000000 3.048521
41700 418 143.712357 0.000000 1000.000000 0.415799 147.944824 -1.498504 -3.149768 0.000000 0.000000 3.030745
41800 419 132.485550 0.000000 1000.000000 0.773643 138.209930 -3.115160 -3.382858 0.000000 0.000000 1.306594
41900 420 121.353760 0.000000 1000.000000 0.620173 122.492645 -1.759053 0.000000 0.000000 0.000000 1.400428
42000 421 129.914978 0.000000 1000.000000 0.707661 131.763977 -2.556660 0.000000 0.000000 0.000000 2.014301
42100 422 132.283371 0.000000 1000.000000 1.083558 134.597580 -3.397772 0.000000 0.000000 0.000000 3.532635
42200 423 143.587357 0.000000 1000.000000 0.432476 146.223618 -3.068738 0.000000 0.000000 0.000000 1.104653
42300 424 113.423073 0.000000 1000.000000 1.218301 112.204773 0.000000 0.000000 0.000000 0.000000 1.879821
42400 425 137.427017 0.000000 1000.000000 1.094234 136.332779 0.000000 0.000000 0.000000 0.000000 1.850509
42500 426 135.267380 0.000000 1000.000000 1.777275 136.965408 -3.475291 0.000000 0.000000 0.000000 0.794717
42600 427 151.177170 0.000000 1000.000000 0.935303 153.593719 -3.351851 0.000000 0.000000 0.000000 2.031843
42700 428 144.091721 0.000000 1000.000000 0.755600 146.469940 -3.133826 0.000000 0.000000 0.000000 0.916151
42800 429 142.253128 0.000000 1000.000000 1.203430 149.646057 -6.751380 -1.844989 0.000000 0.000000 1.076896
42900 430 145.501541 0.000000 1000.000000 0.401960 151.357254 -3.211572 -3.046096 0.000000 0.000000 1.024752
43000 431 135.646057 0.000000 1000.000000 0.370501 136.096497 -0.820936 0.000000 0.000000 0.000000 3.508305
43100 432 155.244598 0.000000 1000.000000 0.337326 162.550003 -3.534928 -4.107800 0.000000 0.000000 0.905478
43200 433 137.089050 0.000000 1000.000000 0.277628 149.755310 -5.606183 -7.337705 0.000000 0.000000 2.547732
43300 434 144.244263 0.000000 1000.000000 0.353395 145.568741 -1.677872 0.000000 0.000000 0.000000 2.016225
43400 435 145.594421 0.000000 1000.000000 0.296770 146.483627 -1.185970 0.000000 0.000000 0.000000 1.965228
43500 436 150.942657 0.000000 1000.000000 0.848243 160.332794 -4.889596 -5.348778 0.000000 0.000000 1.454485
43600 437 132.808044 0.000000 1000.000000 0.227011 135.372742 -2.791708 0.000000 0.000000 0.000000 2.302743
43700 438 130.600510 0.000000 1000.000000 0.500406 130.100098 0.000000 0.000000 0.000000 0.000000 1.633062
43800 439 136.324387 0.000000 1000.000000 0.563949 138.784454 -3.024014 0.000000 0.000000 0.000000 1.566842
43900 440 131.815018 0.000000 1000.000000 1.996874 132.984131 -3.165983 0.000000 0.000000 0.000000 2.136684
44000 441 119.740318 0.000000 1000.000000 2.669494 124.788826 -3.591874 -4.126127 0.000000 0.000000 3.373557
44100 442 131.030365 0.000000 1000.000000 0.330927 130.699432 0.000000 0.000000 0.000000 0.000000 3.661349
44200 443 125.307121 0.000000 1000.000000 0.559102 127.333336 -2.585316 0.000000 0.000000 0.000000 1.616590
44300 444 132.485764 0.000000 1000.000000 0.638244 132.585648 -0.738121 0.000000 0.000000 0.000000 2.641859
44400 445 126.281593 0.000000 1000.000000 0.338418 127.576187 -1.633011 0.000000 0.000000 0.000000 1.149212
44500 446 114.511230 0.000000 1000.000000 0.966335 114.671432 -1.126534 0.000000 0.000000 0.000000 2.945503
44600 447 117.115646 0.000000 1000.000000 0.269892 123.698914 -5.002054 -1.851102 0.000000 0.000000 1.341401
44700 448 148.304474 0.000000 1000.000000 0.323967 155.044739 -3.911390 -3.152854 0.000000 0.000000 0.581413
44800 449 124.390366 0.000000 1000.000000 1.243610 128.046555 -4.899792 0.000000 0.000000 0.000000 0.472400
44900 450 136.674728 0.000000 1000.000000 0.283853 139.441925 -3.051050 0.000000 0.000000 0.000000 0.892159
45000 451 135.281479 0.000000 1000.000000 0.626541 137.927170 -3.272239 0.000000 0.000000 0.000000 1.663272
45100 452 125.789734 0.000000 1000.000000 0.563225 131.918182 -4.292485 -2.399201 0.000000 0.000000 0.820936
45200 453 136.307602 0.000000 1000.000000 1.086515 135.453308 -3.084362 2.852148 0.000000 0.000000 2.232778
45300 454 138.180969 0.000000 1000.000000 1.651771 137.536072 -1.006873 0.000000 0.000000 0.000000 1.365761
45400 455 133.344376 0.000000 1000.000000 0.589358 135.698746 -2.943721 0.000000 0.000000 0.000000 0.761870
45500 456 136.574829 0.000000 1000.000000 1.577971 135.931931 -0.935073 0.000000 0.000000 0.000000 2.126180
45600 457 144.976044 0.000000 1000.000000 1.281546 146.537796 -2.843299 0.000000 0.000000 0.000000 1.461985
45700 458 142.159836 0.000000 1000.000000 0.634464 144.370285 -2.844907 0.000000 0.000000 0.000000 1.378688
45800 459 132.498657 0.000000 1000.000000 0.277877 129.936020 -4.354763 6.639527 0.000000 0.000000 3.201127
45900 460 145.169647 0.000000 1000.000000 0.427589 144.742065 0.000000 0.000000 0.000000 0.000000 3.358989
46000 461 135.654907 0.000000 1000.000000 0.614312 137.721298 -2.680708 0.000000 0.000000 0.000000 1.796609
46100 462 123.639908 0.000000 1000.000000 1.627159 128.242798 -3.089286 -3.140751 0.000000 0.000000 1.720092
46200 463 124.319626 0.000000 1000.000000 0.504001 124.718895 -0.903266 0.000000 0.000000 0.000000 3.294329
46300 464 141.759644 0.000000 1000.000000 0.554021 141.444107 -0.238479 0.000000 0.000000 0.000000 2.772804
46400 465 126.084854 0.000000 1000.000000 0.416468 125.668388 0.000000 0.000000 0.000000 0.000000 5.201989
46500 466 128.234573 0.000000 1000.000000 0.754797 130.378510 -1.751686 -1.147047 0.000000 0.000000 4.575193
46600 467 133.170151 0.000000 1000.000000 1.703457 134.135925 -2.669232 0.000000 0.000000 0.000000 1.272136
46700 468 148.202957 0.000000 1000.000000 0.374101 149.108749 -1.279896 0.000000 0.000000 0.000000 1.193499
46800 469 137.330414 0.000000 1000.000000 0.699113 137.178055 -0.546748 0.000000 0.000000 0.000000 3.193741
46900 470 137.367477 0.000000 1000.000000 0.696727 143.162903 -1.783110 -4.709042 0.000000 0.000000 2.192253
47000 471 135.236084 0.000000 1000.000000 1.732906 138.397278 -3.837522 -1.056584 0.000000 0.000000 3.653205
47100 472 141.050186 0.000000 1000.000000 1.423160 139.318985 -4.135001 4.443042 0.000000 0.000000 2.760104
47200 473 136.168716 0.000000 1000.000000 0.591733 135.967163 -0.390189 0.000000 0.000000 0.000000 4.602860
47300 474 138.571503 0.000000 1000.000000 0.242951 141.320236 -1.564650 -1.427026 0.000000 0.000000 2.577557
47400 475 118.057976 0.000000 1000.000000 0.208099 133.413574 -5.240309 -10.323385 0.000000 0.000000 0.897833
47500 476 151.877853 0.000000 1000.000000 1.123493 152.025192 -1.270831 0.000000 0.000000 0.000000 1.783358
47600 477 133.504471 0.000000 1000.000000 0.549309 136.428238 -3.473070 0.000000 0.000000 0.000000 3.213076
47700 478 137.520447 0.000000 1000.000000 0.971232 139.008438 -1.244189 -1.215036 0.000000 0.000000 3.319983
47800 479 130.903412 0.000000 1000.000000 1.416240 134.036026 -2.832196 -1.716654 0.000000 0.000000 3.963065
47900 480 147.690018 0.000000 1000.000000 0.377318 150.702713 -1.964038 -1.425982 0.000000 0.000000 2.672527
48000 481 135.755798 0.000000 1000.000000 0.507479 136.015350 -0.767027 0.000000 0.000000 0.000000 3.142757
48100 482 188.184662 0.000000 1000.000000 0.997708 169.807999 -3.324690 20.703642 0.000000 0.000000 1.802833
48200 483 140.353271 0.000000 1000.000000 0.415666 142.158142 -2.220535 0.000000 0.000000 0.000000 2.725216
48300 484 144.642639 0.000000 1000.000000 2.732817 142.448639 -0.538819 0.000000 0.000000 0.000000 1.667029
48400 485 150.997452 0.000000 1000.000000 0.282130 151.214462 -0.499143 0.000000 0.000000 0.000000 1.729808
48500 486 151.413422 0.000000 1000.000000 1.569832 150.830063 -0.986481 0.000000 0.000000 0.000000 2.212644
48600 487 178.193634 0.000000 1000.000000 0.886684 131.136597 -4.490535 50.660881 0.000000 0.000000 1.878320
48700 488 146.734024 0.000000 1000.000000 0.527043 146.785919 -3.095568 2.516638 0.000000 0.000000 2.229843
48800 489 202.102051 0.000000 1000.000000 1.869361 141.120071 -5.036999 64.149628 0.000000 0.000000 3.051144
48900 490 133.079880 0.000000 1000.000000 0.765062 143.602310 -4.633530 -6.653959 0.000000 0.000000 0.840097
49000 491 135.137970 0.000000 1000.000000 0.868552 136.955795 -2.686372 0.000000 0.000000 0.000000 2.618109
49100 492 133.923203 0.000000 1000.000000 1.383005 138.947723 -3.218096 -3.189432 0.000000 0.000000 1.480817
49200 493 135.228683 0.000000 1000.000000 0.620973 138.899246 -4.291529 0.000000 0.000000 0.000000 0.963490
49300 494 218.026215 0.000000 1000.000000 1.279945 156.414413 -7.989264 68.321121 0.000000 0.000000 0.868185
49400 495 167.865555 0.000000 1000.000000 0.459229 170.380417 -2.974087 0.000000 0.000000 0.000000 1.256873
49500 496 127.335182 0.000000 1000.000000 0.324359 128.988998 -1.978171 0.000000 0.000000 0.000000 2.377587
49600 497 184.492874 0.000000 1000.000000 0.796180 141.251038 -1.199304 43.644970 0.000000 0.000000 2.473236
49700 498 131.696075 0.000000 1000.000000 0.337606 138.187820 -2.733577 -4.095765 0.000000 0.000000 3.290049
49800 499 145.849365 0.000000 1000.000000 2.142902 147.550552 -1.555480 -2.288607 0.000000 0.000000 2.488092
49900 500 142.843307 0.000000 1000.000000 0.718262 144.968170 -1.186051 -1.657068 0.000000 0.000000 3.532485
50000 501 124.659241 0.000000 1000.000000 0.301612 130.359482 -3.130590 -2.871256 0.000000 0.000000 2.280075
