1 1 205.666290 0.000000 1000.000000 2.497401 210.501831 -0.454263 -6.878671 0.000000 0.000000 13.730433
100 2 154.921371 0.000000 1000.000000 0.549914 160.947327 -0.642565 -5.933303 0.000000 0.000000 5.567314
200 3 167.001846 0.000000 1000.000000 1.104860 166.414124 -0.517132 0.000000 0.000000 0.000000 5.019660
300 4 163.566528 0.000000 1000.000000 0.132078 163.655487 -0.221038 0.000000 0.000000 0.000000 5.347530
400 5 152.396255 0.000000 1000.000000 0.504460 153.191544 -1.299742 0.000000 0.000000 0.000000 6.774457
500 6 141.712509 0.000000 1000.000000 0.613743 142.895828 -0.576873 -1.220185 0.000000 0.000000 5.458946
600 7 144.489273 0.000000 1000.000000 0.576822 145.449539 -1.537092 0.000000 0.000000 0.000000 3.768963
700 8 146.489258 0.000000 1000.000000 0.341976 146.147278 0.000000 0.000000 0.000000 0.000000 4.587887
800 9 147.053528 0.000000 1000.000000 0.819266 146.372131 -0.137869 0.000000 0.000000 0.000000 4.061364
900 10 163.051819 0.000000 1000.000000 1.471747 161.902451 -0.322379 0.000000 0.000000 0.000000 2.673851
1000 11 151.679977 0.000000 1000.000000 0.603938 151.342209 -0.266180 0.000000 0.000000 0.000000 2.618763
1100 12 154.316742 0.000000 1000.000000 0.370625 153.946121 0.000000 0.000000 0.000000 0.000000 3.687149
1200 13 159.662003 0.000000 1000.000000 0.365165 159.296844 0.000000 0.000000 0.000000 0.000000 2.794091
1300 14 150.128784 0.000000 1000.000000 0.344164 149.875092 -0.090474 0.000000 0.000000 0.000000 4.132281
1400 15 153.568756 0.000000 1000.000000 0.309752 153.259003 0.000000 0.000000 0.000000 0.000000 4.780237
1500 16 143.670090 0.000000 1000.000000 0.937110 143.777679 -1.044691 0.000000 0.000000 0.000000 4.168526
1600 17 140.336609 0.000000 1000.000000 0.683511 139.994644 -0.341553 0.000000 0.000000 0.000000 3.916081
1700 18 131.587051 0.000000 1000.000000 0.846476 131.191574 -0.451003 0.000000 0.000000 0.000000 3.665564
1800 19 138.059280 0.000000 1000.000000 0.997797 137.318039 -0.256563 0.000000 0.000000 0.000000 3.629647
1900 20 145.392914 0.000000 1000.000000 0.507316 145.468369 -0.582766 0.000000 0.000000 0.000000 5.288666
2000 21 129.522339 0.000000 1000.000000 0.464677 129.250488 -0.192820 0.000000 0.000000 0.000000 4.886029
2100 22 139.591995 0.000000 1000.000000 0.770285 138.821716 0.000000 0.000000 0.000000 0.000000 7.156143
2200 23 155.302460 0.000000 1000.000000 0.445778 155.890076 -1.033384 0.000000 0.000000 0.000000 3.396391
2300 24 149.240097 0.000000 1000.000000 1.119555 148.399643 -0.279097 0.000000 0.000000 0.000000 3.800562
2400 25 151.936661 0.000000 1000.000000 0.760457 151.277359 -0.101144 0.000000 0.000000 0.000000 3.926441
2500 26 130.594116 0.000000 1000.000000 0.908741 129.685379 0.000000 0.000000 0.000000 0.000000 2.705085
2600 27 129.691208 0.000000 1000.000000 0.800493 129.880936 -0.990212 0.000000 0.000000 0.000000 4.344179
2700 28 148.937714 0.000000 1000.000000 0.698159 148.273346 -0.033805 0.000000 0.000000 0.000000 5.319177
2800 29 158.710297 0.000000 1000.000000 0.417115 159.195251 -0.902062 0.000000 0.000000 0.000000 1.746278
2900 30 145.292587 0.000000 1000.000000 0.293489 146.055649 -1.056554 0.000000 0.000000 0.000000 2.241942
3000 31 149.349686 0.000000 1000.000000 1.676893 136.871475 -3.702332 14.503646 0.000000 0.000000 2.048007
3100 32 138.075424 0.000000 1000.000000 0.559015 138.674423 -1.158025 0.000000 0.000000 0.000000 3.206149
3200 33 119.261650 0.000000 1000.000000 0.218994 121.066399 -2.023744 0.000000 0.000000 0.000000 2.876173
3300 34 126.879723 0.000000 1000.000000 0.287395 127.917908 -1.325587 0.000000 0.000000 0.000000 4.161602
3400 35 134.086929 0.000000 1000.000000 1.233868 132.853058 0.000000 0.000000 0.000000 0.000000 3.145393
3500 36 133.248062 0.000000 1000.000000 1.306834 134.313934 -0.737188 -1.635527 0.000000 0.000000 5.502649
3600 37 136.569168 0.000000 1000.000000 0.208841 137.213074 -0.852758 0.000000 0.000000 0.000000 3.814650
3700 38 147.862823 0.000000 1000.000000 0.439722 147.524872 -0.101777 0.000000 0.000000 0.000000 6.473190
3800 39 141.971283 0.000000 1000.000000 0.728278 141.243011 0.000000 0.000000 0.000000 0.000000 3.623970
3900 40 136.524979 0.000000 1000.000000 0.408897 136.287430 -0.171334 0.000000 0.000000 0.000000 5.375155
4000 41 134.958618 0.000000 1000.000000 0.357298 140.194489 -2.053063 -3.540095 0.000000 0.000000 3.394080
4100 42 136.461395 0.000000 1000.000000 0.589642 136.952728 -1.080976 0.000000 0.000000 0.000000 3.557709
4200 43 144.432663 0.000000 1000.000000 0.970693 144.381042 -0.919062 0.000000 0.000000 0.000000 5.558641
4300 44 133.106522 0.000000 1000.000000 1.075935 134.059570 -2.028978 0.000000 0.000000 0.000000 3.007816
4400 45 135.662735 0.000000 1000.000000 0.554237 136.194565 -1.086066 0.000000 0.000000 0.000000 4.000765
4500 46 144.814941 0.000000 1000.000000 0.726534 145.638596 -1.550192 0.000000 0.000000 0.000000 4.261269
4600 47 149.041565 0.000000 1000.000000 1.876802 147.979019 -0.814254 0.000000 0.000000 0.000000 2.590037
4700 48 165.999054 0.000000 1000.000000 0.505054 166.991943 -1.497940 0.000000 0.000000 0.000000 3.525097
4800 49 124.460938 0.000000 1000.000000 0.296610 129.928085 -2.744801 -3.018969 0.000000 0.000000 2.453985
4900 50 130.834579 0.000000 1000.000000 0.787842 135.136353 -2.787308 -2.302302 0.000000 0.000000 2.570497
5000 51 153.681732 0.000000 1000.000000 0.740072 154.355255 -1.413589 0.000000 0.000000 0.000000 2.177437
5100 52 142.459274 0.000000 1000.000000 1.297271 141.162003 0.000000 0.000000 0.000000 0.000000 2.232265
5200 53 136.353394 0.000000 1000.000000 0.823706 138.687744 -0.782780 -2.375274 0.000000 0.000000 3.010788
5300 54 145.424881 0.000000 1000.000000 0.486497 145.791397 -0.853016 0.000000 0.000000 0.000000 3.278346
5400 55 151.169937 0.000000 1000.000000 0.514550 151.461884 -0.806510 0.000000 0.000000 0.000000 3.063871
5500 56 152.398849 0.000000 1000.000000 0.777594 152.778564 -1.157304 0.000000 0.000000 0.000000 1.755698
5600 57 173.873657 0.000000 1000.000000 0.501286 160.135605 -2.290677 15.527453 0.000000 0.000000 3.174948
5700 58 170.622711 0.000000 1000.000000 0.628752 173.375885 -3.381923 0.000000 0.000000 0.000000 2.999918
5800 59 143.563034 0.000000 1000.000000 0.269416 143.982895 -0.689265 0.000000 0.000000 0.000000 2.920949
5900 60 160.833267 0.000000 1000.000000 2.143919 158.689346 0.000000 0.000000 0.000000 0.000000 3.021698
6000 61 150.809540 0.000000 1000.000000 1.042371 150.574539 -0.807377 0.000000 0.000000 0.000000 3.673050
6100 62 135.885712 0.000000 1000.000000 0.350183 137.464951 -1.929434 0.000000 0.000000 0.000000 3.727933
6200 63 146.015503 0.000000 1000.000000 0.962277 147.090652 -2.037424 0.000000 0.000000 0.000000 2.570588
6300 64 157.751389 0.000000 1000.000000 0.257307 157.494080 0.000000 0.000000 0.000000 0.000000 4.034621
6400 65 156.558029 0.000000 1000.000000 0.680670 157.514145 -1.636781 0.000000 0.000000 0.000000 3.066819
6500 66 142.108246 0.000000 1000.000000 0.518765 141.589478 0.000000 0.000000 0.000000 0.000000 4.125670
6600 67 140.414444 0.000000 1000.000000 0.193420 139.270294 -2.614800 3.565531 0.000000 0.000000 4.343990
6700 68 149.242340 0.000000 1000.000000 0.244483 150.032166 -1.034309 0.000000 0.000000 0.000000 3.241729
6800 69 139.286774 0.000000 1000.000000 0.390505 140.687485 -1.791218 0.000000 0.000000 0.000000 4.069692
6900 70 148.378159 0.000000 1000.000000 0.296966 149.272308 -1.191121 0.000000 0.000000 0.000000 5.131687
7000 71 144.437576 0.000000 1000.000000 0.451141 144.928223 -0.941783 0.000000 0.000000 0.000000 4.516699
7100 72 124.828011 0.000000 1000.000000 0.684644 126.259529 -0.905345 -1.210819 0.000000 0.000000 4.701984
7200 73 159.255859 0.000000 1000.000000 1.669830 158.698166 -1.112141 0.000000 0.000000 0.000000 3.054264
7300 74 130.320419 0.000000 1000.000000 0.317243 136.461349 -1.976110 -4.482075 0.000000 0.000000 3.773580
7400 75 139.277237 0.000000 1000.000000 0.347022 139.722809 -0.792589 0.000000 0.000000 0.000000 3.267711
7500 76 164.043854 0.000000 1000.000000 0.406823 167.266403 -1.269490 -2.359901 0.000000 0.000000 4.161271
7600 77 138.708176 0.000000 1000.000000 0.506173 141.507263 -2.348314 -0.956960 0.000000 0.000000 3.450826
7700 78 132.038528 0.000000 1000.000000 0.552729 131.485794 0.000000 0.000000 0.000000 0.000000 5.487514
7800 79 139.570068 0.000000 1000.000000 2.183504 141.280579 -1.898183 -1.995830 0.000000 0.000000 2.320032
7900 80 151.299271 0.000000 1000.000000 2.499528 148.799744 0.000000 0.000000 0.000000 0.000000 2.903411
8000 81 137.247833 0.000000 1000.000000 0.793410 140.081177 -2.399492 -1.227258 0.000000 0.000000 2.030350
8100 82 147.501770 0.000000 1000.000000 0.159506 147.342270 0.000000 0.000000 0.000000 0.000000 2.025348
8200 83 133.144760 0.000000 1000.000000 0.689935 139.514648 -3.916773 -3.143053 0.000000 0.000000 1.815529
8300 84 125.590027 0.000000 1000.000000 1.735969 123.854057 0.000000 0.000000 0.000000 0.000000 3.277211
8400 85 143.836426 0.000000 1000.000000 0.946978 142.889450 0.000000 0.000000 0.000000 0.000000 2.668584
8500 86 143.942734 0.000000 1000.000000 0.692632 147.066116 -1.846852 -1.969154 0.000000 0.000000 3.888124
8600 87 129.583374 0.000000 1000.000000 0.381783 130.360748 -1.159158 0.000000 0.000000 0.000000 4.327323
8700 88 142.530319 0.000000 1000.000000 1.907570 142.544098 -1.365126 -0.556208 0.000000 0.000000 3.827253
8800 89 136.723679 0.000000 1000.000000 1.276469 136.281540 -0.834331 0.000000 0.000000 0.000000 3.205614
8900 90 130.200806 0.000000 1000.000000 0.307071 130.905670 -1.011934 0.000000 0.000000 0.000000 2.608247
9000 91 146.695694 0.000000 1000.000000 0.592650 149.250961 -3.147914 0.000000 0.000000 0.000000 1.739822
9100 92 133.786880 0.000000 1000.000000 1.254017 133.103973 -0.571106 0.000000 0.000000 0.000000 2.737352
9200 93 136.053223 0.000000 1000.000000 0.317155 136.532578 -0.796507 0.000000 0.000000 0.000000 5.001916
9300 94 157.727081 0.000000 1000.000000 1.644251 157.891891 -1.809071 0.000000 0.000000 0.000000 3.340703
9400 95 141.169052 0.000000 1000.000000 0.602033 141.468781 -0.901760 0.000000 0.000000 0.000000 2.996642
9500 96 134.532196 0.000000 1000.000000 0.731316 133.800873 0.000000 0.000000 0.000000 0.000000 3.360341
9600 97 118.070236 0.000000 1000.000000 0.418299 127.976143 -4.518507 -5.805696 0.000000 0.000000 1.631039
9700 98 156.368195 0.000000 1000.000000 1.310060 125.709351 -2.321105 31.669884 0.000000 0.000000 1.567576
9800 99 138.416077 0.000000 1000.000000 0.373785 141.414780 -1.725596 -1.646880 0.000000 0.000000 2.399093
9900 100 125.258499 0.000000 1000.000000 0.736667 125.436348 -0.914512 0.000000 0.000000 0.000000 3.487495
10000 101 128.104141 0.000000 1000.000000 0.531763 129.818588 -2.246222 0.000000 0.000000 0.000000 3.061561
10100 102 135.924667 0.000000 1000.000000 1.427473 134.497192 0.000000 0.000000 0.000000 0.000000 4.877379
10200 103 130.239746 0.000000 1000.000000 0.269339 132.562180 -2.591763 0.000000 0.000000 0.000000 2.432321
10300 104 145.250000 0.000000 1000.000000 0.993723 144.256271 0.000000 0.000000 0.000000 0.000000 5.675749
10400 105 129.557220 0.000000 1000.000000 0.670031 128.887192 0.000000 0.000000 0.000000 0.000000 4.201895
10500 106 159.165939 0.000000 1000.000000 0.345442 161.717117 -2.896619 0.000000 0.000000 0.000000 2.086125
10600 107 142.741562 0.000000 1000.000000 2.549540 140.192017 0.000000 0.000000 0.000000 0.000000 4.625843
10700 108 143.927048 0.000000 1000.000000 0.467934 146.366745 -2.216156 -0.691489 0.000000 0.000000 1.044422
10800 109 139.618118 0.000000 1000.000000 0.406122 144.792282 -2.758784 -2.821497 0.000000 0.000000 2.063968
10900 110 163.542862 0.000000 1000.000000 0.860198 163.935486 -1.252828 0.000000 0.000000 0.000000 1.723800
11000 111 136.101013 0.000000 1000.000000 1.077447 135.743362 -0.719798 0.000000 0.000000 0.000000 2.206355
11100 112 156.531845 0.000000 1000.000000 0.747608 158.187592 -2.403352 0.000000 0.000000 0.000000 2.970786
11200 113 144.262970 0.000000 1000.000000 0.297326 146.588867 -1.917085 -0.706150 0.000000 0.000000 2.247092
11300 114 154.403107 0.000000 1000.000000 1.579076 153.482544 -0.658508 0.000000 0.000000 0.000000 2.008870
11400 115 143.478317 0.000000 1000.000000 1.408028 143.141281 -1.070991 0.000000 0.000000 0.000000 3.722193
11500 116 142.649323 0.000000 1000.000000 1.662531 142.721680 -1.734894 0.000000 0.000000 0.000000 2.962338
11600 117 147.495850 0.000000 1000.000000 1.508017 146.684296 -0.696463 0.000000 0.000000 0.000000 4.058308
11700 118 136.978867 0.000000 1000.000000 0.640360 136.338501 0.000000 0.000000 0.000000 0.000000 3.163810
11800 119 153.711929 0.000000 1000.000000 2.463900 152.279022 -1.030987 0.000000 0.000000 0.000000 2.975520
11900 120 169.224716 0.000000 1000.000000 0.624087 175.415344 -2.974758 -3.839951 0.000000 0.000000 2.300630
12000 121 157.881866 0.000000 1000.000000 0.443770 157.948212 -0.510110 0.000000 0.000000 0.000000 1.937805
12100 122 124.821152 0.000000 1000.000000 0.231143 125.575607 -0.640550 -0.345048 0.000000 0.000000 4.255009
12200 123 152.664871 0.000000 1000.000000 1.006502 151.658371 0.000000 0.000000 0.000000 0.000000 3.383261
12300 124 154.227493 0.000000 1000.000000 1.055765 153.707123 -0.535401 0.000000 0.000000 0.000000 2.546932
12400 125 147.348969 0.000000 1000.000000 1.990370 154.765167 -4.599151 -4.807419 0.000000 0.000000 1.777832
12500 126 143.862762 0.000000 1000.000000 0.622069 144.340561 -1.099875 0.000000 0.000000 0.000000 2.706515
12600 127 149.589798 0.000000 1000.000000 0.877693 149.653976 -0.941861 0.000000 0.000000 0.000000 2.128156
12700 128 136.876602 0.000000 1000.000000 0.130548 137.745850 -0.999804 0.000000 0.000000 0.000000 3.054603
12800 129 130.166626 0.000000 1000.000000 1.045818 134.597977 -1.358520 -4.118655 0.000000 0.000000 3.371922
12900 130 128.876907 0.000000 1000.000000 1.140579 127.736320 0.000000 0.000000 0.000000 0.000000 3.469051
13000 131 141.161743 0.000000 1000.000000 0.315327 135.698532 -1.453912 6.601810 0.000000 0.000000 4.290948
13100 132 120.679886 0.000000 1000.000000 0.914883 120.203148 -0.438148 0.000000 0.000000 0.000000 2.458274
13200 133 133.107925 0.000000 1000.000000 3.200269 131.248917 -1.341263 0.000000 0.000000 0.000000 2.220712
13300 134 141.835251 0.000000 1000.000000 0.763155 145.409561 -1.676634 -2.660825 0.000000 0.000000 2.023047
13400 135 138.849442 0.000000 1000.000000 0.339098 138.871933 -0.361587 0.000000 0.000000 0.000000 3.158950
13500 136 123.904434 0.000000 1000.000000 0.458102 124.416702 -0.970365 0.000000 0.000000 0.000000 3.103559
13600 137 139.352676 0.000000 1000.000000 1.253647 138.671265 -0.572233 0.000000 0.000000 0.000000 3.404571
13700 138 137.846466 0.000000 1000.000000 0.727053 140.908920 -2.187144 -1.602358 0.000000 0.000000 3.122540
13800 139 134.326462 0.000000 1000.000000 1.042105 134.791901 -1.507537 0.000000 0.000000 0.000000 2.956711
13900 140 127.946091 0.000000 1000.000000 0.712177 132.231277 -2.159380 -2.837982 0.000000 0.000000 3.251751
14000 141 133.463913 0.000000 1000.000000 0.135601 134.729843 -1.401533 0.000000 0.000000 0.000000 2.995030
14100 142 147.492935 0.000000 1000.000000 0.372061 148.717270 -1.596387 0.000000 0.000000 0.000000 2.320394
14200 143 143.371460 0.000000 1000.000000 1.293197 142.330383 -0.252123 0.000000 0.000000 0.000000 4.033279
14300 144 127.491203 0.000000 1000.000000 0.508508 127.583862 -0.601174 0.000000 0.000000 0.000000 3.931201
14400 145 138.227600 0.000000 1000.000000 1.314063 136.913544 0.000000 0.000000 0.000000 0.000000 5.478599
14500 146 132.929413 0.000000 1000.000000 1.024863 135.397308 -1.952986 -1.539760 0.000000 0.000000 4.291065
14600 147 145.964279 0.000000 1000.000000 1.780029 147.829742 -1.980975 -1.664520 0.000000 0.000000 2.674039
14700 148 136.800232 0.000000 1000.000000 1.133071 136.717224 -1.050064 0.000000 0.000000 0.000000 3.821754
14800 149 126.591110 0.000000 1000.000000 0.408629 127.622627 -1.440136 0.000000 0.000000 0.000000 2.528852
14900 150 134.057297 0.000000 1000.000000 0.763000 134.238342 -0.944045 0.000000 0.000000 0.000000 2.737153
15000 151 140.362000 0.000000 1000.000000 0.606595 144.980988 -1.862952 -3.362643 0.000000 0.000000 2.441564
15100 152 139.984024 0.000000 1000.000000 0.235413 139.090210 -1.518948 2.177352 0.000000 0.000000 2.847414
15200 153 143.963989 0.000000 1000.000000 0.571529 143.392456 0.000000 0.000000 0.000000 0.000000 3.749652
15300 154 135.807526 0.000000 1000.000000 1.381818 135.499115 -1.073405 0.000000 0.000000 0.000000 1.737872
15400 155 143.272995 0.000000 1000.000000 0.847731 143.294754 -0.869495 0.000000 0.000000 0.000000 2.034083
15500 156 151.675491 0.000000 1000.000000 0.316142 141.591232 -1.889380 11.657486 0.000000 0.000000 1.502759
15600 157 153.511566 0.000000 1000.000000 0.393454 153.118118 0.000000 0.000000 0.000000 0.000000 3.427638
15700 158 128.097672 0.000000 1000.000000 0.720208 136.469879 -2.724001 -6.368424 0.000000 0.000000 2.612043
15800 159 129.570892 0.000000 1000.000000 0.333728 135.253448 -2.050660 -3.965617 0.000000 0.000000 2.480569
15900 160 122.901291 0.000000 1000.000000 0.378423 123.047775 -0.524910 0.000000 0.000000 0.000000 3.587264
16000 161 135.968597 0.000000 1000.000000 1.170990 134.797607 0.000000 0.000000 0.000000 0.000000 3.045178
16100 162 156.354645 0.000000 1000.000000 0.400965 156.804932 -0.851262 0.000000 0.000000 0.000000 3.995884
16200 163 136.503906 0.000000 1000.000000 0.344899 136.159012 0.000000 0.000000 0.000000 0.000000 2.779491
16300 164 137.093964 0.000000 1000.000000 3.666130 134.584106 -1.156277 0.000000 0.000000 0.000000 3.208422
16400 165 137.815277 0.000000 1000.000000 0.408148 138.506226 -1.099097 0.000000 0.000000 0.000000 2.266970
16500 166 136.001526 0.000000 1000.000000 0.497416 135.802765 -0.298663 0.000000 0.000000 0.000000 3.867835
16600 167 118.347260 0.000000 1000.000000 0.253820 131.753082 -4.039792 -9.619842 0.000000 0.000000 1.869353
16700 168 125.725220 0.000000 1000.000000 0.694519 127.568459 -1.515002 -1.022768 0.000000 0.000000 1.657660
16800 169 141.085602 0.000000 1000.000000 3.204860 138.333099 -0.452358 0.000000 0.000000 0.000000 1.544596
16900 170 129.778198 0.000000 1000.000000 0.241877 130.301376 -0.765056 0.000000 0.000000 0.000000 2.788236
17000 171 118.337372 0.000000 1000.000000 0.624225 123.605812 -2.651120 -3.241543 0.000000 0.000000 2.235053
17100 172 147.756393 0.000000 1000.000000 0.498480 152.817642 -2.303792 -3.255935 0.000000 0.000000 1.664663
17200 173 128.507339 0.000000 1000.000000 0.617141 128.493744 -0.603540 0.000000 0.000000 0.000000 3.262694
17300 174 191.539856 0.000000 1000.000000 0.730952 150.057877 -3.079515 43.830540 0.000000 0.000000 2.256124
17400 175 153.415726 0.000000 1000.000000 1.101683 149.110016 -2.269498 5.473526 0.000000 0.000000 4.359376
17500 176 127.659340 0.000000 1000.000000 1.587249 126.072090 0.000000 0.000000 0.000000 0.000000 3.297053
17600 177 137.806747 0.000000 1000.000000 0.703168 140.474030 -1.561651 -1.808807 0.000000 0.000000 2.261155
17700 178 140.432373 0.000000 1000.000000 0.909019 140.701675 -1.178312 0.000000 0.000000 0.000000 2.714223
17800 179 135.227615 0.000000 1000.000000 1.739916 138.293289 -2.179149 -2.626429 0.000000 0.000000 1.969318
17900 180 150.324387 0.000000 1000.000000 0.547168 150.362869 -0.585645 0.000000 0.000000 0.000000 3.554399
18000 181 145.302338 0.000000 1000.000000 0.396673 145.644333 -0.738661 0.000000 0.000000 0.000000 2.303001
18100 182 130.426483 0.000000 1000.000000 0.945197 129.876129 -0.394843 0.000000 0.000000 0.000000 4.590277
18200 183 138.314911 0.000000 1000.000000 1.238253 138.702499 -1.625841 0.000000 0.000000 0.000000 3.991660
18300 184 152.978348 0.000000 1000.000000 1.452979 153.027863 -1.502481 0.000000 0.000000 0.000000 3.807930
18400 185 145.919937 0.000000 1000.000000 0.221359 146.473984 -0.775408 0.000000 0.000000 0.000000 3.401578
18500 186 168.382660 0.000000 1000.000000 0.768690 149.536438 -0.991106 19.068638 0.000000 0.000000 4.927875
18600 187 150.881851 0.000000 1000.000000 0.617606 144.310272 -2.759760 8.713742 0.000000 0.000000 3.194394
18700 188 151.442474 0.000000 1000.000000 1.710644 142.705292 -1.827143 8.853689 0.000000 0.000000 2.856858
18800 189 135.974747 0.000000 1000.000000 0.810492 135.812881 -0.648627 0.000000 0.000000 0.000000 3.819629
18900 190 140.269608 0.000000 1000.000000 0.751099 140.904739 -1.386227 0.000000 0.000000 0.000000 2.703154
19000 191 156.241745 0.000000 1000.000000 0.791597 156.819412 -1.369270 0.000000 0.000000 0.000000 3.488051
19100 192 130.627670 0.000000 1000.000000 0.992770 129.819214 -0.184311 0.000000 0.000000 0.000000 4.466869
19200 193 151.989670 0.000000 1000.000000 1.883544 150.106125 0.000000 0.000000 0.000000 0.000000 3.634116
19300 194 160.316803 0.000000 1000.000000 1.219069 159.097733 0.000000 0.000000 0.000000 0.000000 4.673735
19400 195 129.974716 0.000000 1000.000000 0.807039 135.256226 -1.520588 -4.567963 0.000000 0.000000 2.490095
19500 196 124.724487 0.000000 1000.000000 0.198579 129.849060 -1.968178 -3.354966 0.000000 0.000000 2.330904
19600 197 148.269104 0.000000 1000.000000 0.698839 149.877106 -1.382845 -0.923999 0.000000 0.000000 2.280658
19700 198 136.902008 0.000000 1000.000000 0.274833 143.092194 -2.520810 -3.944196 0.000000 0.000000 2.743375
19800 199 148.976044 0.000000 1000.000000 0.866549 149.648102 -1.538607 0.000000 0.000000 0.000000 3.133087
19900 200 141.835785 0.000000 1000.000000 1.184095 142.805420 -2.153725 0.000000 0.000000 0.000000 1.462780
20000 201 150.063568 0.000000 1000.000000 1.452864 149.775406 -1.164698 0.000000 0.000000 0.000000 4.517301
20100 202 144.844177 0.000000 1000.000000 0.376917 146.851166 -1.602738 -0.781177 0.000000 0.000000 2.954539
20200 203 141.123062 0.000000 1000.000000 0.338874 142.379440 -1.595240 0.000000 0.000000 0.000000 4.172216
20300 204 135.055878 0.000000 1000.000000 1.286065 137.910919 -2.709085 -1.432030 0.000000 0.000000 1.934169
20400 205 146.995987 0.000000 1000.000000 2.093075 142.761414 -3.940025 6.081522 0.000000 0.000000 3.055864
20500 206 171.600311 0.000000 1000.000000 0.849485 130.311829 -3.809445 44.248451 0.000000 0.000000 2.049209
20600 207 135.953674 0.000000 1000.000000 0.485258 138.186310 -2.717903 0.000000 0.000000 0.000000 2.088915
20700 208 129.437241 0.000000 1000.000000 0.424200 130.823196 -1.810151 0.000000 0.000000 0.000000 2.158008
20800 209 135.530273 0.000000 1000.000000 0.594939 136.707825 -1.772495 0.000000 0.000000 0.000000 1.876717
20900 210 141.459869 0.000000 1000.000000 2.568672 140.453339 -3.218591 1.656461 0.000000 0.000000 1.751197
21000 211 131.511093 0.000000 1000.000000 1.421042 130.943344 -0.853281 0.000000 0.000000 0.000000 4.961000
21100 212 156.653076 0.000000 1000.000000 0.496757 157.495392 -1.339064 0.000000 0.000000 0.000000 3.143365
21200 213 141.113449 0.000000 1000.000000 2.173282 140.791809 -1.851633 0.000000 0.000000 0.000000 2.771143
21300 214 141.050140 0.000000 1000.000000 1.094085 141.834396 -1.878343 0.000000 0.000000 0.000000 2.072208
21400 215 134.139191 0.000000 1000.000000 1.542811 135.264694 -2.668320 0.000000 0.000000 0.000000 4.241251
21500 216 130.416779 0.000000 1000.000000 0.619091 129.797684 0.000000 0.000000 0.000000 0.000000 3.195082
21600 217 130.473389 0.000000 1000.000000 0.710935 129.762451 0.000000 0.000000 0.000000 0.000000 2.430565
21700 218 136.234879 0.000000 1000.000000 0.823061 135.411819 0.000000 0.000000 0.000000 0.000000 3.294506
21800 219 133.169662 0.000000 1000.000000 0.231753 135.693222 -1.837914 -0.917393 0.000000 0.000000 2.776777
21900 220 145.079117 0.000000 1000.000000 1.441480 148.234985 -2.823188 -1.774173 0.000000 0.000000 2.085538
22000 221 137.320526 0.000000 1000.000000 0.455244 137.350861 -0.485587 0.000000 0.000000 0.000000 6.671576
22100 222 162.875458 0.000000 1000.000000 0.377336 162.839462 -0.341335 0.000000 0.000000 0.000000 5.032936
22200 223 139.330124 0.000000 1000.000000 0.342168 140.443649 -1.455692 0.000000 0.000000 0.000000 2.688724
22300 224 134.615952 0.000000 1000.000000 0.370956 135.091797 -0.846800 0.000000 0.000000 0.000000 1.743346
22400 225 129.359924 0.000000 1000.000000 0.869409 129.390762 -0.900257 0.000000 0.000000 0.000000 3.148015
22500 226 139.235901 0.000000 1000.000000 1.920401 140.564743 -3.249237 0.000000 0.000000 0.000000 2.945248
22600 227 155.798050 0.000000 1000.000000 1.045284 157.795639 -3.042873 0.000000 0.000000 0.000000 3.136741
22700 228 133.268967 0.000000 1000.000000 0.998115 134.058212 -1.787357 0.000000 0.000000 0.000000 2.865860
22800 229 124.234085 0.000000 1000.000000 0.762439 125.141129 -1.669478 0.000000 0.000000 0.000000 6.192546
22900 230 151.254547 0.000000 1000.000000 1.346671 151.504578 -1.596693 0.000000 0.000000 0.000000 3.485071
23000 231 142.457855 0.000000 1000.000000 0.356834 146.703003 -2.161016 -2.440960 0.000000 0.000000 2.513284
23100 232 139.141724 0.000000 1000.000000 1.353147 132.634918 -2.291526 7.445179 0.000000 0.000000 2.286783
23200 233 141.194275 0.000000 1000.000000 1.461073 141.411530 -1.678333 0.000000 0.000000 0.000000 2.258284
23300 234 135.856659 0.000000 1000.000000 1.056712 136.485306 -1.685369 0.000000 0.000000 0.000000 2.164451
23400 235 142.618835 0.000000 1000.000000 0.544997 137.778915 -3.697296 7.992214 0.000000 0.000000 1.960915
23500 236 112.265610 0.000000 1000.000000 0.526995 119.113869 -2.823948 -4.551299 0.000000 0.000000 1.941468
23600 237 131.128998 0.000000 1000.000000 1.376310 137.529251 -2.406649 -5.369922 0.000000 0.000000 1.661199
23700 238 132.754303 0.000000 1000.000000 1.195452 146.545074 -2.557658 -12.428556 0.000000 0.000000 3.243838
23800 239 137.155106 0.000000 1000.000000 1.694484 137.466995 -2.006386 0.000000 0.000000 0.000000 2.212231
23900 240 148.762421 0.000000 1000.000000 2.065135 133.498993 -2.299796 15.498080 0.000000 0.000000 2.079586
24000 241 168.508408 0.000000 1000.000000 2.122625 134.256027 -1.837398 33.967167 0.000000 0.000000 4.090850
24100 242 151.625580 0.000000 1000.000000 0.863809 133.827988 -1.263970 18.197746 0.000000 0.000000 3.420228
24200 243 138.605621 0.000000 1000.000000 0.657522 139.580322 -1.632211 0.000000 0.000000 0.000000 4.116209
24300 244 142.385483 0.000000 1000.000000 2.009227 141.598450 -1.222204 0.000000 0.000000 0.000000 2.457614
24400 245 117.492615 0.000000 1000.000000 0.678088 123.725281 -2.395794 -4.514957 0.000000 0.000000 2.072150
24500 246 131.391571 0.000000 1000.000000 0.259511 133.673874 -2.541809 0.000000 0.000000 0.000000 2.213553
24600 247 136.684311 0.000000 1000.000000 0.711373 137.468475 -1.495541 0.000000 0.000000 0.000000 2.805381
24700 248 139.052521 0.000000 1000.000000 0.637409 139.039688 -2.812524 2.187964 0.000000 0.000000 3.816544
24800 249 184.275513 0.000000 1000.000000 1.008669 131.685989 -1.514390 53.095242 0.000000 0.000000 2.172908
24900 250 140.947815 0.000000 1000.000000 1.654875 140.459534 -1.166593 0.000000 0.000000 0.000000 3.405593
25000 251 133.406555 0.000000 1000.000000 0.437475 134.835480 -1.866391 0.000000 0.000000 0.000000 3.708657
25100 252 135.096390 0.000000 1000.000000 0.256480 135.381958 -0.542047 0.000000 0.000000 0.000000 3.482998
25200 253 122.295837 0.000000 1000.000000 0.293937 122.001900 0.000000 0.000000 0.000000 0.000000 2.126442
25300 254 132.352234 0.000000 1000.000000 0.472608 134.120407 -2.240786 0.000000 0.000000 0.000000 3.251924
25400 255 142.375656 0.000000 1000.000000 0.724361 142.867050 -1.215753 0.000000 0.000000 0.000000 1.851252
25500 256 152.692368 0.000000 1000.000000 1.827480 151.371460 -0.506578 0.000000 0.000000 0.000000 3.337475
25600 257 129.750473 0.000000 1000.000000 0.572362 135.779861 -3.887702 -2.714050 0.000000 0.000000 1.300998
25700 258 144.599655 0.000000 1000.000000 0.795605 145.087250 -1.283199 0.000000 0.000000 0.000000 1.531911
25800 259 142.129227 0.000000 1000.000000 1.093360 143.513992 -2.478122 0.000000 0.000000 0.000000 1.433264
25900 260 144.662064 0.000000 1000.000000 1.932666 144.547668 -1.818275 0.000000 0.000000 0.000000 3.041260
26000 261 125.471626 0.000000 1000.000000 0.332245 126.162415 -1.023030 0.000000 0.000000 0.000000 2.807306
26100 262 156.911148 0.000000 1000.000000 0.612607 156.298538 0.000000 0.000000 0.000000 0.000000 4.521223
26200 263 134.069977 0.000000 1000.000000 1.246726 133.388702 -0.565443 0.000000 0.000000 0.000000 3.661541
26300 264 127.878662 0.000000 1000.000000 0.091243 128.507965 -0.720554 0.000000 0.000000 0.000000 3.358267
26400 265 137.925308 0.000000 1000.000000 0.299357 138.056503 -0.430563 0.000000 0.000000 0.000000 5.659683
26500 266 129.869293 0.000000 1000.000000 0.269793 135.442688 -2.650190 -3.192997 0.000000 0.000000 2.788810
26600 267 116.260216 0.000000 1000.000000 0.595443 126.886917 -5.779913 -5.442231 0.000000 0.000000 3.053347
26700 268 136.602081 0.000000 1000.000000 0.919910 140.056564 -2.578239 -1.796155 0.000000 0.000000 3.846729
26800 269 140.977020 0.000000 1000.000000 2.434322 138.542694 0.000000 0.000000 0.000000 0.000000 3.426414
26900 270 139.184525 0.000000 1000.000000 0.291418 139.771744 -0.878629 0.000000 0.000000 0.000000 3.900140
27000 271 153.590332 0.000000 1000.000000 0.541494 153.817993 -0.769151 0.000000 0.000000 0.000000 4.226243
27100 272 145.143127 0.000000 1000.000000 0.524799 146.480301 -1.861967 0.000000 0.000000 0.000000 3.519624
27200 273 151.347397 0.000000 1000.000000 0.780718 151.525696 -0.959007 0.000000 0.000000 0.000000 1.664092
27300 274 140.879364 0.000000 1000.000000 1.048694 141.894379 -2.063703 0.000000 0.000000 0.000000 2.728065
27400 275 141.215317 0.000000 1000.000000 0.252213 141.506348 -0.543238 0.000000 0.000000 0.000000 3.661705
27500 276 149.501907 0.000000 1000.000000 1.144583 150.348740 -1.991409 0.000000 0.000000 0.000000 2.166059
27600 277 128.964218 0.000000 1000.000000 0.964373 128.463058 -0.463206 0.000000 0.000000 0.000000 1.990265
27700 278 128.666336 0.000000 1000.000000 1.493132 129.668289 -2.495083 0.000000 0.000000 0.000000 1.196068
27800 279 143.504303 0.000000 1000.000000 0.455751 144.207382 -1.158824 0.000000 0.000000 0.000000 2.178315
27900 280 131.290894 0.000000 1000.000000 0.301679 133.688599 -1.518971 -1.180415 0.000000 0.000000 3.536836
28000 281 130.586349 0.000000 1000.000000 0.948472 129.637878 0.000000 0.000000 0.000000 0.000000 2.332178
28100 282 142.270462 0.000000 1000.000000 2.218547 140.862183 -0.810277 0.000000 0.000000 0.000000 2.544219
28200 283 122.990990 0.000000 1000.000000 0.228249 123.693298 -0.930555 0.000000 0.000000 0.000000 3.191685
28300 284 145.387283 0.000000 1000.000000 0.851667 145.315475 -0.779866 0.000000 0.000000 0.000000 3.417069
28400 285 172.067947 0.000000 1000.000000 0.941280 171.281296 -0.154628 0.000000 0.000000 0.000000 4.458304
28500 286 160.584015 0.000000 1000.000000 1.945037 158.942612 -0.303637 0.000000 0.000000 0.000000 4.736278
28600 287 152.982162 0.000000 1000.000000 1.459550 151.522614 0.000000 0.000000 0.000000 0.000000 3.226266
28700 288 130.225525 0.000000 1000.000000 1.920971 128.437241 -0.132689 0.000000 0.000000 0.000000 5.706775
28800 289 136.564896 0.000000 1000.000000 0.563807 136.290558 -0.289476 0.000000 0.000000 0.000000 5.385674
28900 290 146.989365 0.000000 1000.000000 2.170378 145.516647 -0.697661 0.000000 0.000000 0.000000 4.300004
29000 291 143.242950 0.000000 1000.000000 0.927194 142.729111 -0.413359 0.000000 0.000000 0.000000 3.980006
29100 292 146.695389 0.000000 1000.000000 0.964449 146.721451 -0.990502 0.000000 0.000000 0.000000 2.837765
29200 293 143.666595 0.000000 1000.000000 0.590265 143.878876 -0.802546 0.000000 0.000000 0.000000 3.397890
29300 294 134.609375 0.000000 1000.000000 0.444384 134.164993 0.000000 0.000000 0.000000 0.000000 7.441607
29400 295 149.752121 0.000000 1000.000000 1.043695 148.708420 0.000000 0.000000 0.000000 0.000000 6.845928
29500 296 161.422958 0.000000 1000.000000 0.458952 162.347946 -1.383939 0.000000 0.000000 0.000000 2.500451
29600 297 130.644821 0.000000 1000.000000 0.678392 131.094940 -1.128507 0.000000 0.000000 0.000000 2.618599
29700 298 155.881561 0.000000 1000.000000 0.413667 157.515182 -2.047289 0.000000 0.000000 0.000000 2.668338
29800 299 140.185928 0.000000 1000.000000 0.216275 140.369781 -0.400125 0.000000 0.000000 0.000000 4.421985
29900 300 144.903900 0.000000 1000.000000 0.210431 145.829666 -1.136204 0.000000 0.000000 0.000000 2.141212
30000 301 138.913177 0.000000 1000.000000 0.712315 139.738785 -1.537914 0.000000 0.000000 0.000000 3.984330
30100 302 143.379562 0.000000 1000.000000 0.787219 145.206238 -1.925787 -0.688112 0.000000 0.000000 2.119451
30200 303 159.031509 0.000000 1000.000000 0.837126 159.538651 -1.344275 0.000000 0.000000 0.000000 3.581747
30300 304 134.914413 0.000000 1000.000000 1.421946 134.630814 -1.138350 0.000000 0.000000 0.000000 2.291244
30400 305 127.464912 0.000000 1000.000000 0.407956 132.191315 -1.808694 -3.325662 0.000000 0.000000 2.119129
30500 306 159.412521 0.000000 1000.000000 0.753341 160.375961 -1.716789 0.000000 0.000000 0.000000 2.387644
30600 307 142.153961 0.000000 1000.000000 0.262907 143.802734 -1.911683 0.000000 0.000000 0.000000 3.181777
30700 308 134.898407 0.000000 1000.000000 1.895252 129.434799 -1.649408 5.217774 0.000000 0.000000 1.561883
30800 309 150.129715 0.000000 1000.000000 3.233573 150.592865 -3.696718 0.000000 0.000000 0.000000 2.001140
30900 310 151.067612 0.000000 1000.000000 0.499792 150.567825 0.000000 0.000000 0.000000 0.000000 2.501375
31000 311 148.375137 0.000000 1000.000000 0.602979 153.148285 -2.784111 -2.592021 0.000000 0.000000 2.465589
31100 312 133.946732 0.000000 1000.000000 1.360244 138.149673 -2.438586 -3.124602 0.000000 0.000000 2.124462
31200 313 126.522331 0.000000 1000.000000 1.198856 125.058380 -2.356410 2.621509 0.000000 0.000000 2.953419
31300 314 145.583420 0.000000 1000.000000 0.739407 147.168167 -2.324161 0.000000 0.000000 0.000000 2.567125
31400 315 135.688431 0.000000 1000.000000 0.633065 136.652802 -1.597437 0.000000 0.000000 0.000000 1.229315
31500 316 133.549911 0.000000 1000.000000 0.378537 135.036377 -1.865010 0.000000 0.000000 0.000000 1.876594
31600 317 158.683762 0.000000 1000.000000 0.595985 158.087784 0.000000 0.000000 0.000000 0.000000 2.742858
31700 318 213.288361 0.000000 1000.000000 1.357668 146.352692 -2.760319 68.338310 0.000000 0.000000 3.187585
31800 319 162.633545 0.000000 1000.000000 1.412503 161.221039 0.000000 0.000000 0.000000 0.000000 2.776263
31900 320 128.705795 0.000000 1000.000000 0.534688 130.014954 -1.843842 0.000000 0.000000 0.000000 3.085358
32000 321 122.132919 0.000000 1000.000000 1.480144 127.817757 -4.448504 -2.716475 0.000000 0.000000 2.462409
32100 322 131.598419 0.000000 1000.000000 0.507213 132.663544 -1.572342 0.000000 0.000000 0.000000 3.629946
32200 323 165.884232 0.000000 1000.000000 1.600369 165.354187 -1.070326 0.000000 0.000000 0.000000 4.395227
32300 324 146.747131 0.000000 1000.000000 0.812423 146.905350 -0.970637 0.000000 0.000000 0.000000 3.466406
32400 325 145.200851 0.000000 1000.000000 0.619543 148.636856 -2.000332 -2.055202 0.000000 0.000000 3.419094
32500 326 136.248932 0.000000 1000.000000 0.564057 135.684875 0.000000 0.000000 0.000000 0.000000 3.530066
32600 327 139.612305 0.000000 1000.000000 1.081874 140.500488 -1.970067 0.000000 0.000000 0.000000 2.300448
32700 328 134.809875 0.000000 1000.000000 1.121346 134.757034 -1.068512 0.000000 0.000000 0.000000 3.110922
32800 329 141.613037 0.000000 1000.000000 1.359907 140.253128 0.000000 0.000000 0.000000 0.000000 2.492148
32900 330 132.725113 0.000000 1000.000000 0.620239 132.336655 -0.231776 0.000000 0.000000 0.000000 3.814971
33000 331 136.606415 0.000000 1000.000000 0.752654 136.545319 -0.691554 0.000000 0.000000 0.000000 4.175667
33100 332 134.013046 0.000000 1000.000000 0.566345 134.279800 -0.833104 0.000000 0.000000 0.000000 3.170395
33200 333 137.212723 0.000000 1000.000000 1.690487 137.414917 -1.892686 0.000000 0.000000 0.000000 4.996291
33300 334 130.531235 0.000000 1000.000000 0.377987 130.153244 0.000000 0.000000 0.000000 0.000000 3.091921
33400 335 140.362137 0.000000 1000.000000 0.299007 140.063126 0.000000 0.000000 0.000000 0.000000 5.833967
33500 336 142.513000 0.000000 1000.000000 1.528963 140.984039 0.000000 0.000000 0.000000 0.000000 2.902303
33600 337 137.355728 0.000000 1000.000000 0.982464 146.245895 -3.712434 -6.160196 0.000000 0.000000 2.723929
33700 338 137.960815 0.000000 1000.000000 0.985531 140.085907 -2.485099 -0.625530 0.000000 0.000000 2.567954
33800 339 119.166924 0.000000 1000.000000 0.282693 121.076782 -2.192554 0.000000 0.000000 0.000000 2.811659
33900 340 135.452133 0.000000 1000.000000 0.204136 135.248001 0.000000 0.000000 0.000000 0.000000 4.216626
34000 341 141.239334 0.000000 1000.000000 1.820205 139.419128 0.000000 0.000000 0.000000 0.000000 1.789166
34100 342 144.705933 0.000000 1000.000000 0.295781 145.271866 -0.861715 0.000000 0.000000 0.000000 2.138464
34200 343 138.861588 0.000000 1000.000000 1.709565 140.840866 -3.228133 -0.460703 0.000000 0.000000 6.014231
34300 344 161.873520 0.000000 1000.000000 1.698978 162.509109 -2.334569 0.000000 0.000000 0.000000 3.086123
34400 345 137.494827 0.000000 1000.000000 0.338675 138.677582 -1.521423 0.000000 0.000000 0.000000 1.816982
34500 346 142.319412 0.000000 1000.000000 0.615515 146.410858 -3.010911 -1.696051 0.000000 0.000000 2.234765
34600 347 134.385254 0.000000 1000.000000 0.459607 136.597443 -2.671805 0.000000 0.000000 0.000000 3.757059
34700 348 124.574661 0.000000 1000.000000 0.380996 129.742401 -2.226256 -3.322479 0.000000 0.000000 1.439312
34800 349 164.090942 0.000000 1000.000000 0.539209 142.762665 -1.786002 22.575052 0.000000 0.000000 2.317945
34900 350 142.657349 0.000000 1000.000000 0.206540 144.937683 -4.476852 1.989979 0.000000 0.000000 1.596401
35000 351 171.920959 0.000000 1000.000000 2.288325 150.246689 -1.408120 20.794064 0.000000 0.000000 2.620218
35100 352 145.826126 0.000000 1000.000000 0.614117 146.434906 -1.222896 0.000000 0.000000 0.000000 2.265768
35200 353 160.127487 0.000000 1000.000000 1.369930 160.149979 -1.392425 0.000000 0.000000 0.000000 2.823275
35300 354 145.273239 0.000000 1000.000000 0.478838 145.329651 -0.535244 0.000000 0.000000 0.000000 3.126214
35400 355 154.776947 0.000000 1000.000000 0.321760 155.335663 -0.880481 0.000000 0.000000 0.000000 4.176253
35500 356 138.982040 0.000000 1000.000000 0.689026 138.689713 -0.396692 0.000000 0.000000 0.000000 4.219465
35600 357 143.867508 0.000000 1000.000000 0.934378 144.489563 -1.556425 0.000000 0.000000 0.000000 2.192093
35700 358 154.674408 0.000000 1000.000000 1.032444 153.641968 0.000000 0.000000 0.000000 0.000000 3.778702
35800 359 159.298172 0.000000 1000.000000 0.972610 155.492905 -3.253623 6.086267 0.000000 0.000000 2.062107
35900 360 150.407181 0.000000 1000.000000 0.555086 150.192886 -0.340783 0.000000 0.000000 0.000000 3.639448
36000 361 151.145844 0.000000 1000.000000 0.924520 151.690338 -1.469012 0.000000 0.000000 0.000000 4.422588
36100 362 127.550240 0.000000 1000.000000 1.161360 121.032722 -2.287524 7.643677 0.000000 0.000000 3.396530
36200 363 130.644226 0.000000 1000.000000 0.720112 138.351822 -3.536530 -4.891173 0.000000 0.000000 3.230135
36300 364 143.912933 0.000000 1000.000000 1.009750 143.635117 -0.731936 0.000000 0.000000 0.000000 5.137592
36400 365 160.788635 0.000000 1000.000000 0.698134 161.034210 -0.943709 0.000000 0.000000 0.000000 1.870783
36500 366 137.236496 0.000000 1000.000000 0.490230 136.746262 0.000000 0.000000 0.000000 0.000000 3.488071
36600 367 142.294052 0.000000 1000.000000 0.671500 141.622559 0.000000 0.000000 0.000000 0.000000 3.411782
36700 368 134.600266 0.000000 1000.000000 0.916470 135.828842 -2.145052 0.000000 0.000000 0.000000 3.309037
36800 369 141.887161 0.000000 1000.000000 0.686862 142.938141 -1.737839 0.000000 0.000000 0.000000 3.466664
36900 370 149.219757 0.000000 1000.000000 1.358515 149.465012 -1.603781 0.000000 0.000000 0.000000 2.801491
37000 371 132.966248 0.000000 1000.000000 1.396722 129.641464 -2.170035 4.098082 0.000000 0.000000 3.374290
37100 372 119.453117 0.000000 1000.000000 0.895971 118.869148 -0.312007 0.000000 0.000000 0.000000 3.391562
37200 373 146.561111 0.000000 1000.000000 0.328781 146.512375 -0.280045 0.000000 0.000000 0.000000 3.415991
37300 374 158.940552 0.000000 1000.000000 0.943265 161.080795 -2.250133 -0.833379 0.000000 0.000000 2.806064
37400 375 151.797455 0.000000 1000.000000 0.400062 147.208145 -2.570675 6.759932 0.000000 0.000000 2.590654
37500 376 136.097824 0.000000 1000.000000 0.280839 137.349808 -1.532815 0.000000 0.000000 0.000000 2.500107
37600 377 123.062248 0.000000 1000.000000 0.790810 127.673248 -1.844434 -3.557379 0.000000 0.000000 2.810688
37700 378 169.852280 0.000000 1000.000000 0.713231 170.239410 -1.100359 0.000000 0.000000 0.000000 4.955002
37800 379 154.492767 0.000000 1000.000000 0.327356 163.216934 -3.868773 -5.182759 0.000000 0.000000 3.354748
37900 380 168.033478 0.000000 1000.000000 1.119249 151.833801 -3.360678 18.441105 0.000000 0.000000 3.113837
38000 381 141.329544 0.000000 1000.000000 1.400463 139.929077 0.000000 0.000000 0.000000 0.000000 3.032309
38100 382 143.261642 0.000000 1000.000000 0.734717 143.966537 -1.439601 0.000000 0.000000 0.000000 2.529186
38200 383 130.966537 0.000000 1000.000000 0.923664 130.042877 0.000000 0.000000 0.000000 0.000000 4.097130
38300 384 141.226135 0.000000 1000.000000 0.539597 141.622894 -0.936351 0.000000 0.000000 0.000000 4.095989
38400 385 146.199066 0.000000 1000.000000 1.093269 146.678055 -1.572256 0.000000 0.000000 0.000000 2.956555
38500 386 138.826614 0.000000 1000.000000 0.298450 140.608627 -1.716818 -0.363642 0.000000 0.000000 2.649100
38600 387 147.456116 0.000000 1000.000000 0.274672 147.658356 -0.476920 0.000000 0.000000 0.000000 2.453737
38700 388 124.262100 0.000000 1000.000000 0.694417 123.567680 0.000000 0.000000 0.000000 0.000000 3.172756
38800 389 124.629730 0.000000 1000.000000 0.258767 130.251587 -2.709581 -3.171052 0.000000 0.000000 1.631642
38900 390 145.263229 0.000000 1000.000000 1.635170 151.077393 -2.594109 -4.855215 0.000000 0.000000 1.842024
39000 391 147.316925 0.000000 1000.000000 0.443983 147.689316 -0.816381 0.000000 0.000000 0.000000 3.440001
39100 392 141.074005 0.000000 1000.000000 0.716976 142.040894 -1.792958 0.109090 0.000000 0.000000 2.312799
39200 393 146.928146 0.000000 1000.000000 0.632130 146.782303 -0.486275 0.000000 0.000000 0.000000 3.397191
39300 394 139.431351 0.000000 1000.000000 1.254170 139.772415 -1.595233 0.000000 0.000000 0.000000 2.201871
39400 395 141.191574 0.000000 1000.000000 0.776024 140.681976 -0.266440 0.000000 0.000000 0.000000 4.427743
39500 396 126.200462 0.000000 1000.000000 0.714353 134.826660 -3.897210 -5.443335 0.000000 0.000000 1.935047
39600 397 129.198822 0.000000 1000.000000 0.543501 131.727951 -2.446022 -0.626619 0.000000 0.000000 3.192907
39700 398 137.552750 0.000000 1000.000000 0.359701 142.806107 -3.016616 -2.596432 0.000000 0.000000 2.157506
39800 399 118.238190 0.000000 1000.000000 0.429258 119.839943 -1.195215 -0.835804 0.000000 0.000000 2.057527
39900 400 124.859200 0.000000 1000.000000 0.606596 131.232391 -4.043613 -2.936178 0.000000 0.000000 1.775140
40000 401 120.369774 0.000000 1000.000000 0.890588 122.498596 -2.342281 -0.677132 0.000000 0.000000 2.259674
40100 402 146.588959 0.000000 1000.000000 0.785686 146.645981 -0.842711 0.000000 0.000000 0.000000 2.678548
40200 403 156.314941 0.000000 1000.000000 0.795708 156.074173 -0.554932 0.000000 0.000000 0.000000 2.710746
40300 404 141.031448 0.000000 1000.000000 0.357712 142.015182 -1.341448 0.000000 0.000000 0.000000 3.484330
40400 405 164.268509 0.000000 1000.000000 0.489560 165.657425 -1.878480 0.000000 0.000000 0.000000 2.330430
40500 406 153.772644 0.000000 1000.000000 0.631288 153.141357 0.000000 0.000000 0.000000 0.000000 3.148752
40600 407 142.872971 0.000000 1000.000000 0.660959 143.278046 -1.066040 0.000000 0.000000 0.000000 2.582322
40700 408 154.825302 0.000000 1000.000000 1.714223 153.111084 0.000000 0.000000 0.000000 0.000000 5.206593
40800 409 139.928955 0.000000 1000.000000 0.520841 143.425903 -2.284599 -1.733179 0.000000 0.000000 1.815362
40900 410 136.722519 0.000000 1000.000000 0.603407 138.820206 -2.701100 0.000000 0.000000 0.000000 2.550411
41000 411 129.216827 0.000000 1000.000000 0.145703 133.091873 -3.220936 -0.799827 0.000000 0.000000 2.033973
41100 412 137.232086 0.000000 1000.000000 1.346266 137.523697 -1.637884 0.000000 0.000000 0.000000 2.882209
41200 413 149.156570 0.000000 1000.000000 0.426336 149.852142 -1.121908 0.000000 0.000000 0.000000 3.329536
41300 414 148.960419 0.000000 1000.000000 0.277871 149.641235 -0.958699 0.000000 0.000000 0.000000 2.457103
41400 415 141.248001 0.000000 1000.000000 0.317015 142.653198 -1.722217 0.000000 0.000000 0.000000 2.057583
41500 416 152.768997 0.000000 1000.000000 0.816687 153.267441 -1.315119 0.000000 0.000000 0.000000 5.685813
41600 417 150.593246 0.000000 1000.000000 0.215516 151.396545 -1.018810 0.000000 0.000000 0.000000 2.185940
41700 418 144.845245 0.000000 1000.000000 1.151992 145.145889 -1.452638 0.000000 0.000000 0.000000 2.375053
41800 419 154.767517 0.000000 1000.000000 1.213146 155.982101 -2.072675 -0.355050 0.000000 0.000000 2.891624
41900 420 167.259689 0.000000 1000.000000 0.794401 168.159241 -1.693952 0.000000 0.000000 0.000000 2.792809
42000 421 155.143646 0.000000 1000.000000 0.446859 157.027237 -2.330447 0.000000 0.000000 0.000000 2.460491
42100 422 134.833130 0.000000 1000.000000 0.156627 139.377106 -2.172198 -2.528405 0.000000 0.000000 2.403363
42200 423 135.373138 0.000000 1000.000000 0.176856 143.581039 -1.428711 -6.956034 0.000000 0.000000 3.782514
42300 424 149.198227 0.000000 1000.000000 0.251314 153.903610 -1.865752 -3.090947 0.000000 0.000000 3.895249
42400 425 137.608521 0.000000 1000.000000 0.487457 138.133163 -1.012098 0.000000 0.000000 0.000000 5.182878
42500 426 157.892868 0.000000 1000.000000 0.615377 158.925644 -1.648146 0.000000 0.000000 0.000000 2.839203
42600 427 157.037399 0.000000 1000.000000 0.856551 158.306549 -1.308664 -0.817031 0.000000 0.000000 4.577552
42700 428 168.972107 0.000000 1000.000000 0.566841 169.807495 -1.402221 0.000000 0.000000 0.000000 2.428292
42800 429 165.599228 0.000000 1000.000000 1.860441 169.313705 -2.132711 -3.442209 0.000000 0.000000 3.731075
42900 430 161.447220 0.000000 1000.000000 0.451724 160.995499 0.000000 0.000000 0.000000 0.000000 2.666396
43000 431 159.090973 0.000000 1000.000000 0.417797 159.846909 -0.876172 -0.297558 0.000000 0.000000 3.168399
43100 432 156.353348 0.000000 1000.000000 1.052825 161.104843 -1.730669 -4.073653 0.000000 0.000000 1.861268
43200 433 156.390091 0.000000 1000.000000 0.511512 156.428848 -0.550259 0.000000 0.000000 0.000000 3.532853
43300 434 144.370514 0.000000 1000.000000 0.410534 146.892105 -2.932129 0.000000 0.000000 0.000000 1.769762
43400 435 149.735855 0.000000 1000.000000 0.616792 150.845428 -1.726369 0.000000 0.000000 0.000000 4.136328
43500 436 147.010727 0.000000 1000.000000 0.468326 148.402710 -1.860299 0.000000 0.000000 0.000000 3.913891
43600 437 149.722488 0.000000 1000.000000 1.510925 150.200409 -1.988849 0.000000 0.000000 0.000000 2.365671
43700 438 154.736969 0.000000 1000.000000 0.327851 158.218933 -1.978381 -1.831437 0.000000 0.000000 2.235409
43800 439 145.993851 0.000000 1000.000000 0.291888 147.794907 -1.314007 -0.778937 0.000000 0.000000 1.788357
43900 440 138.523132 0.000000 1000.000000 0.857781 139.450653 -1.668492 -0.116821 0.000000 0.000000 2.911319
44000 441 156.677429 0.000000 1000.000000 0.196080 163.246674 -2.110566 -4.654750 0.000000 0.000000 1.771252
44100 442 154.790726 0.000000 1000.000000 0.378058 155.790009 -1.377340 0.000000 0.000000 0.000000 2.831302
44200 443 145.337967 0.000000 1000.000000 0.530206 146.448380 -1.640621 0.000000 0.000000 0.000000 1.967479
44300 444 142.245575 0.000000 1000.000000 0.183400 143.531906 -1.469722 0.000000 0.000000 0.000000 2.362416
44400 445 152.884979 0.000000 1000.000000 0.136586 150.251556 -1.661572 4.158424 0.000000 0.000000 2.867314
44500 446 147.255508 0.000000 1000.000000 0.309996 151.236038 -2.992837 -1.297676 0.000000 0.000000 2.584790
44600 447 148.385956 0.000000 1000.000000 0.729056 152.971756 -2.355420 -2.959424 0.000000 0.000000 1.600608
44700 448 147.837616 0.000000 1000.000000 0.518974 149.286285 -1.967639 0.000000 0.000000 0.000000 2.455250
44800 449 129.674652 0.000000 1000.000000 0.549557 130.088776 -0.963678 0.000000 0.000000 0.000000 2.544676
44900 450 166.410172 0.000000 1000.000000 0.460156 167.370087 -1.420076 0.000000 0.000000 0.000000 2.378196
45000 451 153.167938 0.000000 1000.000000 0.311750 154.968414 -2.112222 0.000000 0.000000 0.000000 1.456583
45100 452 136.482651 0.000000 1000.000000 0.346518 142.628433 -2.439869 -4.052429 0.000000 0.000000 3.415092
45200 453 146.155014 0.000000 1000.000000 0.588911 147.106918 -1.540823 0.000000 0.000000 0.000000 3.895921
45300 454 163.047531 0.000000 1000.000000 1.449595 163.994217 -2.396279 0.000000 0.000000 0.000000 2.061054
45400 455 123.434631 0.000000 1000.000000 0.332510 132.941895 -5.056946 -4.782824 0.000000 0.000000 1.759550
45500 456 135.360474 0.000000 1000.000000 0.525074 135.704041 -0.868634 0.000000 0.000000 0.000000 2.572675
45600 457 147.047272 0.000000 1000.000000 0.209610 147.572266 -0.734601 0.000000 0.000000 0.000000 1.788193
45700 458 135.594025 0.000000 1000.000000 0.564562 144.750244 -3.128752 -6.592025 0.000000 0.000000 3.990965
45800 459 145.793015 0.000000 1000.000000 1.793992 145.389404 -1.390386 0.000000 0.000000 0.000000 4.519542
45900 460 138.412491 0.000000 1000.000000 1.777152 141.448822 -3.010711 -1.802768 0.000000 0.000000 2.761763
46000 461 144.891052 0.000000 1000.000000 0.350871 146.123825 -1.583642 0.000000 0.000000 0.000000 5.088587
46100 462 133.269547 0.000000 1000.000000 0.293239 133.776642 -0.800334 0.000000 0.000000 0.000000 3.305670
46200 463 154.550522 0.000000 1000.000000 0.475460 156.705017 -2.629965 0.000000 0.000000 0.000000 3.507884
46300 464 146.844269 0.000000 1000.000000 0.408517 149.041733 -2.605986 0.000000 0.000000 0.000000 3.304051
46400 465 151.383179 0.000000 1000.000000 1.180055 152.869614 -2.666483 0.000000 0.000000 0.000000 5.088400
46500 466 137.233200 0.000000 1000.000000 0.679882 137.450302 -0.896988 0.000000 0.000000 0.000000 3.273144
46600 467 132.924942 0.000000 1000.000000 0.821086 133.592407 -1.488550 0.000000 0.000000 0.000000 2.557985
46700 468 123.823051 0.000000 1000.000000 0.362490 123.460564 0.000000 0.000000 0.000000 0.000000 2.858056
46800 469 143.765869 0.000000 1000.000000 0.348301 148.148544 -1.718228 -3.012747 0.000000 0.000000 1.997861
46900 470 140.261139 0.000000 1000.000000 0.340233 140.609543 -0.688652 0.000000 0.000000 0.000000 3.402468
47000 471 121.902962 0.000000 1000.000000 0.183435 121.719528 0.000000 0.000000 0.000000 0.000000 4.969771
47100 472 109.671104 0.000000 1000.000000 0.589321 111.952721 -1.396232 -1.474703 0.000000 0.000000 2.334575
47200 473 135.172760 0.000000 1000.000000 0.166851 141.142776 -3.281356 -2.855516 0.000000 0.000000 3.482580
47300 474 121.803040 0.000000 1000.000000 0.160883 122.742210 -1.100051 0.000000 0.000000 0.000000 3.218037
47400 475 135.308167 0.000000 1000.000000 1.981469 133.326691 0.000000 0.000000 0.000000 0.000000 6.198740
47500 476 148.385010 0.000000 1000.000000 0.462157 144.936356 -1.057808 4.044295 0.000000 0.000000 4.202192
47600 477 139.035645 0.000000 1000.000000 0.994409 139.411072 -1.369845 0.000000 0.000000 0.000000 6.831117
47700 478 144.303955 0.000000 1000.000000 0.624355 144.040802 -0.361210 0.000000 0.000000 0.000000 6.529966
47800 479 144.099319 0.000000 1000.000000 0.495858 145.111923 -1.508465 0.000000 0.000000 0.000000 4.014360
47900 480 135.393951 0.000000 1000.000000 0.505231 135.708496 -0.819776 0.000000 0.000000 0.000000 3.501057
48000 481 127.709244 0.000000 1000.000000 0.730946 126.978294 0.000000 0.000000 0.000000 0.000000 5.015340
48100 482 185.570709 0.000000 1000.000000 1.698158 136.046127 -1.258130 49.084545 0.000000 0.000000 2.849743
48200 483 151.312164 0.000000 1000.000000 0.504854 152.876404 -2.069099 0.000000 0.000000 0.000000 3.644460
48300 484 141.376480 0.000000 1000.000000 0.874737 142.582245 -2.080508 0.000000 0.000000 0.000000 3.638369
48400 485 137.763885 0.000000 1000.000000 0.470833 140.692993 -1.848508 -1.551441 0.000000 0.000000 3.515704
48500 486 164.043564 0.000000 1000.000000 1.830977 164.829468 -1.656691 -0.960192 0.000000 0.000000 3.502911
48600 487 152.586212 0.000000 1000.000000 0.252924 154.760223 -3.510754 1.083816 0.000000 0.000000 1.724871
48700 488 136.182220 0.000000 1000.000000 0.661319 136.002213 -0.481306 0.000000 0.000000 0.000000 5.305786
48800 489 188.205826 0.000000 1000.000000 1.087519 143.675323 -2.854750 46.297729 0.000000 0.000000 2.262961
48900 490 152.342453 0.000000 1000.000000 1.403052 151.291183 -0.351780 0.000000 0.000000 0.000000 3.526238
49000 491 126.188889 0.000000 1000.000000 0.347594 127.291451 -1.450156 0.000000 0.000000 0.000000 3.070185
49100 492 141.641541 0.000000 1000.000000 1.719824 141.808868 -1.887152 0.000000 0.000000 0.000000 2.751590
49200 493 150.253845 0.000000 1000.000000 0.837645 150.240997 -0.824794 0.000000 0.000000 0.000000 2.610706
49300 494 159.219177 0.000000 1000.000000 1.508481 159.706741 -1.996047 0.000000 0.000000 0.000000 2.370204
49400 495 156.252365 0.000000 1000.000000 0.928024 155.324341 0.000000 0.000000 0.000000 0.000000 4.765588
49500 496 153.136444 0.000000 1000.000000 0.394080 142.915756 -2.135217 11.961836 0.000000 0.000000 2.519105
49600 497 152.894775 0.000000 1000.000000 0.378050 151.974579 -2.835720 3.377869 0.000000 0.000000 3.156151
49700 498 152.187424 0.000000 1000.000000 0.425939 152.264404 -0.502920 0.000000 0.000000 0.000000 2.307155
49800 499 128.870316 0.000000 1000.000000 0.696077 134.351486 -2.128608 -4.048645 0.000000 0.000000 2.860686
49900 500 139.855026 0.000000 1000.000000 0.334335 130.582687 -2.164621 11.102631 0.000000 0.000000 2.860474
50000 501 157.480392 0.000000 1000.000000 0.274108 157.581665 -0.375376 0.000000 0.000000 0.000000 4.348034
