1 1 178.387589 0.000000 1000.000000 0.253977 196.234116 -0.534317 -17.566191 0.000000 0.000000 19.001535
100 2 163.217575 0.000000 1000.000000 0.954659 162.262909 0.000000 0.000000 0.000000 0.000000 5.856927
200 3 153.480087 0.000000 1000.000000 0.972532 153.077759 -0.570209 0.000000 0.000000 0.000000 4.188432
300 4 161.972534 0.000000 1000.000000 0.736612 161.235916 0.000000 0.000000 0.000000 0.000000 5.505887
400 5 149.535690 0.000000 1000.000000 1.003174 149.044144 -0.511629 0.000000 0.000000 0.000000 4.889661
500 6 168.318909 0.000000 1000.000000 0.670458 162.600647 -0.666146 5.713953 0.000000 0.000000 3.254446
600 7 149.928802 0.000000 1000.000000 0.692736 151.557571 -1.300814 -1.020684 0.000000 0.000000 3.007862
700 8 151.474136 0.000000 1000.000000 0.603729 156.669632 -1.308874 -4.490356 0.000000 0.000000 3.121713
800 9 135.754501 0.000000 1000.000000 0.984704 140.905243 -2.375479 -3.759978 0.000000 0.000000 2.079164
900 10 158.759140 0.000000 1000.000000 0.818612 158.611618 -0.671094 0.000000 0.000000 0.000000 5.165380
1000 11 152.218735 0.000000 1000.000000 1.457717 151.959702 -1.198679 0.000000 0.000000 0.000000 3.870301
1100 12 138.219528 0.000000 1000.000000 0.696607 139.418259 -1.895342 0.000000 0.000000 0.000000 4.195109
1200 13 139.684738 0.000000 1000.000000 0.831889 140.943604 -2.090761 0.000000 0.000000 0.000000 4.011391
1300 14 133.226074 0.000000 1000.000000 0.284054 132.942017 0.000000 0.000000 0.000000 0.000000 4.040617
1400 15 141.726273 0.000000 1000.000000 0.170119 141.895493 -0.339337 0.000000 0.000000 0.000000 4.260353
1500 16 142.430161 0.000000 1000.000000 1.188587 142.079651 -0.838071 0.000000 0.000000 0.000000 3.489107
1600 17 155.996002 0.000000 1000.000000 0.963255 155.032745 0.000000 0.000000 0.000000 0.000000 3.813421
1700 18 140.914185 0.000000 1000.000000 0.873675 141.164810 -1.124295 0.000000 0.000000 0.000000 4.669090
1800 19 139.364700 0.000000 1000.000000 0.789698 138.338379 -1.345211 1.581833 0.000000 0.000000 3.611006
1900 20 147.356094 0.000000 1000.000000 0.811653 147.169449 -0.625008 0.000000 0.000000 0.000000 3.143893
2000 21 149.930450 0.000000 1000.000000 0.680610 149.897095 -0.647241 0.000000 0.000000 0.000000 2.873597
2100 22 155.123856 0.000000 1000.000000 0.498469 154.956406 -0.331017 0.000000 0.000000 0.000000 1.872161
2200 23 139.375381 0.000000 1000.000000 0.429660 139.771591 -0.825871 0.000000 0.000000 0.000000 3.932101
2300 24 140.449615 0.000000 1000.000000 0.632288 142.098938 -2.281624 0.000000 0.000000 0.000000 2.214426
2400 25 142.828003 0.000000 1000.000000 1.387047 143.215302 -1.774353 0.000000 0.000000 0.000000 3.196686
2500 26 141.241364 0.000000 1000.000000 0.398198 143.312424 -2.469251 0.000000 0.000000 0.000000 2.017446
2600 27 146.530441 0.000000 1000.000000 1.014681 148.210098 -2.694339 0.000000 0.000000 0.000000 2.042598
2700 28 145.165176 0.000000 1000.000000 1.552076 144.060806 -0.447709 0.000000 0.000000 0.000000 2.366274
2800 29 153.896759 0.000000 1000.000000 0.667764 155.428055 -2.199064 0.000000 0.000000 0.000000 1.928144
2900 30 160.537643 0.000000 1000.000000 2.631730 159.629318 -1.723409 0.000000 0.000000 0.000000 2.532273
3000 31 149.396011 0.000000 1000.000000 0.599652 148.796356 0.000000 0.000000 0.000000 0.000000 3.221638
3100 32 144.206070 0.000000 1000.000000 1.016342 149.885040 -1.966160 -4.729151 0.000000 0.000000 2.352188
3200 33 143.172455 0.000000 1000.000000 0.574890 142.695877 -0.098309 0.000000 0.000000 0.000000 2.759950
3300 34 141.261383 0.000000 1000.000000 0.836699 140.424683 0.000000 0.000000 0.000000 0.000000 3.151879
3400 35 150.296539 0.000000 1000.000000 1.671456 150.343903 -1.718826 0.000000 0.000000 0.000000 1.218099
3500 36 124.776825 0.000000 1000.000000 0.846241 127.667824 -1.966813 -1.770428 0.000000 0.000000 3.366688
3600 37 155.299179 0.000000 1000.000000 1.867074 140.558121 -1.201488 14.075463 0.000000 0.000000 3.344456
3700 38 177.290375 0.000000 1000.000000 0.487075 156.230515 -0.872020 21.444815 0.000000 0.000000 4.162567
3800 39 151.122162 0.000000 1000.000000 1.257863 151.848633 -1.984335 0.000000 0.000000 0.000000 1.709789
3900 40 155.276016 0.000000 1000.000000 1.222067 156.176956 -2.123008 0.000000 0.000000 0.000000 2.381419
4000 41 142.837524 0.000000 1000.000000 0.889910 142.014282 -0.066668 0.000000 0.000000 0.000000 2.253944
4100 42 169.339188 0.000000 1000.000000 0.722782 169.539291 -0.191722 -0.731149 0.000000 0.000000 4.748884
4200 43 159.470963 0.000000 1000.000000 0.883511 159.231705 -0.644263 0.000000 0.000000 0.000000 3.908403
4300 44 152.852310 0.000000 1000.000000 0.301436 153.448547 -0.897671 0.000000 0.000000 0.000000 3.186885
4400 45 159.514923 0.000000 1000.000000 0.382918 160.524414 -1.392404 0.000000 0.000000 0.000000 4.631879
4500 46 152.024139 0.000000 1000.000000 0.702205 151.842758 -0.520823 0.000000 0.000000 0.000000 2.295042
4600 47 146.299866 0.000000 1000.000000 1.228494 145.408813 -0.337451 0.000000 0.000000 0.000000 2.132422
4700 48 122.961288 0.000000 1000.000000 0.956684 123.114609 -1.110001 0.000000 0.000000 0.000000 3.047692
4800 49 138.146286 0.000000 1000.000000 0.551243 139.858994 -2.263953 0.000000 0.000000 0.000000 2.113091
4900 50 149.918884 0.000000 1000.000000 0.472462 149.721878 -0.275453 0.000000 0.000000 0.000000 1.787680
5000 51 138.304825 0.000000 1000.000000 0.314877 139.455475 -1.465532 0.000000 0.000000 0.000000 2.943839
5100 52 131.182556 0.000000 1000.000000 0.315504 131.271973 -0.404930 0.000000 0.000000 0.000000 1.100733
5200 53 143.044266 0.000000 1000.000000 2.053954 145.616730 -1.957404 -2.669017 0.000000 0.000000 1.566051
5300 54 145.804932 0.000000 1000.000000 0.825895 146.705521 -1.726479 0.000000 0.000000 0.000000 1.274907
5400 55 132.951401 0.000000 1000.000000 1.284932 134.286209 -2.619732 0.000000 0.000000 0.000000 2.161519
5500 56 127.174545 0.000000 1000.000000 1.086294 126.795151 -0.706902 0.000000 0.000000 0.000000 1.994176
5600 57 138.415573 0.000000 1000.000000 0.236615 145.454071 -2.887930 -4.387198 0.000000 0.000000 1.910015
5700 58 140.433899 0.000000 1000.000000 0.229251 141.691742 -1.487085 0.000000 0.000000 0.000000 1.601117
5800 59 140.524490 0.000000 1000.000000 0.500258 140.024231 0.000000 0.000000 0.000000 0.000000 2.378223
5900 60 141.850372 0.000000 1000.000000 0.172551 142.778275 -1.100456 0.000000 0.000000 0.000000 3.269629
6000 61 151.058517 0.000000 1000.000000 0.452618 153.089600 -2.483702 0.000000 0.000000 0.000000 1.138524
6100 62 153.839676 0.000000 1000.000000 1.807629 154.394821 -2.362785 0.000000 0.000000 0.000000 2.294656
6200 63 123.533707 0.000000 1000.000000 0.471623 125.460999 -2.398917 0.000000 0.000000 0.000000 0.967943
6300 64 130.838486 0.000000 1000.000000 1.412451 131.688248 -2.262211 0.000000 0.000000 0.000000 1.784956
6400 65 133.629471 0.000000 1000.000000 0.515492 135.787323 -2.673341 0.000000 0.000000 0.000000 2.723459
6500 66 138.983612 0.000000 1000.000000 1.216178 143.849380 -2.787627 -3.294309 0.000000 0.000000 2.135815
6600 67 158.336456 0.000000 1000.000000 0.805683 164.038574 -3.556212 -2.951578 0.000000 0.000000 1.285565
6700 68 133.853439 0.000000 1000.000000 0.440830 135.474319 -2.061710 0.000000 0.000000 0.000000 1.089481
6800 69 147.835083 0.000000 1000.000000 1.232111 137.758591 -4.612863 13.457250 0.000000 0.000000 1.269033
6900 70 140.898178 0.000000 1000.000000 0.430689 143.141205 -3.421679 0.747958 0.000000 0.000000 2.906621
7000 71 151.776169 0.000000 1000.000000 2.777720 151.343124 -2.344688 0.000000 0.000000 0.000000 2.213676
7100 72 153.458511 0.000000 1000.000000 0.567158 155.022736 -2.131382 0.000000 0.000000 0.000000 2.729471
7200 73 139.750687 0.000000 1000.000000 0.814126 151.920288 -5.469292 -7.514454 0.000000 0.000000 2.065319
7300 74 128.829224 0.000000 1000.000000 1.395152 131.745483 -4.311409 0.000000 0.000000 0.000000 1.461374
7400 75 151.928162 0.000000 1000.000000 0.546962 153.504456 -2.123263 0.000000 0.000000 0.000000 2.003395
7500 76 139.644257 0.000000 1000.000000 1.574251 148.422470 -5.085083 -5.267385 0.000000 0.000000 1.028168
7600 77 134.669907 0.000000 1000.000000 0.171877 142.757980 -4.100300 -4.159660 0.000000 0.000000 1.223756
7700 78 137.825500 0.000000 1000.000000 0.366567 145.268143 -4.776258 -3.032938 0.000000 0.000000 1.514146
7800 79 142.249985 0.000000 1000.000000 1.458896 140.791092 0.000000 0.000000 0.000000 0.000000 1.857960
7900 80 138.776123 0.000000 1000.000000 0.290648 141.679047 -2.848506 -0.345068 0.000000 0.000000 1.283896
8000 81 140.615936 0.000000 1000.000000 0.519547 141.741486 -1.645099 0.000000 0.000000 0.000000 2.825930
8100 82 139.502701 0.000000 1000.000000 0.802349 139.148651 -0.448308 0.000000 0.000000 0.000000 3.221140
8200 83 155.276306 0.000000 1000.000000 0.633299 156.318024 -1.675023 0.000000 0.000000 0.000000 4.168995
8300 84 169.215836 0.000000 1000.000000 1.939671 167.851791 -0.575618 0.000000 0.000000 0.000000 2.879074
8400 85 136.337128 0.000000 1000.000000 1.029224 143.261978 -3.392814 -4.561259 0.000000 0.000000 2.414290
8500 86 136.427521 0.000000 1000.000000 0.816423 140.430588 -2.764950 -2.054534 0.000000 0.000000 1.222208
8600 87 144.194229 0.000000 1000.000000 1.890416 146.842606 -2.948365 -1.590418 0.000000 0.000000 2.904659
8700 88 142.006714 0.000000 1000.000000 1.566318 144.021729 -1.991780 -1.589561 0.000000 0.000000 3.433827
8800 89 143.220261 0.000000 1000.000000 0.325288 142.894974 0.000000 0.000000 0.000000 0.000000 2.369828
8900 90 137.981476 0.000000 1000.000000 1.059064 138.035614 -1.113212 0.000000 0.000000 0.000000 3.544955
9000 91 130.067413 0.000000 1000.000000 0.516420 139.489014 -4.413543 -5.524477 0.000000 0.000000 1.897363
9100 92 141.889267 0.000000 1000.000000 1.059452 146.331497 -3.500193 -2.001477 0.000000 0.000000 1.867350
9200 93 142.685165 0.000000 1000.000000 0.634141 143.714355 -1.663332 0.000000 0.000000 0.000000 4.106179
9300 94 121.565681 0.000000 1000.000000 0.521619 123.256599 -2.212538 0.000000 0.000000 0.000000 1.319941
9400 95 143.239212 0.000000 1000.000000 1.171879 145.313019 -3.245684 0.000000 0.000000 0.000000 1.828010
9500 96 121.566063 0.000000 1000.000000 0.168934 125.351906 -3.954770 0.000000 0.000000 0.000000 0.854098
9600 97 128.092468 0.000000 1000.000000 1.206179 128.125809 -1.239513 0.000000 0.000000 0.000000 0.695898
9700 98 129.239044 0.000000 1000.000000 0.283942 132.049545 -3.094439 0.000000 0.000000 0.000000 1.592746
9800 99 122.799675 0.000000 1000.000000 0.773514 127.028473 -2.768242 -2.234071 0.000000 0.000000 1.319737
9900 100 129.749268 0.000000 1000.000000 3.054058 126.695206 0.000000 0.000000 0.000000 0.000000 2.010867
10000 101 135.136276 0.000000 1000.000000 0.683711 137.027039 -2.574482 0.000000 0.000000 0.000000 0.949283
10100 102 118.317863 0.000000 1000.000000 0.496599 119.692017 -1.870751 0.000000 0.000000 0.000000 1.298385
10200 103 128.417801 0.000000 1000.000000 0.717876 132.241547 -2.810342 -1.731273 0.000000 0.000000 1.272088
10300 104 140.337570 0.000000 1000.000000 0.367132 143.792526 -3.583779 -0.238295 0.000000 0.000000 1.525398
10400 105 120.096413 0.000000 1000.000000 0.395339 122.418610 -2.717537 0.000000 0.000000 0.000000 1.958440
10500 106 128.269653 0.000000 1000.000000 0.766000 132.444122 -3.629525 -1.310943 0.000000 0.000000 1.400217
10600 107 123.404266 0.000000 1000.000000 1.237492 129.752960 -3.833344 -3.752837 0.000000 0.000000 0.960455
10700 108 126.973190 0.000000 1000.000000 0.242980 126.730209 0.000000 0.000000 0.000000 0.000000 3.498123
10800 109 111.753677 0.000000 1000.000000 0.768335 120.163193 -3.152144 -6.025706 0.000000 0.000000 2.462189
10900 110 129.924438 0.000000 1000.000000 0.392304 129.532135 0.000000 0.000000 0.000000 0.000000 1.341248
11000 111 136.560562 0.000000 1000.000000 2.555475 135.637970 -1.632888 0.000000 0.000000 0.000000 0.946559
11100 112 126.971809 0.000000 1000.000000 2.293434 125.231682 -0.553305 0.000000 0.000000 0.000000 2.601533
11200 113 125.419151 0.000000 1000.000000 1.152162 125.509727 -1.242740 0.000000 0.000000 0.000000 1.201478
11300 114 151.621506 0.000000 1000.000000 2.820227 154.416550 -5.301510 -0.313752 0.000000 0.000000 2.238271
11400 115 202.674622 0.000000 1000.000000 1.058365 121.200935 -3.906739 84.322067 0.000000 0.000000 0.924893
11500 116 274.668701 0.000000 1000.000000 2.240095 136.863144 -4.745943 140.311417 0.000000 0.000000 1.635017
11600 117 125.457153 0.000000 1000.000000 0.888866 125.921997 -1.353705 0.000000 0.000000 0.000000 2.812019
11700 118 161.328049 0.000000 1000.000000 0.373251 163.923462 -2.968663 0.000000 0.000000 0.000000 2.103380
11800 119 154.665726 0.000000 1000.000000 0.211701 154.454025 0.000000 0.000000 0.000000 0.000000 2.408770
11900 120 136.375076 0.000000 1000.000000 1.358844 138.069260 -3.053030 0.000000 0.000000 0.000000 2.498728
12000 121 118.751671 0.000000 1000.000000 1.867995 115.932564 -2.507093 3.458210 0.000000 0.000000 2.816385
12100 122 129.262863 0.000000 1000.000000 0.537535 134.924850 -3.001395 -3.198140 0.000000 0.000000 2.883680
12200 123 138.239883 0.000000 1000.000000 0.654854 138.294189 -0.709160 0.000000 0.000000 0.000000 5.362839
12300 124 146.162888 0.000000 1000.000000 0.274211 148.188583 -2.299907 0.000000 0.000000 0.000000 1.939343
12400 125 144.777878 0.000000 1000.000000 0.605791 146.146576 -1.974489 0.000000 0.000000 0.000000 1.720334
12500 126 147.593079 0.000000 1000.000000 0.356042 144.420151 -3.703577 6.520459 0.000000 0.000000 0.910215
12600 127 145.819992 0.000000 1000.000000 0.673872 145.696884 -3.041311 2.490542 0.000000 0.000000 1.301308
12700 128 143.550140 0.000000 1000.000000 2.018595 143.418320 -1.886787 0.000000 0.000000 0.000000 2.554608
12800 129 159.494553 0.000000 1000.000000 0.759020 130.317322 -2.040870 30.459070 0.000000 0.000000 1.784308
12900 130 127.935898 0.000000 1000.000000 0.769392 128.186874 -1.020367 0.000000 0.000000 0.000000 1.661304
13000 131 125.778419 0.000000 1000.000000 0.387115 131.306000 -2.048629 -3.866062 0.000000 0.000000 2.159548
13100 132 153.381607 0.000000 1000.000000 0.622733 152.758881 0.000000 0.000000 0.000000 0.000000 2.072633
13200 133 142.625992 0.000000 1000.000000 0.870289 148.278229 -3.242691 -3.279824 0.000000 0.000000 1.081978
13300 134 135.516830 0.000000 1000.000000 0.802769 134.714066 0.000000 0.000000 0.000000 0.000000 1.962205
13400 135 142.709915 0.000000 1000.000000 0.630066 150.810287 -3.157210 -5.573231 0.000000 0.000000 1.791114
13500 136 134.340500 0.000000 1000.000000 0.320965 138.106583 -4.087053 0.000000 0.000000 0.000000 1.473488
13600 137 104.496933 0.000000 1000.000000 0.964298 116.580482 -7.295121 -5.752724 0.000000 0.000000 0.631400
13700 138 133.843842 0.000000 1000.000000 0.282748 134.125366 -0.564276 0.000000 0.000000 0.000000 2.417498
13800 139 133.830688 0.000000 1000.000000 0.882377 134.415939 -1.467625 0.000000 0.000000 0.000000 2.553890
13900 140 146.796967 0.000000 1000.000000 0.708865 147.844269 -1.756167 0.000000 0.000000 0.000000 2.594803
14000 141 148.334915 0.000000 1000.000000 0.560347 143.603806 -4.889060 9.059814 0.000000 0.000000 4.649620
14100 142 145.424820 0.000000 1000.000000 0.411278 152.213242 -2.615561 -4.584142 0.000000 0.000000 1.884680
14200 143 145.739532 0.000000 1000.000000 1.467052 151.820953 -2.956265 -4.592209 0.000000 0.000000 2.102460
14300 144 133.840256 0.000000 1000.000000 0.949927 140.026291 -2.986790 -4.149177 0.000000 0.000000 2.254428
14400 145 144.697006 0.000000 1000.000000 0.889696 152.767914 -5.006183 -3.954424 0.000000 0.000000 2.692964
14500 146 153.406021 0.000000 1000.000000 1.116659 152.521210 -0.231846 0.000000 0.000000 0.000000 2.643764
14600 147 141.086090 0.000000 1000.000000 0.292758 146.990875 -5.601586 -0.595946 0.000000 0.000000 1.823734
14700 148 154.213043 0.000000 1000.000000 0.725737 152.850067 -6.519004 7.156231 0.000000 0.000000 1.003403
14800 149 152.269180 0.000000 1000.000000 0.349347 151.919830 0.000000 0.000000 0.000000 0.000000 2.987720
14900 150 138.409576 0.000000 1000.000000 0.523725 139.358566 -1.472712 0.000000 0.000000 0.000000 3.042526
15000 151 128.404037 0.000000 1000.000000 0.581587 135.608215 -4.513423 -3.272339 0.000000 0.000000 1.342204
15100 152 141.170319 0.000000 1000.000000 1.643358 137.577744 -1.453552 3.402777 0.000000 0.000000 2.496638
15200 153 148.762009 0.000000 1000.000000 1.657203 148.629959 -1.525140 0.000000 0.000000 0.000000 1.526580
15300 154 137.506149 0.000000 1000.000000 0.488464 139.714233 -2.696549 0.000000 0.000000 0.000000 1.659106
15400 155 138.808685 0.000000 1000.000000 0.335961 146.973892 -5.244658 -3.256510 0.000000 0.000000 0.800899
15500 156 143.596115 0.000000 1000.000000 1.323860 148.081726 -3.768378 -2.041085 0.000000 0.000000 2.193823
15600 157 156.258179 0.000000 1000.000000 0.343485 157.045975 -1.131293 0.000000 0.000000 0.000000 1.488044
15700 158 150.807358 0.000000 1000.000000 0.505772 151.519394 -1.217804 0.000000 0.000000 0.000000 2.604784
15800 159 326.873230 0.000000 1000.000000 2.555289 153.432480 -5.472315 176.357773 0.000000 0.000000 1.255671
15900 160 155.560272 0.000000 1000.000000 0.415849 156.931412 -1.786982 0.000000 0.000000 0.000000 5.168934
16000 161 143.961060 0.000000 1000.000000 1.760665 148.861145 -3.613067 -3.047686 0.000000 0.000000 2.008985
16100 162 147.975555 0.000000 1000.000000 0.903959 147.071594 0.000000 0.000000 0.000000 0.000000 2.013164
16200 163 163.803116 0.000000 1000.000000 1.803421 164.541046 -2.541344 0.000000 0.000000 0.000000 1.387024
16300 164 140.939224 0.000000 1000.000000 1.507268 141.828720 -2.248200 -0.148566 0.000000 0.000000 1.307756
16400 165 142.961151 0.000000 1000.000000 1.556568 152.694000 -5.265705 -6.023716 0.000000 0.000000 1.576195
16500 166 137.885315 0.000000 1000.000000 0.576252 141.348495 -4.039423 0.000000 0.000000 0.000000 0.920585
16600 167 129.808456 0.000000 1000.000000 0.899042 134.587372 -3.302524 -2.375449 0.000000 0.000000 1.495133
16700 168 143.022141 0.000000 1000.000000 2.147725 148.881119 -4.657122 -3.349586 0.000000 0.000000 1.570838
16800 169 143.553741 0.000000 1000.000000 0.502701 151.206528 -5.421869 -2.733613 0.000000 0.000000 1.324998
16900 170 158.242661 0.000000 1000.000000 1.771905 156.969360 -0.498608 0.000000 0.000000 0.000000 1.888020
17000 171 146.452728 0.000000 1000.000000 0.501682 149.993637 -7.809937 3.767354 0.000000 0.000000 0.812038
17100 172 149.798126 0.000000 1000.000000 0.961091 149.856186 -1.019157 0.000000 0.000000 0.000000 2.465456
17200 173 154.895767 0.000000 1000.000000 3.181510 151.714264 0.000000 0.000000 0.000000 0.000000 2.027816
17300 174 137.491180 0.000000 1000.000000 0.355704 142.013000 -4.194493 -0.683034 0.000000 0.000000 2.029320
17400 175 138.147003 0.000000 1000.000000 0.602182 141.986053 -2.041160 -2.400088 0.000000 0.000000 1.960802
17500 176 149.612152 0.000000 1000.000000 0.640651 151.649261 -2.677757 0.000000 0.000000 0.000000 2.237639
17600 177 132.093491 0.000000 1000.000000 1.042227 132.196167 -1.144901 0.000000 0.000000 0.000000 2.257358
17700 178 151.031387 0.000000 1000.000000 2.591557 148.439835 0.000000 0.000000 0.000000 0.000000 3.220490
17800 179 133.858902 0.000000 1000.000000 0.331406 139.759338 -3.400046 -2.831798 0.000000 0.000000 3.529845
17900 180 130.926788 0.000000 1000.000000 0.277536 133.966919 -3.317676 0.000000 0.000000 0.000000 2.187822
18000 181 143.587433 0.000000 1000.000000 0.412289 145.793411 -2.618263 0.000000 0.000000 0.000000 1.800914
18100 182 152.635040 0.000000 1000.000000 0.797888 154.882599 -3.045436 0.000000 0.000000 0.000000 2.716759
18200 183 138.532837 0.000000 1000.000000 0.736259 138.792923 -0.996332 0.000000 0.000000 0.000000 2.088344
18300 184 152.398453 0.000000 1000.000000 1.074016 154.019257 -2.694826 0.000000 0.000000 0.000000 1.647995
18400 185 139.512802 0.000000 1000.000000 1.076545 141.092117 -2.655859 0.000000 0.000000 0.000000 3.474136
18500 186 127.686752 0.000000 1000.000000 0.449519 140.589203 -6.842418 -6.509554 0.000000 0.000000 0.983457
18600 187 142.883865 0.000000 1000.000000 0.759619 133.648254 -3.500955 11.976959 0.000000 0.000000 2.146880
18700 188 130.680374 0.000000 1000.000000 0.951025 131.000671 -1.271316 0.000000 0.000000 0.000000 3.844967
18800 189 128.675812 0.000000 1000.000000 1.466408 128.910461 -1.701065 0.000000 0.000000 0.000000 1.468184
18900 190 121.407082 0.000000 1000.000000 0.590076 129.031677 -4.092911 -4.121759 0.000000 0.000000 1.312949
19000 191 130.824646 0.000000 1000.000000 1.115934 134.448547 -1.577097 -3.162735 0.000000 0.000000 2.843748
19100 192 158.279175 0.000000 1000.000000 1.677503 158.360504 -1.758830 0.000000 0.000000 0.000000 2.748820
19200 193 136.949127 0.000000 1000.000000 0.296806 137.944901 -1.292566 0.000000 0.000000 0.000000 2.380229
19300 194 138.109863 0.000000 1000.000000 0.930044 138.155640 -0.975811 0.000000 0.000000 0.000000 2.313600
19400 195 148.645004 0.000000 1000.000000 2.440146 146.578201 -0.373332 0.000000 0.000000 0.000000 2.118755
19500 196 139.891083 0.000000 1000.000000 0.970872 140.867050 -1.946834 0.000000 0.000000 0.000000 1.600835
19600 197 145.022568 0.000000 1000.000000 2.580482 143.149811 -0.707719 0.000000 0.000000 0.000000 2.324360
19700 198 141.491165 0.000000 1000.000000 0.903435 143.337067 -2.749347 0.000000 0.000000 0.000000 0.908536
19800 199 135.723816 0.000000 1000.000000 1.895355 135.810715 -1.982250 0.000000 0.000000 0.000000 0.939873
19900 200 141.626297 0.000000 1000.000000 0.684973 143.963791 -3.022463 0.000000 0.000000 0.000000 1.398494
20000 201 125.206711 0.000000 1000.000000 1.536095 125.381935 -1.711315 0.000000 0.000000 0.000000 1.582217
20100 202 132.884811 0.000000 1000.000000 2.527066 132.956741 -2.598998 0.000000 0.000000 0.000000 2.817834
20200 203 148.347488 0.000000 1000.000000 0.751828 148.144485 -0.548830 0.000000 0.000000 0.000000 2.447745
20300 204 135.194595 0.000000 1000.000000 1.264069 136.181580 -2.251056 0.000000 0.000000 0.000000 2.223798
20400 205 115.559708 0.000000 1000.000000 0.454642 116.100182 -0.995118 0.000000 0.000000 0.000000 3.001823
20500 206 136.073044 0.000000 1000.000000 0.306110 136.900467 -1.133523 0.000000 0.000000 0.000000 3.029230
20600 207 126.941177 0.000000 1000.000000 0.512895 127.465698 -1.037418 0.000000 0.000000 0.000000 2.980110
20700 208 136.682663 0.000000 1000.000000 2.378478 137.532990 -3.228801 0.000000 0.000000 0.000000 3.515018
20800 209 154.343964 0.000000 1000.000000 1.087245 153.535507 -0.278787 0.000000 0.000000 0.000000 2.148115
20900 210 135.240784 0.000000 1000.000000 2.066284 135.499557 -2.325060 0.000000 0.000000 0.000000 3.850096
21000 211 136.657272 0.000000 1000.000000 1.167953 135.489319 0.000000 0.000000 0.000000 0.000000 5.992424
21100 212 126.074799 0.000000 1000.000000 0.713296 132.735565 -4.842209 -2.531863 0.000000 0.000000 1.262918
21200 213 208.818207 0.000000 1000.000000 1.768801 153.933151 -2.297357 55.413620 0.000000 0.000000 1.133897
21300 214 257.112061 0.000000 1000.000000 6.092633 131.200546 -4.810043 124.628922 0.000000 0.000000 0.829081
21400 215 123.499115 0.000000 1000.000000 0.709013 125.425095 -2.634992 0.000000 0.000000 0.000000 2.885619
21500 216 173.869720 0.000000 1000.000000 1.737410 145.660309 -4.679619 31.151611 0.000000 0.000000 1.544848
21600 217 133.932632 0.000000 1000.000000 2.595524 139.259491 -4.062609 -3.859773 0.000000 0.000000 1.905124
21700 218 120.959877 0.000000 1000.000000 0.696262 126.828484 -2.179411 -4.385451 0.000000 0.000000 1.462763
21800 219 146.293121 0.000000 1000.000000 2.276382 153.984375 -3.546827 -6.420805 0.000000 0.000000 1.267648
21900 220 132.329117 0.000000 1000.000000 0.537172 133.542389 -1.750449 0.000000 0.000000 0.000000 1.429088
22000 221 121.503365 0.000000 1000.000000 0.553138 130.278534 -4.413691 -4.914613 0.000000 0.000000 1.746305
22100 222 165.685577 0.000000 1000.000000 1.345043 139.964340 -1.310104 25.686287 0.000000 0.000000 1.831945
22200 223 135.523682 0.000000 1000.000000 0.358500 136.672302 -1.507120 0.000000 0.000000 0.000000 2.077775
22300 224 129.921082 0.000000 1000.000000 1.931792 129.854263 -1.864978 0.000000 0.000000 0.000000 1.118435
22400 225 132.602158 0.000000 1000.000000 0.367516 136.034149 -1.810714 -1.988793 0.000000 0.000000 1.913040
22500 226 137.923813 0.000000 1000.000000 0.998243 132.508530 -3.189953 7.606990 0.000000 0.000000 1.019144
22600 227 129.311157 0.000000 1000.000000 0.370882 127.269974 -2.763300 4.433599 0.000000 0.000000 1.745366
22700 228 133.864136 0.000000 1000.000000 0.657021 133.558014 -0.350912 0.000000 0.000000 0.000000 4.062885
22800 229 134.991486 0.000000 1000.000000 1.912570 133.516846 -0.437929 0.000000 0.000000 0.000000 3.159302
22900 230 131.088562 0.000000 1000.000000 0.513303 131.772278 -1.197020 0.000000 0.000000 0.000000 3.832870
23000 231 136.914703 0.000000 1000.000000 0.528963 137.785416 -1.399678 0.000000 0.000000 0.000000 2.173441
23100 232 121.331169 0.000000 1000.000000 0.260499 121.070671 0.000000 0.000000 0.000000 0.000000 2.213063
23200 233 123.616699 0.000000 1000.000000 0.508408 125.753906 -2.645617 0.000000 0.000000 0.000000 1.808734
23300 234 120.384285 0.000000 1000.000000 0.405834 121.114227 -1.135772 0.000000 0.000000 0.000000 1.226617
23400 235 139.684845 0.000000 1000.000000 0.471070 140.528229 -1.314450 0.000000 0.000000 0.000000 1.194107
23500 236 139.788223 0.000000 1000.000000 2.527748 138.814194 -1.553723 0.000000 0.000000 0.000000 4.183457
23600 237 127.209824 0.000000 1000.000000 0.681779 129.158676 -2.630630 0.000000 0.000000 0.000000 2.616371
23700 238 158.261017 0.000000 1000.000000 0.239842 158.021179 0.000000 0.000000 0.000000 0.000000 3.501242
23800 239 134.963776 0.000000 1000.000000 1.302594 134.387039 -0.725862 0.000000 0.000000 0.000000 3.481170
23900 240 133.427872 0.000000 1000.000000 0.742576 141.816071 -2.479453 -6.651329 0.000000 0.000000 1.713931
24000 241 150.301987 0.000000 1000.000000 3.088553 146.945435 -2.193922 2.461929 0.000000 0.000000 2.388494
24100 242 147.335648 0.000000 1000.000000 0.526191 146.809464 0.000000 0.000000 0.000000 0.000000 2.560826
24200 243 123.632484 0.000000 1000.000000 0.913587 125.619614 -2.900716 0.000000 0.000000 0.000000 1.947542
24300 244 121.246201 0.000000 1000.000000 0.117278 123.926292 -2.138294 -0.659076 0.000000 0.000000 1.397894
24400 245 125.197990 0.000000 1000.000000 1.253416 125.644981 -1.700409 0.000000 0.000000 0.000000 2.260635
24500 246 128.918854 0.000000 1000.000000 0.276855 132.620209 -3.978211 0.000000 0.000000 0.000000 1.486831
24600 247 129.366959 0.000000 1000.000000 0.503252 130.807739 -1.944027 0.000000 0.000000 0.000000 1.657444
24700 248 136.932098 0.000000 1000.000000 1.593139 137.642975 -1.383646 -0.920368 0.000000 0.000000 3.641785
24800 249 154.117050 0.000000 1000.000000 1.907021 152.634338 -0.424323 0.000000 0.000000 0.000000 4.628711
24900 250 142.933609 0.000000 1000.000000 0.331152 143.147614 -0.545144 0.000000 0.000000 0.000000 5.052409
25000 251 141.436722 0.000000 1000.000000 0.462606 141.808609 -0.834489 0.000000 0.000000 0.000000 2.366696
25100 252 139.224640 0.000000 1000.000000 3.679438 138.183563 -2.638363 0.000000 0.000000 0.000000 3.223350
25200 253 146.350754 0.000000 1000.000000 0.459269 146.987625 -1.096144 0.000000 0.000000 0.000000 4.120823
25300 254 153.500778 0.000000 1000.000000 1.237141 145.733078 -2.791496 9.322061 0.000000 0.000000 4.783903
25400 255 147.749664 0.000000 1000.000000 2.437663 146.690598 -1.378605 0.000000 0.000000 0.000000 2.581970
25500 256 140.052811 0.000000 1000.000000 2.299235 139.375885 -1.622318 0.000000 0.000000 0.000000 4.132500
25600 257 122.665237 0.000000 1000.000000 0.231039 129.159485 -2.849927 -3.875352 0.000000 0.000000 2.148433
25700 258 149.230942 0.000000 1000.000000 1.406896 151.811081 -3.987027 0.000000 0.000000 0.000000 1.540072
25800 259 134.573990 0.000000 1000.000000 0.291160 136.127350 -1.844519 0.000000 0.000000 0.000000 1.740880
25900 260 130.603058 0.000000 1000.000000 1.369908 132.181198 -2.948050 0.000000 0.000000 0.000000 1.452202
26000 261 119.378578 0.000000 1000.000000 1.644924 118.465439 -0.731785 0.000000 0.000000 0.000000 1.827608
26100 262 107.934669 0.000000 1000.000000 0.711048 109.856438 -2.632809 0.000000 0.000000 0.000000 1.683914
26200 263 113.569092 0.000000 1000.000000 0.262210 114.139618 -0.832733 0.000000 0.000000 0.000000 2.309027
26300 264 122.892532 0.000000 1000.000000 1.456430 124.287308 -2.851207 0.000000 0.000000 0.000000 1.891024
26400 265 124.517059 0.000000 1000.000000 0.607136 124.985756 -1.075837 0.000000 0.000000 0.000000 1.723363
26500 266 114.643074 0.000000 1000.000000 0.731588 121.552551 -4.824256 -2.816811 0.000000 0.000000 1.063851
26600 267 124.352448 0.000000 1000.000000 0.737579 125.717285 -2.102416 0.000000 0.000000 0.000000 1.121321
26700 268 134.824112 0.000000 1000.000000 0.510600 141.484726 -4.787135 -2.384074 0.000000 0.000000 1.149153
26800 269 137.195984 0.000000 1000.000000 0.389181 138.789139 -1.982336 0.000000 0.000000 0.000000 0.765887
26900 270 142.679947 0.000000 1000.000000 0.488715 139.918320 -4.650635 6.923550 0.000000 0.000000 0.486799
27000 271 128.077820 0.000000 1000.000000 1.290940 130.641434 -3.854552 0.000000 0.000000 0.000000 0.870137
27100 272 137.064423 0.000000 1000.000000 0.989442 137.182419 -1.107435 0.000000 0.000000 0.000000 1.886045
27200 273 123.153908 0.000000 1000.000000 0.725300 131.535263 -3.765085 -5.341560 0.000000 0.000000 1.792817
27300 274 133.107788 0.000000 1000.000000 1.626356 138.777649 -2.964834 -4.331391 0.000000 0.000000 1.877200
27400 275 140.127441 0.000000 1000.000000 2.180348 142.794907 -2.649427 -2.198385 0.000000 0.000000 1.209205
27500 276 142.283905 0.000000 1000.000000 2.080022 142.620544 -2.416651 0.000000 0.000000 0.000000 1.554686
27600 277 136.920593 0.000000 1000.000000 0.929872 135.990723 0.000000 0.000000 0.000000 0.000000 2.349382
27700 278 114.419533 0.000000 1000.000000 0.549688 116.960335 -3.090493 0.000000 0.000000 0.000000 1.658496
27800 279 130.227219 0.000000 1000.000000 0.455922 141.870560 -3.270029 -8.829225 0.000000 0.000000 3.679728
27900 280 140.008255 0.000000 1000.000000 0.681294 142.543854 -3.216888 0.000000 0.000000 0.000000 1.629165
28000 281 123.738800 0.000000 1000.000000 1.184612 123.936630 -1.382437 0.000000 0.000000 0.000000 1.856390
28100 282 147.198135 0.000000 1000.000000 1.365884 148.682129 -2.849885 0.000000 0.000000 0.000000 4.360093
28200 283 151.391159 0.000000 1000.000000 0.767071 154.940140 -4.316062 0.000000 0.000000 0.000000 1.017672
28300 284 152.386032 0.000000 1000.000000 0.792739 152.799210 -1.205920 0.000000 0.000000 0.000000 0.840499
28400 285 152.451172 0.000000 1000.000000 0.349645 152.101532 0.000000 0.000000 0.000000 0.000000 2.508481
28500 286 150.591110 0.000000 1000.000000 0.296723 158.070923 -2.427653 -5.348882 0.000000 0.000000 2.654399
28600 287 121.213196 0.000000 1000.000000 0.180497 121.032700 0.000000 0.000000 0.000000 0.000000 3.227293
28700 288 145.047668 0.000000 1000.000000 1.644960 144.637924 -1.235207 0.000000 0.000000 0.000000 5.363397
28800 289 138.970520 0.000000 1000.000000 1.037334 137.933182 0.000000 0.000000 0.000000 0.000000 2.574911
28900 290 128.844574 0.000000 1000.000000 1.021547 141.417618 -6.419442 -7.175142 0.000000 0.000000 1.748144
29000 291 135.608612 0.000000 1000.000000 0.599211 137.369019 -2.359625 0.000000 0.000000 0.000000 1.665561
29100 292 143.679382 0.000000 1000.000000 0.433480 144.444412 -1.198520 0.000000 0.000000 0.000000 3.320962
29200 293 128.863327 0.000000 1000.000000 0.577198 129.408615 -1.122488 0.000000 0.000000 0.000000 1.677440
29300 294 142.897186 0.000000 1000.000000 1.573916 142.261215 -0.937937 0.000000 0.000000 0.000000 2.440796
29400 295 140.836288 0.000000 1000.000000 1.262909 141.218201 -1.644822 0.000000 0.000000 0.000000 2.129416
29500 296 129.783081 0.000000 1000.000000 0.852437 130.236908 -1.306263 0.000000 0.000000 0.000000 1.297946
29600 297 130.528198 0.000000 1000.000000 0.636707 131.587936 -1.696448 0.000000 0.000000 0.000000 2.278105
29700 298 127.322182 0.000000 1000.000000 1.224976 127.316231 -1.219031 0.000000 0.000000 0.000000 2.643547
29800 299 140.872894 0.000000 1000.000000 0.666846 140.206055 0.000000 0.000000 0.000000 0.000000 3.037752
29900 300 145.856628 0.000000 1000.000000 0.665312 145.191315 0.000000 0.000000 0.000000 0.000000 1.901072
30000 301 122.502182 0.000000 1000.000000 0.605513 123.966415 -2.069748 0.000000 0.000000 0.000000 2.829950
30100 302 121.464821 0.000000 1000.000000 1.322255 122.384964 -2.242402 0.000000 0.000000 0.000000 1.965167
30200 303 159.779938 0.000000 1000.000000 1.310518 160.797134 -2.327705 0.000000 0.000000 0.000000 2.618342
30300 304 130.558853 0.000000 1000.000000 0.766369 132.107544 -2.315065 0.000000 0.000000 0.000000 2.700546
30400 305 137.632309 0.000000 1000.000000 0.641851 138.595535 -1.605065 0.000000 0.000000 0.000000 2.483820
30500 306 146.504745 0.000000 1000.000000 0.624542 147.694763 -1.814565 0.000000 0.000000 0.000000 1.835589
30600 307 140.757034 0.000000 1000.000000 0.324112 130.290146 -4.152525 14.295297 0.000000 0.000000 2.215306
30700 308 125.803192 0.000000 1000.000000 0.217927 126.173637 -0.588374 0.000000 0.000000 0.000000 2.300295
30800 309 134.054108 0.000000 1000.000000 0.199596 134.645828 -0.791317 0.000000 0.000000 0.000000 1.781456
30900 310 168.909012 0.000000 1000.000000 1.783303 136.450256 -3.771819 34.447269 0.000000 0.000000 1.438246
31000 311 142.642181 0.000000 1000.000000 0.402910 144.878448 -2.639172 0.000000 0.000000 0.000000 1.716296
31100 312 122.507164 0.000000 1000.000000 0.714956 122.680031 -0.887825 0.000000 0.000000 0.000000 3.398720
31200 313 127.732994 0.000000 1000.000000 0.503185 128.067307 -0.837502 0.000000 0.000000 0.000000 2.924417
31300 314 141.658066 0.000000 1000.000000 0.874049 141.440399 -0.656392 0.000000 0.000000 0.000000 2.869712
31400 315 137.800949 0.000000 1000.000000 1.854668 138.845108 -2.898829 0.000000 0.000000 0.000000 2.566068
31500 316 142.534012 0.000000 1000.000000 0.454268 143.314774 -1.235027 0.000000 0.000000 0.000000 3.717393
31600 317 155.238739 0.000000 1000.000000 0.312887 157.825287 -2.899426 0.000000 0.000000 0.000000 2.923317
31700 318 128.758789 0.000000 1000.000000 0.782609 132.886505 -2.954817 -1.955502 0.000000 0.000000 1.422237
31800 319 140.392120 0.000000 1000.000000 0.979975 139.412140 0.000000 0.000000 0.000000 0.000000 1.972258
31900 320 129.260986 0.000000 1000.000000 1.178521 133.525940 -2.955183 -2.488290 0.000000 0.000000 2.458383
32000 321 119.039658 0.000000 1000.000000 1.317210 120.146523 -2.424070 0.000000 0.000000 0.000000 2.416379
32100 322 138.503311 0.000000 1000.000000 0.114886 139.448471 -1.060046 0.000000 0.000000 0.000000 1.485232
32200 323 152.452057 0.000000 1000.000000 0.900578 152.493652 -0.942168 0.000000 0.000000 0.000000 2.269606
32300 324 155.401337 0.000000 1000.000000 0.941332 155.680145 -1.220132 0.000000 0.000000 0.000000 1.021511
32400 325 150.213898 0.000000 1000.000000 0.357114 147.473999 -6.542630 8.925417 0.000000 0.000000 0.977168
32500 326 141.360001 0.000000 1000.000000 0.442223 144.812668 -3.894881 0.000000 0.000000 0.000000 1.368109
32600 327 134.360870 0.000000 1000.000000 0.837556 134.572815 -1.049501 0.000000 0.000000 0.000000 2.046599
32700 328 141.999039 0.000000 1000.000000 0.228403 144.960846 -3.190215 0.000000 0.000000 0.000000 0.921002
32800 329 155.492355 0.000000 1000.000000 1.017217 156.296616 -1.821477 0.000000 0.000000 0.000000 1.448942
32900 330 138.620789 0.000000 1000.000000 0.734541 139.426193 -1.539946 0.000000 0.000000 0.000000 2.561209
33000 331 143.539429 0.000000 1000.000000 0.368674 147.036301 -3.865538 0.000000 0.000000 0.000000 0.827867
33100 332 132.159225 0.000000 1000.000000 0.702590 133.333786 -1.877144 0.000000 0.000000 0.000000 1.064960
33200 333 143.111404 0.000000 1000.000000 0.505957 144.545792 -1.940344 0.000000 0.000000 0.000000 1.436157
33300 334 141.324219 0.000000 1000.000000 0.467538 142.676407 -1.819736 0.000000 0.000000 0.000000 1.840518
33400 335 157.792999 0.000000 1000.000000 0.346881 158.814255 -1.368137 0.000000 0.000000 0.000000 2.360814
33500 336 148.752029 0.000000 1000.000000 0.811724 150.979248 -3.038943 0.000000 0.000000 0.000000 1.471541
33600 337 151.240799 0.000000 1000.000000 0.408418 154.114578 -3.282191 0.000000 0.000000 0.000000 1.686265
33700 338 154.923309 0.000000 1000.000000 0.187921 156.984833 -2.249446 0.000000 0.000000 0.000000 2.145179
33800 339 160.987274 0.000000 1000.000000 0.835242 148.963928 -2.325628 13.513734 0.000000 0.000000 0.955922
33900 340 146.344421 0.000000 1000.000000 0.337943 149.024338 -3.017851 0.000000 0.000000 0.000000 1.927151
34000 341 148.157227 0.000000 1000.000000 0.135926 149.192520 -1.171214 0.000000 0.000000 0.000000 3.040118
34100 342 131.753235 0.000000 1000.000000 0.692675 145.510864 -6.172290 -8.278009 0.000000 0.000000 1.007691
34200 343 157.213196 0.000000 1000.000000 1.300854 143.980698 -3.281035 15.212674 0.000000 0.000000 2.239476
34300 344 121.486961 0.000000 1000.000000 0.414432 123.421318 -2.348785 0.000000 0.000000 0.000000 1.443897
34400 345 151.051712 0.000000 1000.000000 2.897439 148.891205 -0.736938 0.000000 0.000000 0.000000 2.331174
34500 346 143.750565 0.000000 1000.000000 0.284761 144.580734 -1.114926 0.000000 0.000000 0.000000 2.015285
34600 347 193.729736 0.000000 1000.000000 0.871139 159.782303 -3.847246 36.923531 0.000000 0.000000 1.102533
34700 348 139.392715 0.000000 1000.000000 0.272778 140.510391 -1.390454 0.000000 0.000000 0.000000 1.475173
34800 349 143.866104 0.000000 1000.000000 0.299916 148.344040 -2.351507 -2.426344 0.000000 0.000000 1.136897
34900 350 137.080841 0.000000 1000.000000 0.885216 141.989044 -2.074830 -3.718601 0.000000 0.000000 1.939985
35000 351 152.666687 0.000000 1000.000000 0.753457 152.274002 -0.360786 0.000000 0.000000 0.000000 4.775624
35100 352 147.045593 0.000000 1000.000000 0.647930 147.848114 -1.450459 0.000000 0.000000 0.000000 2.467390
35200 353 147.475693 0.000000 1000.000000 1.012456 146.828903 -0.365664 0.000000 0.000000 0.000000 2.655154
35300 354 145.772339 0.000000 1000.000000 0.349207 147.095673 -1.672542 0.000000 0.000000 0.000000 3.077868
35400 355 134.362427 0.000000 1000.000000 1.380823 134.767426 -1.785823 0.000000 0.000000 0.000000 2.319793
35500 356 141.454453 0.000000 1000.000000 0.524510 142.921982 -1.992030 0.000000 0.000000 0.000000 2.605816
35600 357 132.235306 0.000000 1000.000000 0.307970 137.970642 -3.397763 -2.645535 0.000000 0.000000 1.290403
35700 358 145.277039 0.000000 1000.000000 0.962417 150.508102 -3.011471 -3.182003 0.000000 0.000000 1.896479
35800 359 135.194748 0.000000 1000.000000 0.263731 142.416214 -3.120095 -4.365093 0.000000 0.000000 3.092192
35900 360 139.729889 0.000000 1000.000000 0.302216 141.435822 -2.008151 0.000000 0.000000 0.000000 2.396884
36000 361 141.910248 0.000000 1000.000000 0.344926 142.899124 -1.333795 0.000000 0.000000 0.000000 3.036761
36100 362 143.459702 0.000000 1000.000000 0.375142 144.411789 -1.327220 0.000000 0.000000 0.000000 1.778736
36200 363 132.674606 0.000000 1000.000000 0.212537 135.949905 -2.393296 -1.094537 0.000000 0.000000 1.557454
36300 364 141.626694 0.000000 1000.000000 0.415864 141.210831 0.000000 0.000000 0.000000 0.000000 2.969745
36400 365 132.497635 0.000000 1000.000000 0.336952 134.967941 -2.807255 0.000000 0.000000 0.000000 2.171414
36500 366 140.433258 0.000000 1000.000000 0.618225 143.715790 -2.950757 -0.949991 0.000000 0.000000 1.715056
36600 367 156.647720 0.000000 1000.000000 0.244067 157.655792 -1.252138 0.000000 0.000000 0.000000 4.824176
36700 368 135.360596 0.000000 1000.000000 0.373447 136.917465 -1.930309 0.000000 0.000000 0.000000 2.289243
36800 369 147.402817 0.000000 1000.000000 0.404615 147.871964 -0.873759 0.000000 0.000000 0.000000 3.249269
36900 370 143.734390 0.000000 1000.000000 0.144336 144.263275 -0.673222 0.000000 0.000000 0.000000 4.521477
37000 371 160.362686 0.000000 1000.000000 0.498192 161.749176 -1.884692 0.000000 0.000000 0.000000 3.875846
37100 372 133.644379 0.000000 1000.000000 0.273162 141.444870 -3.550334 -4.523310 0.000000 0.000000 2.403462
37200 373 154.119888 0.000000 1000.000000 0.319294 154.858658 -1.058063 0.000000 0.000000 0.000000 4.698301
37300 374 146.510269 0.000000 1000.000000 0.323957 147.223740 -1.037431 0.000000 0.000000 0.000000 1.737772
37400 375 136.840469 0.000000 1000.000000 0.641775 142.028275 -2.303304 -3.526271 0.000000 0.000000 1.978894
37500 376 153.907639 0.000000 1000.000000 0.271324 153.636307 0.000000 0.000000 0.000000 0.000000 1.929294
37600 377 142.500977 0.000000 1000.000000 0.243725 148.735336 -4.688900 -1.789180 0.000000 0.000000 1.389173
37700 378 145.476395 0.000000 1000.000000 0.206734 148.611008 -3.974535 0.633175 0.000000 0.000000 1.329679
37800 379 143.122498 0.000000 1000.000000 0.349803 143.793869 -1.021179 0.000000 0.000000 0.000000 2.448065
37900 380 148.156281 0.000000 1000.000000 0.302006 153.576599 -3.324409 -2.397926 0.000000 0.000000 1.773517
38000 381 164.042816 0.000000 1000.000000 0.787857 169.728455 -4.576353 -1.897142 0.000000 0.000000 1.140062
38100 382 144.165421 0.000000 1000.000000 0.388602 145.034027 -1.257205 0.000000 0.000000 0.000000 1.650766
38200 383 136.186020 0.000000 1000.000000 0.298456 137.047363 -1.159806 0.000000 0.000000 0.000000 2.646212
38300 384 139.784729 0.000000 1000.000000 0.389858 140.471725 -1.076853 0.000000 0.000000 0.000000 2.235668
38400 385 153.849548 0.000000 1000.000000 0.989171 158.301132 -2.173231 -3.267524 0.000000 0.000000 2.184200
38500 386 137.885147 0.000000 1000.000000 0.157972 140.867966 -2.719030 -0.421765 0.000000 0.000000 2.361293
38600 387 149.462051 0.000000 1000.000000 0.882315 153.736115 -1.098834 -4.057535 0.000000 0.000000 5.083045
38700 388 140.900848 0.000000 1000.000000 0.225464 147.907867 -2.727153 -4.505325 0.000000 0.000000 3.250338
38800 389 146.315781 0.000000 1000.000000 0.270044 147.187271 -1.141534 0.000000 0.000000 0.000000 2.468848
38900 390 143.343155 0.000000 1000.000000 0.253893 148.849991 -1.792956 -3.967780 0.000000 0.000000 3.755108
39000 391 150.607834 0.000000 1000.000000 1.106156 149.501678 0.000000 0.000000 0.000000 0.000000 3.712585
39100 392 142.409119 0.000000 1000.000000 0.354278 142.540283 -0.485449 0.000000 0.000000 0.000000 3.930669
39200 393 160.910660 0.000000 1000.000000 0.578605 161.769775 -1.437719 0.000000 0.000000 0.000000 4.906914
39300 394 152.001221 0.000000 1000.000000 1.186323 158.719788 -4.201501 -3.703377 0.000000 0.000000 1.419217
39400 395 127.104073 0.000000 1000.000000 0.482187 136.802948 -4.462129 -5.718944 0.000000 0.000000 2.015698
39500 396 143.904205 0.000000 1000.000000 0.274910 147.284653 -1.960067 -1.695284 0.000000 0.000000 1.796020
39600 397 142.432404 0.000000 1000.000000 0.560412 145.843506 -3.604274 -0.367235 0.000000 0.000000 1.130840
39700 398 152.210648 0.000000 1000.000000 0.838727 154.609436 -2.290076 -0.947451 0.000000 0.000000 3.167098
39800 399 151.087860 0.000000 1000.000000 0.485066 151.845306 -1.242515 0.000000 0.000000 0.000000 2.892266
39900 400 133.208633 0.000000 1000.000000 0.378925 139.536270 -4.451492 -2.255062 0.000000 0.000000 2.629340
40000 401 153.520462 0.000000 1000.000000 0.898091 154.414337 -1.791964 0.000000 0.000000 0.000000 1.123570
40100 402 131.246613 0.000000 1000.000000 0.251795 137.325989 -3.605752 -2.725424 0.000000 0.000000 1.138515
40200 403 146.523804 0.000000 1000.000000 0.114465 147.381683 -0.972356 0.000000 0.000000 0.000000 1.733346
40300 404 149.233826 0.000000 1000.000000 0.620772 150.781342 -2.168294 0.000000 0.000000 0.000000 1.260938
40400 405 159.000488 0.000000 1000.000000 0.147833 158.852661 0.000000 0.000000 0.000000 0.000000 2.151261
40500 406 163.076721 0.000000 1000.000000 0.780643 161.068436 -5.606272 6.833924 0.000000 0.000000 0.784824
40600 407 146.648178 0.000000 1000.000000 2.760700 143.965347 -0.077871 0.000000 0.000000 0.000000 3.088808
40700 408 173.574539 0.000000 1000.000000 0.402338 156.857941 -2.347060 18.661316 0.000000 0.000000 1.791339
40800 409 143.332336 0.000000 1000.000000 1.044551 143.507660 -1.219885 0.000000 0.000000 0.000000 1.815320
40900 410 147.989548 0.000000 1000.000000 1.102207 148.373474 -1.486128 0.000000 0.000000 0.000000 1.402729
41000 411 146.977386 0.000000 1000.000000 0.287967 156.818619 -4.978411 -5.150785 0.000000 0.000000 3.486929
41100 412 163.908722 0.000000 1000.000000 0.347083 166.147751 -2.586108 0.000000 0.000000 0.000000 1.591823
41200 413 156.988464 0.000000 1000.000000 1.177790 161.358917 -3.434975 -2.113260 0.000000 0.000000 1.597020
41300 414 159.449753 0.000000 1000.000000 0.707575 160.586517 -1.844342 0.000000 0.000000 0.000000 1.831979
41400 415 137.713028 0.000000 1000.000000 0.759058 147.415588 -6.410010 -4.051619 0.000000 0.000000 1.323280
41500 416 141.747467 0.000000 1000.000000 0.254597 147.320587 -3.996527 -1.831191 0.000000 0.000000 2.138781
41600 417 145.383743 0.000000 1000.000000 0.177527 146.969681 -1.763457 0.000000 0.000000 0.000000 2.459937
41700 418 150.487350 0.000000 1000.000000 1.566760 151.113235 -2.192646 0.000000 0.000000 0.000000 3.486195
41800 419 160.412186 0.000000 1000.000000 0.583500 167.030075 -3.024900 -4.176484 0.000000 0.000000 1.951207
41900 420 148.027084 0.000000 1000.000000 0.498799 149.693497 -2.165211 0.000000 0.000000 0.000000 1.785152
42000 421 134.950211 0.000000 1000.000000 0.820230 136.845291 -2.715310 0.000000 0.000000 0.000000 1.910694
42100 422 145.395935 0.000000 1000.000000 1.347211 145.441757 -1.393032 0.000000 0.000000 0.000000 1.549457
42200 423 182.161407 0.000000 1000.000000 1.284240 174.071686 -2.722982 9.528461 0.000000 0.000000 0.947909
42300 424 182.306625 0.000000 1000.000000 1.004767 163.985855 -3.608622 20.924639 0.000000 0.000000 3.337578
42400 425 170.345810 0.000000 1000.000000 0.307731 171.235565 -1.197482 0.000000 0.000000 0.000000 1.253644
42500 426 188.265091 0.000000 1000.000000 0.843348 195.310440 -2.733234 -5.155474 0.000000 0.000000 1.369355
42600 427 157.279785 0.000000 1000.000000 0.367706 161.683350 -2.171865 -2.599406 0.000000 0.000000 1.548518
42700 428 140.755356 0.000000 1000.000000 0.513245 145.286850 -2.724414 -2.320333 0.000000 0.000000 2.926149
42800 429 147.293427 0.000000 1000.000000 0.199325 148.377853 -1.283751 0.000000 0.000000 0.000000 1.437141
42900 430 148.351868 0.000000 1000.000000 1.140218 154.349701 -4.157416 -2.980636 0.000000 0.000000 1.473984
43000 431 175.494614 0.000000 1000.000000 0.644989 175.836685 -0.987064 0.000000 0.000000 0.000000 4.851151
43100 432 131.392700 0.000000 1000.000000 2.995343 134.795273 -4.274171 -2.123755 0.000000 0.000000 1.673704
43200 433 154.153549 0.000000 1000.000000 2.619864 142.292465 -4.234066 13.475293 0.000000 0.000000 1.773930
43300 434 155.447861 0.000000 1000.000000 0.442199 156.830551 -1.824888 0.000000 0.000000 0.000000 1.750560
43400 435 151.396500 0.000000 1000.000000 0.174615 152.125656 -0.903785 0.000000 0.000000 0.000000 1.753589
43500 436 138.580963 0.000000 1000.000000 1.083927 139.106079 -1.609034 0.000000 0.000000 0.000000 1.698196
43600 437 127.518570 0.000000 1000.000000 0.252429 134.227844 -2.959475 -4.002227 0.000000 0.000000 0.872801
43700 438 144.731628 0.000000 1000.000000 0.777119 147.698822 -1.139282 -2.605027 0.000000 0.000000 2.509599
43800 439 145.250641 0.000000 1000.000000 1.891810 143.358826 0.000000 0.000000 0.000000 0.000000 3.095830
43900 440 144.455124 0.000000 1000.000000 1.318891 145.612457 -2.476231 0.000000 0.000000 0.000000 4.507813
44000 441 138.073624 0.000000 1000.000000 0.787621 139.166138 -1.880140 0.000000 0.000000 0.000000 1.942182
44100 442 165.219284 0.000000 1000.000000 0.698273 151.226776 -5.119400 18.413639 0.000000 0.000000 1.913135
44200 443 147.767365 0.000000 1000.000000 0.523428 151.759415 -1.805075 -2.710403 0.000000 0.000000 3.363192
44300 444 134.272430 0.000000 1000.000000 2.028436 138.739899 -3.606364 -2.889547 0.000000 0.000000 1.111843
44400 445 123.616150 0.000000 1000.000000 1.413194 133.617645 -4.511619 -6.903075 0.000000 0.000000 1.059076
44500 446 196.207123 0.000000 1000.000000 2.033986 137.690994 -2.578767 59.060913 0.000000 0.000000 1.780191
44600 447 108.422226 0.000000 1000.000000 0.267028 112.152252 -3.997056 0.000000 0.000000 0.000000 2.849816
44700 448 131.748215 0.000000 1000.000000 0.201456 132.623093 -1.076346 0.000000 0.000000 0.000000 1.318595
44800 449 121.592300 0.000000 1000.000000 0.381081 132.092880 -4.330242 -6.551424 0.000000 0.000000 1.069000
44900 450 136.561218 0.000000 1000.000000 0.331655 137.191483 -0.961908 0.000000 0.000000 0.000000 2.111962
45000 451 160.439575 0.000000 1000.000000 0.525506 161.726440 -1.812373 0.000000 0.000000 0.000000 3.156044
45100 452 157.526535 0.000000 1000.000000 0.952839 159.790466 -3.216764 0.000000 0.000000 0.000000 0.996998
45200 453 139.755051 0.000000 1000.000000 0.214154 151.685959 -5.024876 -7.120189 0.000000 0.000000 1.965634
45300 454 141.184219 0.000000 1000.000000 1.184444 142.562454 -2.562685 0.000000 0.000000 0.000000 1.213816
45400 455 141.053970 0.000000 1000.000000 0.189027 143.089783 -2.224836 0.000000 0.000000 0.000000 2.727158
45500 456 149.193283 0.000000 1000.000000 1.790881 149.825089 -2.422679 0.000000 0.000000 0.000000 1.899982
45600 457 162.126434 0.000000 1000.000000 2.908410 160.943405 -1.725390 0.000000 0.000000 0.000000 1.201990
45700 458 142.586700 0.000000 1000.000000 0.224426 141.442368 -2.385104 3.305007 0.000000 0.000000 1.420989
45800 459 155.533279 0.000000 1000.000000 0.564951 156.386703 -1.418386 0.000000 0.000000 0.000000 1.912852
45900 460 147.203583 0.000000 1000.000000 0.267823 150.017975 -3.082219 0.000000 0.000000 0.000000 2.320964
46000 461 168.363510 0.000000 1000.000000 0.226051 169.963150 -1.825679 0.000000 0.000000 0.000000 2.302818
46100 462 130.553726 0.000000 1000.000000 0.625593 132.694656 -2.766532 0.000000 0.000000 0.000000 1.238176
46200 463 137.428635 0.000000 1000.000000 0.429904 139.973007 -2.974267 0.000000 0.000000 0.000000 1.560003
46300 464 161.966293 0.000000 1000.000000 0.476613 163.381775 -1.892088 0.000000 0.000000 0.000000 2.374636
46400 465 162.320068 0.000000 1000.000000 0.944499 166.801697 -2.842521 -2.583611 0.000000 0.000000 2.466947
46500 466 142.419174 0.000000 1000.000000 1.792221 141.890091 -1.263141 0.000000 0.000000 0.000000 1.069135
46600 467 154.927383 0.000000 1000.000000 0.511729 155.963745 -1.548094 0.000000 0.000000 0.000000 1.378891
46700 468 139.311615 0.000000 1000.000000 0.452571 142.251404 -3.392370 0.000000 0.000000 0.000000 1.586538
46800 469 155.479721 0.000000 1000.000000 0.639398 157.278168 -2.437845 0.000000 0.000000 0.000000 2.766585
46900 470 156.142853 0.000000 1000.000000 0.824530 155.853241 -0.534918 0.000000 0.000000 0.000000 2.324663
47000 471 155.875931 0.000000 1000.000000 0.542015 154.971252 -2.015731 2.378392 0.000000 0.000000 2.530992
47100 472 150.685257 0.000000 1000.000000 1.475135 149.210129 0.000000 0.000000 0.000000 0.000000 2.112208
47200 473 158.155014 0.000000 1000.000000 0.683512 157.471497 0.000000 0.000000 0.000000 0.000000 2.956054
47300 474 139.056839 0.000000 1000.000000 0.228834 140.153671 -1.325670 0.000000 0.000000 0.000000 1.339885
47400 475 141.359573 0.000000 1000.000000 0.560986 140.798584 0.000000 0.000000 0.000000 0.000000 2.391335
47500 476 142.495255 0.000000 1000.000000 0.316861 143.208603 -1.030216 0.000000 0.000000 0.000000 3.156336
47600 477 142.594742 0.000000 1000.000000 1.065890 142.234482 -0.705624 0.000000 0.000000 0.000000 2.358449
47700 478 150.562683 0.000000 1000.000000 0.302728 151.121292 -0.861336 0.000000 0.000000 0.000000 2.038458
47800 479 125.869362 0.000000 1000.000000 0.457798 130.584183 -5.172615 0.000000 0.000000 0.000000 2.845819
47900 480 130.892639 0.000000 1000.000000 0.478618 134.584839 -4.170830 0.000000 0.000000 0.000000 2.400845
48000 481 144.865097 0.000000 1000.000000 0.875261 147.359024 -2.445075 -0.924121 0.000000 0.000000 2.121970
48100 482 151.658218 0.000000 1000.000000 0.844453 131.978729 -4.550638 23.385681 0.000000 0.000000 2.863719
48200 483 135.720215 0.000000 1000.000000 0.456245 138.479645 -3.215662 0.000000 0.000000 0.000000 2.301110
48300 484 152.029083 0.000000 1000.000000 0.830108 154.342239 -3.258813 0.115553 0.000000 0.000000 1.803203
48400 485 130.458145 0.000000 1000.000000 0.441813 132.180298 -2.163965 0.000000 0.000000 0.000000 2.470797
48500 486 140.580307 0.000000 1000.000000 0.263312 142.513504 -2.196506 0.000000 0.000000 0.000000 1.673283
48600 487 127.985191 0.000000 1000.000000 0.831447 129.740189 -2.586449 0.000000 0.000000 0.000000 1.393071
48700 488 126.078781 0.000000 1000.000000 1.002994 126.344292 -1.268502 0.000000 0.000000 0.000000 1.692765
48800 489 138.244949 0.000000 1000.000000 2.245507 137.796188 -1.796756 0.000000 0.000000 0.000000 3.230029
48900 490 175.055542 0.000000 1000.000000 0.736465 174.720428 -0.401359 0.000000 0.000000 0.000000 1.407715
49000 491 140.818619 0.000000 1000.000000 0.458859 146.783279 -3.716914 -2.706603 0.000000 0.000000 2.879304
49100 492 144.598328 0.000000 1000.000000 0.725459 152.067291 -5.347570 -2.846867 0.000000 0.000000 1.637185
49200 493 124.843803 0.000000 1000.000000 1.786852 127.216057 -2.371050 -1.788061 0.000000 0.000000 3.075678
49300 494 146.711731 0.000000 1000.000000 0.637659 150.966782 -1.915559 -2.977154 0.000000 0.000000 1.312626
49400 495 140.345688 0.000000 1000.000000 0.456176 142.821198 -2.075395 -0.856291 0.000000 0.000000 2.331041
49500 496 149.271622 0.000000 1000.000000 0.379607 148.892014 0.000000 0.000000 0.000000 0.000000 2.256114
49600 497 131.547592 0.000000 1000.000000 1.031680 131.697708 -1.181794 0.000000 0.000000 0.000000 1.348179
49700 498 136.130951 0.000000 1000.000000 0.151285 135.979660 0.000000 0.000000 0.000000 0.000000 2.346568
49800 499 122.043091 0.000000 1000.000000 0.385692 129.100510 -4.425104 -3.018016 0.000000 0.000000 0.714757
49900 500 139.271622 0.000000 1000.000000 0.604856 140.514450 -1.847690 0.000000 0.000000 0.000000 3.193561
50000 501 139.634689 0.000000 1000.000000 0.936544 138.698151 0.000000 0.000000 0.000000 0.000000 1.385489
