1 1 189.973358 0.000000 1000.000000 0.771534 200.448120 -0.510958 -10.735332 0.000000 0.000000 19.892925
100 2 186.444565 0.000000 1000.000000 2.042722 184.512512 -0.110680 0.000000 0.000000 0.000000 8.257543
200 3 156.207199 0.000000 1000.000000 0.611526 156.454697 -0.859022 0.000000 0.000000 0.000000 3.545941
300 4 158.994308 0.000000 1000.000000 0.599268 158.395035 0.000000 0.000000 0.000000 0.000000 4.622372
400 5 143.392426 0.000000 1000.000000 0.545256 149.344620 -1.839261 -4.658184 0.000000 0.000000 3.377459
500 6 166.714508 0.000000 1000.000000 0.407849 167.011444 -0.704795 0.000000 0.000000 0.000000 5.903026
600 7 136.769760 0.000000 1000.000000 0.292387 136.923828 -0.446463 0.000000 0.000000 0.000000 3.865902
700 8 145.990494 0.000000 1000.000000 0.491506 145.664856 -0.165857 0.000000 0.000000 0.000000 5.171951
800 9 135.419556 0.000000 1000.000000 0.927713 134.844482 -0.352645 0.000000 0.000000 0.000000 4.560336
900 10 152.087936 0.000000 1000.000000 1.242488 151.467407 -0.621967 0.000000 0.000000 0.000000 5.044007
1000 11 149.830765 0.000000 1000.000000 0.677812 150.054108 -0.901151 0.000000 0.000000 0.000000 3.643064
1100 12 144.024521 0.000000 1000.000000 0.706218 144.188095 -0.869794 0.000000 0.000000 0.000000 5.777088
1200 13 149.523544 0.000000 1000.000000 0.399484 150.041443 -0.917387 0.000000 0.000000 0.000000 6.968656
1300 14 154.956024 0.000000 1000.000000 0.455318 160.944824 -0.974362 -5.469764 0.000000 0.000000 5.958901
1400 15 158.744034 0.000000 1000.000000 0.585151 158.363861 -0.204966 0.000000 0.000000 0.000000 7.932178
1500 16 145.910416 0.000000 1000.000000 3.109939 147.294724 -1.649389 -2.844867 0.000000 0.000000 5.252703
1600 17 151.640121 0.000000 1000.000000 0.144317 151.495804 0.000000 0.000000 0.000000 0.000000 4.218614
1700 18 174.487381 0.000000 1000.000000 0.738874 174.277039 -0.528541 0.000000 0.000000 0.000000 4.425130
1800 19 141.559509 0.000000 1000.000000 0.377265 145.786407 -2.096962 -2.507209 0.000000 0.000000 3.402616
1900 20 142.463287 0.000000 1000.000000 0.360954 142.102341 0.000000 0.000000 0.000000 0.000000 3.575014
2000 21 139.035873 0.000000 1000.000000 0.225648 138.810226 0.000000 0.000000 0.000000 0.000000 3.994759
2100 22 153.005478 0.000000 1000.000000 1.403616 151.697769 -0.095899 0.000000 0.000000 0.000000 6.044729
2200 23 188.628571 0.000000 1000.000000 1.547487 156.287170 -1.385762 32.179665 0.000000 0.000000 3.246113
2300 24 152.491318 0.000000 1000.000000 0.285561 152.205750 0.000000 0.000000 0.000000 0.000000 5.975715
2400 25 149.486130 0.000000 1000.000000 0.341478 149.297974 -0.153322 0.000000 0.000000 0.000000 1.575030
2500 26 146.568817 0.000000 1000.000000 1.211220 145.357590 0.000000 0.000000 0.000000 0.000000 3.021837
2600 27 149.596680 0.000000 1000.000000 0.241380 150.040649 -0.685343 0.000000 0.000000 0.000000 3.740705
2700 28 146.082291 0.000000 1000.000000 0.707643 146.618744 -1.244090 0.000000 0.000000 0.000000 3.094374
2800 29 138.775574 0.000000 1000.000000 1.730560 137.617706 -0.572697 0.000000 0.000000 0.000000 3.472764
2900 30 137.101791 0.000000 1000.000000 0.756899 137.441757 -1.096864 0.000000 0.000000 0.000000 2.670431
3000 31 145.640549 0.000000 1000.000000 0.652105 150.455978 -0.578955 -4.888586 0.000000 0.000000 4.261296
3100 32 125.786911 0.000000 1000.000000 0.259830 127.355392 -1.828307 0.000000 0.000000 0.000000 3.883551
3200 33 143.893478 0.000000 1000.000000 0.179270 145.552002 -1.837805 0.000000 0.000000 0.000000 5.625861
3300 34 159.626846 0.000000 1000.000000 0.875024 159.366302 -0.614489 0.000000 0.000000 0.000000 5.125618
3400 35 137.438049 0.000000 1000.000000 0.457713 136.980331 0.000000 0.000000 0.000000 0.000000 4.060297
3500 36 146.903336 0.000000 1000.000000 0.319378 153.968155 -1.659325 -5.724873 0.000000 0.000000 4.727242
3600 37 135.554108 0.000000 1000.000000 0.364342 136.886597 -1.696833 0.000000 0.000000 0.000000 1.729396
3700 38 137.518600 0.000000 1000.000000 1.282468 135.605255 -2.857233 3.488121 0.000000 0.000000 2.369297
3800 39 142.862671 0.000000 1000.000000 0.970321 144.060333 -2.167981 0.000000 0.000000 0.000000 3.178693
3900 40 146.021286 0.000000 1000.000000 0.810387 145.210892 0.000000 0.000000 0.000000 0.000000 4.014525
4000 41 198.191727 0.000000 1000.000000 1.431812 142.084167 -3.773148 58.448902 0.000000 0.000000 2.801584
4100 42 124.752037 0.000000 1000.000000 0.362766 125.039970 -0.650706 0.000000 0.000000 0.000000 2.843968
4200 43 130.225250 0.000000 1000.000000 1.617921 130.417755 -1.810431 0.000000 0.000000 0.000000 2.788428
4300 44 148.135712 0.000000 1000.000000 0.861728 149.451172 -2.177180 0.000000 0.000000 0.000000 2.284626
4400 45 126.895432 0.000000 1000.000000 1.252255 127.008842 -1.365664 0.000000 0.000000 0.000000 6.064687
4500 46 109.000458 0.000000 1000.000000 0.609442 108.592323 -0.201311 0.000000 0.000000 0.000000 2.062365
4600 47 122.431709 0.000000 1000.000000 0.368562 123.120781 -1.057636 0.000000 0.000000 0.000000 1.716114
4700 48 118.807816 0.000000 1000.000000 0.681988 118.609146 -0.483321 0.000000 0.000000 0.000000 4.501649
4800 49 143.783630 0.000000 1000.000000 0.433035 143.437363 -0.086758 0.000000 0.000000 0.000000 3.029378
4900 50 135.789062 0.000000 1000.000000 0.456009 135.854965 -0.521905 0.000000 0.000000 0.000000 2.364378
5000 51 125.979004 0.000000 1000.000000 0.449520 127.282387 -1.752906 0.000000 0.000000 0.000000 3.633760
5100 52 122.969971 0.000000 1000.000000 0.276950 127.944771 -1.694579 -3.557172 0.000000 0.000000 2.638625
5200 53 151.386551 0.000000 1000.000000 0.426365 151.661957 -0.701770 0.000000 0.000000 0.000000 3.532066
5300 54 134.715683 0.000000 1000.000000 0.679863 135.081055 -1.045227 0.000000 0.000000 0.000000 2.061772
5400 55 122.999756 0.000000 1000.000000 0.561732 131.635605 -3.718215 -5.479366 0.000000 0.000000 2.085510
5500 56 161.141815 0.000000 1000.000000 0.669573 134.043839 -2.397881 28.826298 0.000000 0.000000 3.188562
5600 57 132.842010 0.000000 1000.000000 0.798676 132.043335 0.000000 0.000000 0.000000 0.000000 3.538758
5700 58 141.445435 0.000000 1000.000000 1.488451 140.739639 -0.782656 0.000000 0.000000 0.000000 3.412021
5800 59 137.751282 0.000000 1000.000000 0.844638 147.480484 -4.252728 -6.321114 0.000000 0.000000 2.001209
5900 60 154.446899 0.000000 1000.000000 0.735889 153.903854 -0.192835 0.000000 0.000000 0.000000 4.383963
6000 61 132.213531 0.000000 1000.000000 0.908544 133.107712 -1.802721 0.000000 0.000000 0.000000 3.486532
6100 62 148.013489 0.000000 1000.000000 0.616346 148.015915 -0.618767 0.000000 0.000000 0.000000 3.521562
6200 63 154.237106 0.000000 1000.000000 1.403098 152.834015 0.000000 0.000000 0.000000 0.000000 6.244275
6300 64 129.606339 0.000000 1000.000000 1.031233 137.087265 -3.902160 -4.610005 0.000000 0.000000 3.011764
6400 65 145.739868 0.000000 1000.000000 0.239387 147.029861 -1.529371 0.000000 0.000000 0.000000 3.432137
6500 66 132.354568 0.000000 1000.000000 0.691178 131.990692 -0.327307 0.000000 0.000000 0.000000 3.444729
6600 67 146.276337 0.000000 1000.000000 0.989675 149.984665 -2.737085 -1.960907 0.000000 0.000000 3.454020
6700 68 154.827393 0.000000 1000.000000 2.240175 154.446777 -1.859564 0.000000 0.000000 0.000000 3.122740
6800 69 124.951622 0.000000 1000.000000 1.751686 130.485001 -2.841788 -4.443278 0.000000 0.000000 3.250341
6900 70 142.878098 0.000000 1000.000000 0.428234 143.988235 -1.538373 0.000000 0.000000 0.000000 4.731765
7000 71 154.131104 0.000000 1000.000000 1.224491 153.904266 -0.997651 0.000000 0.000000 0.000000 5.440274
7100 72 139.083801 0.000000 1000.000000 0.561115 138.522690 0.000000 0.000000 0.000000 0.000000 4.459890
7200 73 131.487335 0.000000 1000.000000 0.518407 131.750275 -0.781348 0.000000 0.000000 0.000000 4.670103
7300 74 146.090363 0.000000 1000.000000 0.273288 147.182571 -1.365494 0.000000 0.000000 0.000000 3.788466
7400 75 150.327759 0.000000 1000.000000 1.303568 149.024185 0.000000 0.000000 0.000000 0.000000 3.235891
7500 76 147.471832 0.000000 1000.000000 0.389330 147.082504 0.000000 0.000000 0.000000 0.000000 4.225296
7600 77 153.247253 0.000000 1000.000000 0.251384 152.995865 0.000000 0.000000 0.000000 0.000000 4.062998
7700 78 137.060135 0.000000 1000.000000 0.233648 145.152664 -2.726643 -5.599536 0.000000 0.000000 2.183158
7800 79 133.440094 0.000000 1000.000000 0.238608 138.043777 -1.370564 -3.471732 0.000000 0.000000 3.320725
7900 80 162.631149 0.000000 1000.000000 0.251198 162.763031 -0.383079 0.000000 0.000000 0.000000 7.029051
8000 81 161.221024 0.000000 1000.000000 0.525120 160.695908 0.000000 0.000000 0.000000 0.000000 3.566204
8100 82 171.101852 0.000000 1000.000000 0.274256 171.233368 -0.405778 0.000000 0.000000 0.000000 4.468025
8200 83 166.971573 0.000000 1000.000000 0.773925 166.526077 -0.328428 0.000000 0.000000 0.000000 5.627713
8300 84 178.218109 0.000000 1000.000000 0.428946 178.493362 -0.704187 0.000000 0.000000 0.000000 3.506868
8400 85 151.265594 0.000000 1000.000000 0.645803 152.362061 -1.742261 0.000000 0.000000 0.000000 2.985346
8500 86 151.932892 0.000000 1000.000000 0.767043 151.579269 -0.413421 0.000000 0.000000 0.000000 6.295585
8600 87 152.438919 0.000000 1000.000000 0.292267 153.525620 -1.378972 0.000000 0.000000 0.000000 5.159033
8700 88 141.056808 0.000000 1000.000000 0.532342 148.147156 -2.637626 -4.985082 0.000000 0.000000 1.655783
8800 89 155.666855 0.000000 1000.000000 0.400463 156.016388 -0.749998 0.000000 0.000000 0.000000 2.982727
8900 90 163.252090 0.000000 1000.000000 0.370171 163.286362 -0.404450 0.000000 0.000000 0.000000 4.492812
9000 91 138.011368 0.000000 1000.000000 0.869713 143.216370 -1.600395 -4.474314 0.000000 0.000000 6.351596
9100 92 151.533005 0.000000 1000.000000 0.183955 152.635452 -1.286402 0.000000 0.000000 0.000000 5.164123
9200 93 156.889008 0.000000 1000.000000 0.282106 157.211807 -0.604899 0.000000 0.000000 0.000000 5.492170
9300 94 154.808258 0.000000 1000.000000 1.092584 153.835251 -0.119578 0.000000 0.000000 0.000000 3.963142
9400 95 143.684082 0.000000 1000.000000 0.190638 144.285721 -0.792282 0.000000 0.000000 0.000000 2.150328
9500 96 158.602264 0.000000 1000.000000 1.255287 158.771164 -1.424182 0.000000 0.000000 0.000000 2.115040
9600 97 154.463730 0.000000 1000.000000 0.252517 154.211212 0.000000 0.000000 0.000000 0.000000 4.820508
9700 98 132.559143 0.000000 1000.000000 0.165093 133.882812 -1.488777 0.000000 0.000000 0.000000 2.709634
9800 99 154.695480 0.000000 1000.000000 1.227453 153.998474 -0.530438 0.000000 0.000000 0.000000 2.554682
9900 100 158.022247 0.000000 1000.000000 0.302843 159.728226 -2.008817 0.000000 0.000000 0.000000 4.728974
10000 101 126.794502 0.000000 1000.000000 0.420317 132.542816 -3.169969 -2.998666 0.000000 0.000000 3.360622
10100 102 158.251465 0.000000 1000.000000 1.350236 157.855408 -0.954183 0.000000 0.000000 0.000000 3.801918
10200 103 143.847061 0.000000 1000.000000 0.571434 147.090759 -2.553128 -1.261994 0.000000 0.000000 3.665958
10300 104 157.499939 0.000000 1000.000000 1.255774 157.244415 -1.000246 0.000000 0.000000 0.000000 3.546899
10400 105 147.772949 0.000000 1000.000000 0.320184 149.709457 -2.256702 0.000000 0.000000 0.000000 4.884930
10500 106 142.370255 0.000000 1000.000000 1.140607 145.887009 -1.457179 -3.200175 0.000000 0.000000 3.994263
10600 107 134.572617 0.000000 1000.000000 1.030021 136.927155 -3.384550 0.000000 0.000000 0.000000 2.777816
10700 108 133.754562 0.000000 1000.000000 0.571280 139.181915 -3.418640 -2.579986 0.000000 0.000000 2.565307
10800 109 144.347046 0.000000 1000.000000 0.668640 144.242340 -0.563941 0.000000 0.000000 0.000000 2.343177
10900 110 140.438812 0.000000 1000.000000 0.442962 140.872391 -0.876541 0.000000 0.000000 0.000000 3.516757
11000 111 141.876984 0.000000 1000.000000 0.200528 142.167221 -0.490768 0.000000 0.000000 0.000000 3.328547
11100 112 144.712082 0.000000 1000.000000 0.631941 144.080139 0.000000 0.000000 0.000000 0.000000 4.560908
11200 113 131.935364 0.000000 1000.000000 0.623610 131.593353 -0.281605 0.000000 0.000000 0.000000 2.578234
11300 114 150.640884 0.000000 1000.000000 0.974485 160.076126 -3.243193 -7.166541 0.000000 0.000000 2.612599
11400 115 141.715622 0.000000 1000.000000 0.899593 144.046997 -2.086094 -1.144888 0.000000 0.000000 2.394613
11500 116 169.489822 0.000000 1000.000000 0.278155 170.455063 -1.243397 0.000000 0.000000 0.000000 2.910125
11600 117 154.624863 0.000000 1000.000000 1.315285 153.924149 -0.614584 0.000000 0.000000 0.000000 3.203743
11700 118 138.267532 0.000000 1000.000000 0.421473 138.992798 -1.146745 0.000000 0.000000 0.000000 2.259307
11800 119 148.515472 0.000000 1000.000000 1.808905 148.793594 -2.087021 0.000000 0.000000 0.000000 2.326610
11900 120 150.558304 0.000000 1000.000000 1.563387 150.825821 -1.830896 0.000000 0.000000 0.000000 2.005801
12000 121 150.495514 0.000000 1000.000000 1.396228 150.157684 -1.058400 0.000000 0.000000 0.000000 3.430881
12100 122 118.285469 0.000000 1000.000000 0.602749 117.682724 0.000000 0.000000 0.000000 0.000000 2.175084
12200 123 110.088821 0.000000 1000.000000 1.004614 111.741776 -2.657572 0.000000 0.000000 0.000000 1.784054
12300 124 149.068771 0.000000 1000.000000 0.263615 150.168396 -1.363228 0.000000 0.000000 0.000000 3.108472
12400 125 140.332962 0.000000 1000.000000 0.703107 144.812241 -3.321612 -1.860772 0.000000 0.000000 4.121736
12500 126 139.522156 0.000000 1000.000000 0.357266 140.451050 -1.286167 0.000000 0.000000 0.000000 3.558971
12600 127 154.547241 0.000000 1000.000000 0.616459 154.312637 -0.381855 0.000000 0.000000 0.000000 4.506763
12700 128 147.601791 0.000000 1000.000000 1.139453 146.462341 0.000000 0.000000 0.000000 0.000000 3.064052
12800 129 151.726868 0.000000 1000.000000 0.473137 152.325684 -1.071942 0.000000 0.000000 0.000000 3.708106
12900 130 160.334137 0.000000 1000.000000 0.744052 159.590088 0.000000 0.000000 0.000000 0.000000 1.905123
13000 131 159.184036 0.000000 1000.000000 0.230105 159.410446 -0.456510 0.000000 0.000000 0.000000 2.439895
13100 132 152.574158 0.000000 1000.000000 1.327062 156.371902 -2.243481 -2.881316 0.000000 0.000000 3.752752
13200 133 152.715805 0.000000 1000.000000 0.219239 152.362000 -1.873835 2.008402 0.000000 0.000000 2.028058
13300 134 135.921082 0.000000 1000.000000 0.736518 135.184570 0.000000 0.000000 0.000000 0.000000 4.270560
13400 135 152.528015 0.000000 1000.000000 0.371928 153.703613 -1.547532 0.000000 0.000000 0.000000 2.993400
13500 136 136.123566 0.000000 1000.000000 0.430765 136.103607 -0.410814 0.000000 0.000000 0.000000 2.583166
13600 137 139.532806 0.000000 1000.000000 0.243691 139.694595 -0.405494 0.000000 0.000000 0.000000 4.580342
13700 138 149.326370 0.000000 1000.000000 0.427453 156.906479 -3.102477 -4.905095 0.000000 0.000000 2.243162
13800 139 147.092850 0.000000 1000.000000 0.189940 149.074265 -2.171362 0.000000 0.000000 0.000000 1.777384
13900 140 155.219315 0.000000 1000.000000 0.345631 155.844589 -0.970898 0.000000 0.000000 0.000000 3.464799
14000 141 131.271225 0.000000 1000.000000 0.320256 138.507050 -4.057367 -3.498702 0.000000 0.000000 1.194401
14100 142 140.886154 0.000000 1000.000000 0.271826 142.610443 -1.996114 0.000000 0.000000 0.000000 3.860218
14200 143 143.321472 0.000000 1000.000000 0.591328 142.730148 0.000000 0.000000 0.000000 0.000000 2.638509
14300 144 142.987137 0.000000 1000.000000 0.524715 145.360748 -2.898336 0.000000 0.000000 0.000000 1.760422
14400 145 137.825912 0.000000 1000.000000 0.520341 139.749802 -2.444235 0.000000 0.000000 0.000000 2.301049
14500 146 148.192963 0.000000 1000.000000 0.198044 149.045303 -1.050391 0.000000 0.000000 0.000000 1.961383
14600 147 161.052460 0.000000 1000.000000 0.487891 164.069641 -1.473984 -2.031085 0.000000 0.000000 1.641793
14700 148 144.178299 0.000000 1000.000000 0.280804 145.281647 -1.384161 0.000000 0.000000 0.000000 2.962131
14800 149 133.961609 0.000000 1000.000000 0.470410 137.428223 -1.413982 -2.523033 0.000000 0.000000 2.421027
14900 150 152.956207 0.000000 1000.000000 0.536606 153.382996 -0.963398 0.000000 0.000000 0.000000 2.400441
15000 151 158.315292 0.000000 1000.000000 1.486458 157.199493 -0.370651 0.000000 0.000000 0.000000 2.827945
15100 152 157.680756 0.000000 1000.000000 2.209985 155.819275 -0.348517 0.000000 0.000000 0.000000 3.892330
15200 153 148.450211 0.000000 1000.000000 0.326741 148.446075 -0.322607 0.000000 0.000000 0.000000 4.531700
15300 154 163.711609 0.000000 1000.000000 0.351733 165.733383 -1.630014 -0.743490 0.000000 0.000000 3.181974
15400 155 140.808762 0.000000 1000.000000 1.151508 140.150528 -0.493264 0.000000 0.000000 0.000000 6.299330
15500 156 152.183304 0.000000 1000.000000 1.160933 151.898514 -0.876141 0.000000 0.000000 0.000000 4.073773
15600 157 151.532898 0.000000 1000.000000 1.224900 150.366989 -0.058989 0.000000 0.000000 0.000000 3.510875
15700 158 128.103912 0.000000 1000.000000 0.305433 128.274277 -0.475794 0.000000 0.000000 0.000000 3.631781
15800 159 139.868073 0.000000 1000.000000 0.864521 139.168655 -1.887923 1.722831 0.000000 0.000000 4.192520
15900 160 144.837143 0.000000 1000.000000 1.277274 143.700439 -0.140569 0.000000 0.000000 0.000000 4.516872
16000 161 138.319565 0.000000 1000.000000 0.456066 138.533752 -0.670256 0.000000 0.000000 0.000000 2.633183
16100 162 137.129791 0.000000 1000.000000 0.165622 138.022858 -1.058685 0.000000 0.000000 0.000000 3.311185
16200 163 144.626297 0.000000 1000.000000 0.200043 144.426254 0.000000 0.000000 0.000000 0.000000 3.443881
16300 164 145.042557 0.000000 1000.000000 0.489508 146.871094 -1.428992 -0.889046 0.000000 0.000000 3.546389
16400 165 160.301910 0.000000 1000.000000 0.357064 161.536530 -1.591691 0.000000 0.000000 0.000000 3.628973
16500 166 136.138626 0.000000 1000.000000 0.335398 136.518066 -0.714841 0.000000 0.000000 0.000000 4.956527
16600 167 133.191956 0.000000 1000.000000 0.134802 133.057159 0.000000 0.000000 0.000000 0.000000 4.893344
16700 168 129.922043 0.000000 1000.000000 1.462621 128.836411 -0.376979 0.000000 0.000000 0.000000 4.955057
16800 169 135.044815 0.000000 1000.000000 0.474797 135.041580 -0.471560 0.000000 0.000000 0.000000 2.762633
16900 170 119.993683 0.000000 1000.000000 1.121424 124.235268 -1.360941 -4.002067 0.000000 0.000000 3.472945
17000 171 139.881332 0.000000 1000.000000 0.658053 139.673401 -0.450118 0.000000 0.000000 0.000000 4.241604
17100 172 118.460754 0.000000 1000.000000 0.210436 122.512772 -2.005222 -2.257235 0.000000 0.000000 2.677159
17200 173 143.336655 0.000000 1000.000000 1.654857 141.945770 -0.263984 0.000000 0.000000 0.000000 3.524562
17300 174 140.755249 0.000000 1000.000000 0.593314 138.925903 -1.327791 2.563832 0.000000 0.000000 5.504573
17400 175 141.744461 0.000000 1000.000000 1.586937 141.344727 -1.187197 0.000000 0.000000 0.000000 1.731535
17500 176 140.785156 0.000000 1000.000000 1.351820 140.984940 -1.551602 0.000000 0.000000 0.000000 3.389684
17600 177 126.494125 0.000000 1000.000000 2.768938 125.888252 -2.163074 0.000000 0.000000 0.000000 2.653588
17700 178 137.047058 0.000000 1000.000000 0.848405 137.589798 -1.391143 0.000000 0.000000 0.000000 2.243904
17800 179 129.656570 0.000000 1000.000000 0.610735 129.283661 -0.237819 0.000000 0.000000 0.000000 3.375751
17900 180 136.616257 0.000000 1000.000000 0.605668 137.113556 -1.102972 0.000000 0.000000 0.000000 3.361394
18000 181 152.592865 0.000000 1000.000000 0.414320 152.320404 -0.141863 0.000000 0.000000 0.000000 3.396461
18100 182 126.283371 0.000000 1000.000000 2.043760 124.239609 0.000000 0.000000 0.000000 0.000000 2.300251
18200 183 139.540771 0.000000 1000.000000 1.347143 139.397812 -1.204175 0.000000 0.000000 0.000000 2.622858
18300 184 162.852982 0.000000 1000.000000 1.130064 163.106644 -1.383735 0.000000 0.000000 0.000000 2.000289
18400 185 129.325562 0.000000 1000.000000 0.290541 134.212036 -2.334794 -2.842229 0.000000 0.000000 2.207960
18500 186 105.149712 0.000000 1000.000000 0.771097 111.585838 -3.687271 -3.519953 0.000000 0.000000 2.377519
18600 187 123.830360 0.000000 1000.000000 0.747354 124.119888 -1.036881 0.000000 0.000000 0.000000 3.327409
18700 188 137.650604 0.000000 1000.000000 1.678514 130.734528 -2.899240 8.136818 0.000000 0.000000 1.991208
18800 189 127.356262 0.000000 1000.000000 2.170113 126.617455 -1.431305 0.000000 0.000000 0.000000 1.824393
18900 190 125.372154 0.000000 1000.000000 0.570606 125.400002 -0.598457 0.000000 0.000000 0.000000 2.156647
19000 191 145.279800 0.000000 1000.000000 2.911784 144.036087 -1.668071 0.000000 0.000000 0.000000 1.470680
19100 192 144.221909 0.000000 1000.000000 0.995885 143.728653 -0.502619 0.000000 0.000000 0.000000 1.809058
19200 193 135.656357 0.000000 1000.000000 1.715584 135.391785 -1.451010 0.000000 0.000000 0.000000 3.676029
19300 194 135.615158 0.000000 1000.000000 1.658764 134.785263 -0.828876 0.000000 0.000000 0.000000 4.011063
19400 195 136.516357 0.000000 1000.000000 0.578725 137.832275 -1.894633 0.000000 0.000000 0.000000 3.804106
19500 196 149.902237 0.000000 1000.000000 0.411117 149.491119 0.000000 0.000000 0.000000 0.000000 4.303435
19600 197 115.165451 0.000000 1000.000000 0.709557 117.096695 -0.412264 -2.228537 0.000000 0.000000 3.952477
19700 198 125.423889 0.000000 1000.000000 0.771465 132.350311 -4.167291 -3.530591 0.000000 0.000000 2.744938
19800 199 146.534515 0.000000 1000.000000 0.859535 146.375824 -0.700839 0.000000 0.000000 0.000000 2.813098
19900 200 152.612656 0.000000 1000.000000 0.599568 152.013092 0.000000 0.000000 0.000000 0.000000 4.274428
20000 201 192.900360 0.000000 1000.000000 1.058011 166.143219 -2.746521 28.445642 0.000000 0.000000 2.839054
20100 202 146.879013 0.000000 1000.000000 0.599366 151.805771 -2.127095 -3.399035 0.000000 0.000000 3.444066
20200 203 146.090790 0.000000 1000.000000 1.132829 146.242340 -1.284384 0.000000 0.000000 0.000000 4.624167
20300 204 152.602814 0.000000 1000.000000 0.888869 152.189911 -0.475974 0.000000 0.000000 0.000000 4.796865
20400 205 153.742126 0.000000 1000.000000 2.662174 151.646515 -0.566562 0.000000 0.000000 0.000000 4.546737
20500 206 131.791275 0.000000 1000.000000 1.204151 133.843903 -1.331049 -1.925725 0.000000 0.000000 5.163962
20600 207 137.089630 0.000000 1000.000000 0.402168 139.922745 -1.997910 -1.237360 0.000000 0.000000 2.286912
20700 208 133.703506 0.000000 1000.000000 0.992277 134.071686 -1.360461 0.000000 0.000000 0.000000 5.440232
20800 209 151.082352 0.000000 1000.000000 0.487049 153.660172 -1.331645 -1.733220 0.000000 0.000000 2.938093
20900 210 220.744080 0.000000 1000.000000 1.243692 147.912811 -1.064367 72.651932 0.000000 0.000000 3.643661
21000 211 137.776123 0.000000 1000.000000 1.118888 136.657242 0.000000 0.000000 0.000000 0.000000 3.207407
21100 212 134.270691 0.000000 1000.000000 1.965393 132.799301 -0.494007 0.000000 0.000000 0.000000 2.988967
21200 213 139.319778 0.000000 1000.000000 0.227702 143.741669 -2.196165 -2.453430 0.000000 0.000000 2.684152
21300 214 144.837311 0.000000 1000.000000 0.804582 144.848816 -0.816081 0.000000 0.000000 0.000000 3.769740
21400 215 152.846664 0.000000 1000.000000 2.273773 151.804657 -1.231772 0.000000 0.000000 0.000000 3.384813
21500 216 154.652130 0.000000 1000.000000 0.361950 154.525909 -0.235738 0.000000 0.000000 0.000000 4.461454
21600 217 151.019348 0.000000 1000.000000 0.585553 151.052612 -0.618821 0.000000 0.000000 0.000000 3.586840
21700 218 148.619781 0.000000 1000.000000 0.578537 148.735718 -0.694467 0.000000 0.000000 0.000000 4.531502
21800 219 145.056396 0.000000 1000.000000 0.357360 146.019028 -1.041799 -0.278197 0.000000 0.000000 2.611018
21900 220 137.143524 0.000000 1000.000000 0.093488 137.797058 -0.747017 0.000000 0.000000 0.000000 2.254178
22000 221 162.199265 0.000000 1000.000000 0.372700 161.826569 0.000000 0.000000 0.000000 0.000000 3.344729
22100 222 158.265488 0.000000 1000.000000 0.306389 162.203873 -1.703813 -2.540963 0.000000 0.000000 2.819954
22200 223 144.169434 0.000000 1000.000000 0.433527 149.532974 -2.581283 -3.215791 0.000000 0.000000 1.570804
22300 224 144.727310 0.000000 1000.000000 0.596851 146.149399 -2.018931 0.000000 0.000000 0.000000 3.731851
22400 225 130.190979 0.000000 1000.000000 0.278336 136.969315 -4.031184 -3.025479 0.000000 0.000000 2.382058
22500 226 120.284271 0.000000 1000.000000 0.568060 119.716209 0.000000 0.000000 0.000000 0.000000 4.380436
22600 227 126.424652 0.000000 1000.000000 0.352683 127.669930 -1.597963 0.000000 0.000000 0.000000 2.626765
22700 228 136.349121 0.000000 1000.000000 0.531840 137.716431 -1.899152 0.000000 0.000000 0.000000 1.927343
22800 229 137.003571 0.000000 1000.000000 0.194203 142.995956 -3.783648 -2.402936 0.000000 0.000000 3.063374
22900 230 135.699173 0.000000 1000.000000 0.312286 137.999985 -1.450282 -1.162809 0.000000 0.000000 2.247955
23000 231 121.319275 0.000000 1000.000000 0.913646 121.256607 -0.850972 0.000000 0.000000 0.000000 6.229094
23100 232 134.063324 0.000000 1000.000000 0.700819 139.038773 -2.189158 -3.487111 0.000000 0.000000 3.372264
23200 233 135.879959 0.000000 1000.000000 0.133400 139.490753 -2.312642 -1.431571 0.000000 0.000000 1.986130
23300 234 143.438828 0.000000 1000.000000 0.506857 144.483932 -1.551962 0.000000 0.000000 0.000000 2.349313
23400 235 141.381042 0.000000 1000.000000 0.520589 141.721237 -0.860782 0.000000 0.000000 0.000000 3.847665
23500 236 141.179367 0.000000 1000.000000 0.612342 141.819458 -1.252426 0.000000 0.000000 0.000000 2.645690
23600 237 152.067505 0.000000 1000.000000 0.199249 151.868256 0.000000 0.000000 0.000000 0.000000 2.996807
23700 238 138.995026 0.000000 1000.000000 0.466672 140.518616 -1.990272 0.000000 0.000000 0.000000 2.862219
23800 239 141.622711 0.000000 1000.000000 0.295087 144.212936 -2.885313 0.000000 0.000000 0.000000 1.994868
23900 240 137.073685 0.000000 1000.000000 0.276926 140.605682 -2.231880 -1.577056 0.000000 0.000000 2.096333
24000 241 148.167023 0.000000 1000.000000 0.858285 147.564453 -0.255729 0.000000 0.000000 0.000000 2.658640
24100 242 137.743759 0.000000 1000.000000 0.102638 139.477707 -1.836575 0.000000 0.000000 0.000000 1.708412
24200 243 124.609497 0.000000 1000.000000 0.378335 125.509331 -1.278167 0.000000 0.000000 0.000000 3.818588
24300 244 124.276413 0.000000 1000.000000 0.569167 125.771271 -2.064027 0.000000 0.000000 0.000000 2.015933
24400 245 140.006760 0.000000 1000.000000 1.534355 138.829742 -0.357328 0.000000 0.000000 0.000000 2.145638
24500 246 159.215240 0.000000 1000.000000 1.796278 159.986145 -2.567190 0.000000 0.000000 0.000000 3.362277
24600 247 125.724396 0.000000 1000.000000 1.810864 129.542236 -3.118698 -2.510008 0.000000 0.000000 1.846265
24700 248 138.342316 0.000000 1000.000000 0.690356 138.872818 -1.220856 0.000000 0.000000 0.000000 1.582783
24800 249 141.366364 0.000000 1000.000000 0.377731 143.074799 -2.086172 0.000000 0.000000 0.000000 1.175531
24900 250 142.436157 0.000000 1000.000000 1.428882 143.175446 -2.168169 0.000000 0.000000 0.000000 2.236584
25000 251 144.098480 0.000000 1000.000000 0.278263 147.681152 -2.415559 -1.445376 0.000000 0.000000 1.667809
25100 252 128.613953 0.000000 1000.000000 0.329976 130.861755 -2.577778 0.000000 0.000000 0.000000 1.291019
25200 253 137.129608 0.000000 1000.000000 0.576020 138.043671 -1.490075 0.000000 0.000000 0.000000 2.426557
25300 254 141.642609 0.000000 1000.000000 0.848564 144.439438 -3.645382 0.000000 0.000000 0.000000 1.426429
25400 255 159.131485 0.000000 1000.000000 1.137390 142.599457 -2.692975 18.087610 0.000000 0.000000 2.212095
25500 256 127.301842 0.000000 1000.000000 0.921107 127.504951 -1.124217 0.000000 0.000000 0.000000 1.461454
25600 257 136.284424 0.000000 1000.000000 0.582862 138.744217 -3.042643 0.000000 0.000000 0.000000 1.726636
25700 258 163.075134 0.000000 1000.000000 2.091127 141.701920 -2.720797 22.002876 0.000000 0.000000 0.738760
25800 259 119.303627 0.000000 1000.000000 0.989790 123.006798 -4.692961 0.000000 0.000000 0.000000 0.811576
25900 260 150.134811 0.000000 1000.000000 0.157962 151.540695 -1.563848 0.000000 0.000000 0.000000 3.701049
26000 261 134.752609 0.000000 1000.000000 0.797469 137.473572 -3.518433 0.000000 0.000000 0.000000 1.283682
26100 262 165.224396 0.000000 1000.000000 0.431186 155.381378 -3.173725 12.585558 0.000000 0.000000 1.226092
26200 263 143.939178 0.000000 1000.000000 0.267896 145.055359 -1.384075 0.000000 0.000000 0.000000 3.294038
26300 264 154.647217 0.000000 1000.000000 0.846090 136.809540 -4.580990 21.572580 0.000000 0.000000 0.939432
26400 265 146.687164 0.000000 1000.000000 0.629493 154.028824 -4.056446 -3.914697 0.000000 0.000000 0.797267
26500 266 142.315216 0.000000 1000.000000 1.458009 141.073914 -0.216711 0.000000 0.000000 0.000000 2.332211
26600 267 153.547913 0.000000 1000.000000 0.530865 155.110718 -2.093676 0.000000 0.000000 0.000000 2.856359
26700 268 131.356216 0.000000 1000.000000 1.011555 135.346329 -2.222066 -2.779599 0.000000 0.000000 1.722160
26800 269 135.712738 0.000000 1000.000000 0.696035 130.992325 -6.338088 10.362466 0.000000 0.000000 1.127990
26900 270 135.084808 0.000000 1000.000000 1.475027 143.540512 -4.680721 -5.250006 0.000000 0.000000 1.117458
27000 271 130.693207 0.000000 1000.000000 3.643438 133.841675 -4.706203 -2.085700 0.000000 0.000000 0.980842
27100 272 127.204018 0.000000 1000.000000 2.211806 127.801247 -2.809026 0.000000 0.000000 0.000000 1.854709
27200 273 148.671417 0.000000 1000.000000 2.166551 147.366852 -0.861980 0.000000 0.000000 0.000000 2.225869
27300 274 132.055969 0.000000 1000.000000 0.314222 140.455826 -3.968740 -4.745353 0.000000 0.000000 1.338555
27400 275 123.734673 0.000000 1000.000000 1.002884 125.059502 -2.327712 0.000000 0.000000 0.000000 2.212956
27500 276 127.529755 0.000000 1000.000000 0.315051 131.898895 -6.249508 1.565323 0.000000 0.000000 2.543023
27600 277 127.782921 0.000000 1000.000000 0.334092 129.478851 -2.030021 0.000000 0.000000 0.000000 1.983096
27700 278 136.389618 0.000000 1000.000000 0.287989 139.649948 -3.885606 0.337273 0.000000 0.000000 1.180689
27800 279 136.831680 0.000000 1000.000000 0.913574 137.520523 -1.602423 0.000000 0.000000 0.000000 1.977874
27900 280 136.342331 0.000000 1000.000000 0.410216 139.231735 -3.299619 0.000000 0.000000 0.000000 2.689290
28000 281 128.632263 0.000000 1000.000000 1.128081 128.547379 -1.043190 0.000000 0.000000 0.000000 1.970200
28100 282 134.818939 0.000000 1000.000000 0.957572 141.906067 -3.926365 -4.118338 0.000000 0.000000 1.320916
28200 283 150.677277 0.000000 1000.000000 0.681847 129.612808 -4.241216 24.623825 0.000000 0.000000 1.557213
28300 284 150.507965 0.000000 1000.000000 0.498434 145.580246 -5.750029 10.179314 0.000000 0.000000 0.576582
28400 285 135.151047 0.000000 1000.000000 0.380097 140.254501 -3.324722 -2.158825 0.000000 0.000000 1.095993
28500 286 133.306061 0.000000 1000.000000 0.800749 138.197052 -3.391244 -2.300494 0.000000 0.000000 1.508377
28600 287 137.926514 0.000000 1000.000000 0.740468 138.985306 -1.799253 0.000000 0.000000 0.000000 0.972280
28700 288 143.435699 0.000000 1000.000000 0.486904 145.357071 -2.408286 0.000000 0.000000 0.000000 1.884534
28800 289 123.959473 0.000000 1000.000000 0.451501 124.110268 -0.602296 0.000000 0.000000 0.000000 2.710948
28900 290 137.592300 0.000000 1000.000000 0.167214 138.668213 -1.243135 0.000000 0.000000 0.000000 2.556409
29000 291 116.982262 0.000000 1000.000000 0.276601 122.433983 -1.924791 -3.803538 0.000000 0.000000 1.600549
29100 292 143.067001 0.000000 1000.000000 0.459170 144.965485 -2.357654 0.000000 0.000000 0.000000 2.220206
29200 293 132.448914 0.000000 1000.000000 0.541280 133.339615 -1.431978 0.000000 0.000000 0.000000 1.653580
29300 294 150.623642 0.000000 1000.000000 0.816170 151.682526 -1.875066 0.000000 0.000000 0.000000 1.549175
29400 295 134.243958 0.000000 1000.000000 0.657803 135.178619 -1.592464 0.000000 0.000000 0.000000 2.427732
29500 296 129.828262 0.000000 1000.000000 2.425793 129.903549 -2.501078 0.000000 0.000000 0.000000 1.600973
29600 297 131.025055 0.000000 1000.000000 0.767433 133.497482 -3.780713 0.540860 0.000000 0.000000 2.148422
29700 298 139.098450 0.000000 1000.000000 0.205600 139.651749 -0.758902 0.000000 0.000000 0.000000 1.997827
29800 299 132.838684 0.000000 1000.000000 0.682682 135.198929 -3.042926 0.000000 0.000000 0.000000 0.721772
29900 300 135.166595 0.000000 1000.000000 1.007575 140.849899 -4.535836 -2.155030 0.000000 0.000000 2.179538
30000 301 116.393692 0.000000 1000.000000 0.540566 123.713432 -5.623832 -2.236471 0.000000 0.000000 1.297039
30100 302 131.386963 0.000000 1000.000000 1.047366 130.848038 -0.508439 0.000000 0.000000 0.000000 2.073999
30200 303 116.714386 0.000000 1000.000000 0.870102 119.109558 -3.265274 0.000000 0.000000 0.000000 1.344189
30300 304 127.593636 0.000000 1000.000000 0.272079 129.318527 -1.996971 0.000000 0.000000 0.000000 1.916339
30400 305 141.416641 0.000000 1000.000000 0.658392 142.143814 -1.385563 0.000000 0.000000 0.000000 2.805977
30500 306 142.451859 0.000000 1000.000000 0.549132 154.965897 -6.224851 -6.838322 0.000000 0.000000 1.593459
30600 307 111.911926 0.000000 1000.000000 0.388178 112.456741 -0.932991 0.000000 0.000000 0.000000 3.160743
30700 308 127.546631 0.000000 1000.000000 0.214893 128.934036 -1.602293 0.000000 0.000000 0.000000 2.505105
30800 309 125.817116 0.000000 1000.000000 0.220046 129.290955 -3.693883 0.000000 0.000000 0.000000 0.701751
30900 310 129.686417 0.000000 1000.000000 0.134240 129.552170 0.000000 0.000000 0.000000 0.000000 2.891258
31000 311 137.015335 0.000000 1000.000000 1.379362 140.313919 -2.092813 -2.585123 0.000000 0.000000 1.729267
31100 312 141.858597 0.000000 1000.000000 0.969360 141.338409 -0.449178 0.000000 0.000000 0.000000 2.481102
31200 313 153.216629 0.000000 1000.000000 0.292155 157.172852 -1.457435 -2.790958 0.000000 0.000000 2.090097
31300 314 129.865967 0.000000 1000.000000 1.351774 130.363083 -1.848885 0.000000 0.000000 0.000000 1.788329
31400 315 120.983353 0.000000 1000.000000 0.499838 122.169296 -1.685786 0.000000 0.000000 0.000000 1.699468
31500 316 125.620102 0.000000 1000.000000 0.584461 126.160683 -1.125036 0.000000 0.000000 0.000000 1.820503
31600 317 130.219803 0.000000 1000.000000 2.493179 130.241074 -2.514452 0.000000 0.000000 0.000000 1.537869
31700 318 126.260628 0.000000 1000.000000 0.183486 127.128273 -1.051130 0.000000 0.000000 0.000000 1.900760
31800 319 138.473022 0.000000 1000.000000 0.568704 143.229568 -2.287355 -3.037907 0.000000 0.000000 1.691069
31900 320 135.210770 0.000000 1000.000000 0.178955 140.947723 -2.709369 -3.206546 0.000000 0.000000 6.028331
32000 321 122.714638 0.000000 1000.000000 0.574010 125.209190 -3.068567 0.000000 0.000000 0.000000 3.756407
32100 322 138.503159 0.000000 1000.000000 0.880602 138.437485 -0.814929 0.000000 0.000000 0.000000 2.258327
32200 323 123.082108 0.000000 1000.000000 0.888382 123.440041 -1.246317 0.000000 0.000000 0.000000 2.112380
32300 324 128.315811 0.000000 1000.000000 0.563409 127.752396 0.000000 0.000000 0.000000 0.000000 2.066321
32400 325 143.002182 0.000000 1000.000000 1.628723 145.063034 -2.894032 -0.795551 0.000000 0.000000 1.649652
32500 326 122.757652 0.000000 1000.000000 0.424740 134.916229 -4.689636 -7.893687 0.000000 0.000000 1.032544
32600 327 114.156342 0.000000 1000.000000 0.519130 127.868538 -6.183415 -8.047901 0.000000 0.000000 0.534232
32700 328 119.893661 0.000000 1000.000000 0.410744 127.684067 -4.914152 -3.286987 0.000000 0.000000 1.039323
32800 329 149.796738 0.000000 1000.000000 0.393790 150.984070 -1.581121 0.000000 0.000000 0.000000 1.797279
32900 330 205.760620 0.000000 1000.000000 1.100003 136.205536 -2.604153 71.059227 0.000000 0.000000 1.252300
33000 331 125.897720 0.000000 1000.000000 0.735922 133.770142 -4.206340 -4.401991 0.000000 0.000000 1.643494
33100 332 134.105713 0.000000 1000.000000 1.875399 132.942062 -0.711750 0.000000 0.000000 0.000000 1.354244
33200 333 133.404755 0.000000 1000.000000 0.588356 138.246231 -2.624955 -2.804893 0.000000 0.000000 0.963221
33300 334 125.554596 0.000000 1000.000000 0.378872 126.521736 -1.346015 0.000000 0.000000 0.000000 2.705974
33400 335 125.509575 0.000000 1000.000000 0.990886 127.213692 -2.694997 0.000000 0.000000 0.000000 0.986749
33500 336 136.228149 0.000000 1000.000000 0.713159 138.841812 -3.326832 0.000000 0.000000 0.000000 1.137803
33600 337 123.597725 0.000000 1000.000000 0.637849 124.380798 -1.420919 0.000000 0.000000 0.000000 2.655694
33700 338 159.664474 0.000000 1000.000000 1.064209 159.738495 -1.138223 0.000000 0.000000 0.000000 2.544406
33800 339 132.457703 0.000000 1000.000000 1.299640 132.868652 -1.710582 0.000000 0.000000 0.000000 3.182630
33900 340 127.365219 0.000000 1000.000000 0.849136 127.716072 -1.199981 0.000000 0.000000 0.000000 2.247473
34000 341 152.725296 0.000000 1000.000000 1.980031 152.347931 -1.602668 0.000000 0.000000 0.000000 2.548788
34100 342 134.752213 0.000000 1000.000000 1.325655 135.256851 -1.830292 0.000000 0.000000 0.000000 2.600345
34200 343 125.568039 0.000000 1000.000000 0.864221 136.633087 -5.117012 -6.812270 0.000000 0.000000 1.603000
34300 344 152.935165 0.000000 1000.000000 0.861285 154.137543 -2.063659 0.000000 0.000000 0.000000 2.623135
34400 345 137.170776 0.000000 1000.000000 1.149018 138.402832 -2.381076 0.000000 0.000000 0.000000 3.199802
34500 346 135.166504 0.000000 1000.000000 0.190132 136.912125 -1.935764 0.000000 0.000000 0.000000 4.128274
34600 347 208.967316 0.000000 1000.000000 1.471581 139.436813 -5.602175 73.661079 0.000000 0.000000 1.487757
34700 348 125.256256 0.000000 1000.000000 0.454159 132.796982 -4.048008 -3.946888 0.000000 0.000000 2.097039
34800 349 125.180038 0.000000 1000.000000 0.821057 129.664841 -2.677027 -2.628840 0.000000 0.000000 2.353096
34900 350 131.924515 0.000000 1000.000000 0.490487 124.931541 -4.434906 10.937391 0.000000 0.000000 1.074964
35000 351 129.840302 0.000000 1000.000000 0.294618 130.192825 -0.647136 0.000000 0.000000 0.000000 2.635417
35100 352 153.796158 0.000000 1000.000000 0.606283 154.393204 -1.203329 0.000000 0.000000 0.000000 1.928237
35200 353 164.257645 0.000000 1000.000000 0.640829 149.111542 -4.055463 18.560749 0.000000 0.000000 1.178452
35300 354 131.555817 0.000000 1000.000000 1.205783 136.056808 -3.031260 -2.675502 0.000000 0.000000 2.670781
35400 355 132.566208 0.000000 1000.000000 0.701502 132.783722 -0.919022 0.000000 0.000000 0.000000 2.651962
35500 356 143.496292 0.000000 1000.000000 0.828683 143.214523 -0.546917 0.000000 0.000000 0.000000 3.616488
35600 357 136.356232 0.000000 1000.000000 0.472336 141.006683 -2.579597 -2.543197 0.000000 0.000000 1.817568
35700 358 153.841034 0.000000 1000.000000 0.664038 153.803558 -0.626554 0.000000 0.000000 0.000000 2.375192
35800 359 142.264359 0.000000 1000.000000 0.660547 143.493332 -1.889521 0.000000 0.000000 0.000000 4.256083
35900 360 142.659531 0.000000 1000.000000 0.836947 144.372726 -2.550146 0.000000 0.000000 0.000000 2.825110
36000 361 150.504852 0.000000 1000.000000 0.984672 149.520187 0.000000 0.000000 0.000000 0.000000 2.060073
36100 362 131.035446 0.000000 1000.000000 0.488353 131.577866 -1.030779 0.000000 0.000000 0.000000 2.178832
36200 363 140.037445 0.000000 1000.000000 0.249228 140.508011 -0.719791 0.000000 0.000000 0.000000 1.997970
36300 364 141.523102 0.000000 1000.000000 0.754073 143.840103 -3.071068 0.000000 0.000000 0.000000 2.671087
36400 365 147.167526 0.000000 1000.000000 0.570867 138.953979 -4.974754 12.617454 0.000000 0.000000 1.453447
36500 366 140.211197 0.000000 1000.000000 1.644669 138.566528 0.000000 0.000000 0.000000 0.000000 1.605876
36600 367 139.416412 0.000000 1000.000000 0.916482 140.223816 -1.723888 0.000000 0.000000 0.000000 2.417635
36700 368 169.824860 0.000000 1000.000000 0.811024 137.037689 -3.818370 35.794521 0.000000 0.000000 1.887232
36800 369 152.474686 0.000000 1000.000000 0.955777 151.946732 -0.427833 0.000000 0.000000 0.000000 1.903349
36900 370 138.254425 0.000000 1000.000000 0.543353 138.511963 -0.800888 0.000000 0.000000 0.000000 2.621099
37000 371 125.387756 0.000000 1000.000000 0.014006 140.065002 -5.038837 -9.652422 0.000000 0.000000 1.998650
37100 372 121.884529 0.000000 1000.000000 0.878847 123.962700 -2.957013 0.000000 0.000000 0.000000 2.201405
37200 373 133.444321 0.000000 1000.000000 0.160028 135.225098 -1.940813 0.000000 0.000000 0.000000 1.759784
37300 374 132.892487 0.000000 1000.000000 0.350000 134.241562 -1.699076 0.000000 0.000000 0.000000 2.363222
37400 375 121.481682 0.000000 1000.000000 0.142931 132.953201 -5.832361 -5.782088 0.000000 0.000000 1.096936
37500 376 135.891037 0.000000 1000.000000 0.409988 141.757553 -4.459761 -1.816737 0.000000 0.000000 0.759938
37600 377 126.110512 0.000000 1000.000000 0.328952 134.781876 -4.274396 -4.725914 0.000000 0.000000 1.077560
37700 378 145.116302 0.000000 1000.000000 0.073916 146.931808 -1.889427 0.000000 0.000000 0.000000 1.719313
37800 379 126.989746 0.000000 1000.000000 0.989023 132.372284 -3.362038 -3.009523 0.000000 0.000000 0.773067
37900 380 146.884918 0.000000 1000.000000 1.897251 146.902634 -1.914965 0.000000 0.000000 0.000000 1.881411
38000 381 138.372314 0.000000 1000.000000 0.260491 138.187164 -0.075350 0.000000 0.000000 0.000000 1.545118
38100 382 141.777176 0.000000 1000.000000 0.468798 145.379623 -2.517286 -1.553957 0.000000 0.000000 1.649756
38200 383 122.107460 0.000000 1000.000000 1.009598 122.307503 -1.209639 0.000000 0.000000 0.000000 1.914530
38300 384 123.931412 0.000000 1000.000000 0.296899 127.783859 -3.372424 -0.776934 0.000000 0.000000 1.602952
38400 385 128.482834 0.000000 1000.000000 0.328263 134.460678 -3.574755 -2.731360 0.000000 0.000000 1.261820
38500 386 140.119064 0.000000 1000.000000 0.383978 142.945328 -1.998775 -1.211460 0.000000 0.000000 3.683323
38600 387 122.298813 0.000000 1000.000000 0.192709 122.515038 -0.408939 0.000000 0.000000 0.000000 2.408406
38700 388 142.127655 0.000000 1000.000000 0.561312 144.716782 -2.870921 -0.279506 0.000000 0.000000 1.179761
38800 389 134.550522 0.000000 1000.000000 0.389424 137.270233 -3.109131 0.000000 0.000000 0.000000 1.054525
38900 390 121.984200 0.000000 1000.000000 0.501968 128.872284 -4.139802 -3.250249 0.000000 0.000000 2.153360
39000 391 133.663391 0.000000 1000.000000 0.233407 140.382797 -3.307383 -3.645438 0.000000 0.000000 1.369453
39100 392 129.674316 0.000000 1000.000000 0.546467 129.888336 -0.760476 0.000000 0.000000 0.000000 0.963358
39200 393 146.312622 0.000000 1000.000000 0.228848 148.447189 -2.363425 0.000000 0.000000 0.000000 1.438215
39300 394 131.780304 0.000000 1000.000000 0.292074 141.110214 -4.887821 -4.734158 0.000000 0.000000 0.510915
39400 395 137.639908 0.000000 1000.000000 1.393073 140.727432 -6.203933 1.723336 0.000000 0.000000 1.053453
39500 396 149.395813 0.000000 1000.000000 0.405012 150.215027 -1.224228 0.000000 0.000000 0.000000 2.054061
39600 397 121.488495 0.000000 1000.000000 0.495316 124.425278 -3.432099 0.000000 0.000000 0.000000 3.017512
39700 398 150.649796 0.000000 1000.000000 0.989016 151.470795 -1.810007 0.000000 0.000000 0.000000 1.141458
39800 399 99.597427 0.000000 1000.000000 0.253598 114.751450 -6.755111 -8.652514 0.000000 0.000000 0.439185
39900 400 124.883293 0.000000 1000.000000 1.419681 131.357620 -4.955325 -2.938686 0.000000 0.000000 0.721028
40000 401 277.800446 0.000000 1000.000000 4.316247 141.934372 -3.056427 134.606247 0.000000 0.000000 1.775977
40100 402 140.168518 0.000000 1000.000000 0.348327 143.420837 -3.600647 0.000000 0.000000 0.000000 1.827551
40200 403 118.058899 0.000000 1000.000000 1.645896 125.203880 -3.951915 -4.838967 0.000000 0.000000 1.237111
40300 404 123.960464 0.000000 1000.000000 0.595258 117.480995 -7.324994 13.209208 0.000000 0.000000 1.103732
40400 405 130.859772 0.000000 1000.000000 0.205982 131.081451 -0.427657 0.000000 0.000000 0.000000 2.270226
40500 406 130.185471 0.000000 1000.000000 0.669548 131.165634 -1.649709 0.000000 0.000000 0.000000 3.016170
40600 407 132.222443 0.000000 1000.000000 0.347578 129.525589 -2.879076 5.228347 0.000000 0.000000 1.208707
40700 408 128.203812 0.000000 1000.000000 0.200961 133.464935 -3.734913 -1.727176 0.000000 0.000000 0.742816
40800 409 116.288017 0.000000 1000.000000 0.392384 116.410652 -0.515023 0.000000 0.000000 0.000000 2.985559
40900 410 128.954742 0.000000 1000.000000 0.211460 131.077652 -2.334372 0.000000 0.000000 0.000000 2.495039
41000 411 130.240067 0.000000 1000.000000 0.275543 132.804825 -2.840299 0.000000 0.000000 0.000000 1.262514
41100 412 148.993744 0.000000 1000.000000 2.447586 146.546158 0.000000 0.000000 0.000000 0.000000 1.719898
41200 413 132.026398 0.000000 1000.000000 0.523498 132.687271 -1.184364 0.000000 0.000000 0.000000 2.494186
41300 414 124.619431 0.000000 1000.000000 0.352254 128.061264 -3.794080 0.000000 0.000000 0.000000 2.103330
41400 415 135.986786 0.000000 1000.000000 0.954157 138.203766 -3.171138 0.000000 0.000000 0.000000 2.542591
41500 416 133.966736 0.000000 1000.000000 1.125844 141.106766 -3.548419 -4.717450 0.000000 0.000000 0.969182
41600 417 136.710617 0.000000 1000.000000 2.392070 142.018570 -3.242131 -4.457895 0.000000 0.000000 2.647133
41700 418 135.551834 0.000000 1000.000000 1.115934 135.805405 -1.369507 0.000000 0.000000 0.000000 3.041201
41800 419 139.809784 0.000000 1000.000000 0.210333 139.599457 0.000000 0.000000 0.000000 0.000000 1.973850
41900 420 134.602661 0.000000 1000.000000 0.317319 136.366821 -2.081484 0.000000 0.000000 0.000000 1.675424
42000 421 133.616547 0.000000 1000.000000 0.962048 132.654495 0.000000 0.000000 0.000000 0.000000 3.133509
42100 422 112.000145 0.000000 1000.000000 0.924000 112.954178 -1.878035 0.000000 0.000000 0.000000 2.206407
42200 423 124.988686 0.000000 1000.000000 0.811881 131.389618 -4.638211 -2.574590 0.000000 0.000000 2.428171
42300 424 138.978180 0.000000 1000.000000 0.299981 139.884995 -1.206806 0.000000 0.000000 0.000000 1.314378
42400 425 137.511047 0.000000 1000.000000 0.193782 137.317261 0.000000 0.000000 0.000000 0.000000 2.220123
42500 426 143.001114 0.000000 1000.000000 0.872565 143.895935 -1.767379 0.000000 0.000000 0.000000 2.545983
42600 427 135.621140 0.000000 1000.000000 0.327736 139.730988 -2.383735 -2.053843 0.000000 0.000000 3.013044
42700 428 137.244202 0.000000 1000.000000 0.212050 137.032150 0.000000 0.000000 0.000000 0.000000 3.497236
42800 429 144.451263 0.000000 1000.000000 0.816456 145.704330 -2.069524 0.000000 0.000000 0.000000 2.419389
42900 430 145.476532 0.000000 1000.000000 0.784561 144.691971 0.000000 0.000000 0.000000 0.000000 3.164026
43000 431 143.321167 0.000000 1000.000000 0.491874 144.406326 -1.577032 0.000000 0.000000 0.000000 1.765636
43100 432 141.018753 0.000000 1000.000000 0.268899 143.397308 -2.647458 0.000000 0.000000 0.000000 1.395757
43200 433 138.437485 0.000000 1000.000000 1.500092 140.396942 -3.459553 0.000000 0.000000 0.000000 1.294943
43300 434 134.436203 0.000000 1000.000000 0.569439 136.662094 -2.795334 0.000000 0.000000 0.000000 1.371856
43400 435 154.348907 0.000000 1000.000000 0.590662 155.725708 -1.967463 0.000000 0.000000 0.000000 2.014806
43500 436 136.025650 0.000000 1000.000000 0.684023 136.623047 -1.281424 0.000000 0.000000 0.000000 1.711076
43600 437 144.844147 0.000000 1000.000000 1.035375 147.239792 -2.471916 -0.959114 0.000000 0.000000 1.716996
43700 438 136.363205 0.000000 1000.000000 0.851041 137.456787 -1.944628 0.000000 0.000000 0.000000 2.025666
43800 439 124.685211 0.000000 1000.000000 1.596362 127.108932 -4.020084 0.000000 0.000000 0.000000 1.377048
43900 440 134.078430 0.000000 1000.000000 0.420896 137.682678 -4.960430 0.935287 0.000000 0.000000 1.415112
44000 441 134.235809 0.000000 1000.000000 0.261629 134.276138 -0.301961 0.000000 0.000000 0.000000 3.457131
44100 442 137.783142 0.000000 1000.000000 0.695611 137.682373 -0.594849 0.000000 0.000000 0.000000 1.657462
44200 443 134.498642 0.000000 1000.000000 0.712090 135.109467 -1.322923 0.000000 0.000000 0.000000 2.349808
44300 444 146.149399 0.000000 1000.000000 0.572701 146.155060 -0.578364 0.000000 0.000000 0.000000 3.043330
44400 445 119.290108 0.000000 1000.000000 0.231025 127.588120 -5.001685 -3.527352 0.000000 0.000000 2.563896
44500 446 132.634506 0.000000 1000.000000 1.607888 139.137177 -4.288653 -3.821912 0.000000 0.000000 1.426811
44600 447 124.576546 0.000000 1000.000000 0.489705 124.820824 -0.733986 0.000000 0.000000 0.000000 1.754837
44700 448 125.950966 0.000000 1000.000000 0.848843 126.090256 -0.988125 0.000000 0.000000 0.000000 1.683059
44800 449 128.430740 0.000000 1000.000000 0.869339 132.524170 -2.555123 -2.407644 0.000000 0.000000 1.284193
44900 450 121.376190 0.000000 1000.000000 0.384822 122.962036 -1.970664 0.000000 0.000000 0.000000 2.652421
45000 451 121.365257 0.000000 1000.000000 0.744946 127.085587 -2.844392 -3.620888 0.000000 0.000000 2.830543
45100 452 146.967651 0.000000 1000.000000 0.185096 147.641876 -0.859316 0.000000 0.000000 0.000000 3.560337
45200 453 134.979401 0.000000 1000.000000 0.186851 135.384888 -0.592331 0.000000 0.000000 0.000000 3.493673
45300 454 133.275116 0.000000 1000.000000 0.425273 132.849838 0.000000 0.000000 0.000000 0.000000 6.427574
45400 455 115.093002 0.000000 1000.000000 0.348221 124.671310 -4.783612 -5.142913 0.000000 0.000000 1.581507
45500 456 136.229095 0.000000 1000.000000 0.472952 137.120438 -1.364289 0.000000 0.000000 0.000000 2.349182
45600 457 128.732498 0.000000 1000.000000 0.953731 139.002441 -6.098617 -5.125066 0.000000 0.000000 0.934835
45700 458 124.467262 0.000000 1000.000000 0.677721 128.046402 -2.908191 -1.348673 0.000000 0.000000 0.982501
45800 459 129.880692 0.000000 1000.000000 0.845500 131.419830 -2.384639 0.000000 0.000000 0.000000 1.503636
45900 460 153.423965 0.000000 1000.000000 0.686945 156.272781 -1.251193 -2.284581 0.000000 0.000000 2.123155
46000 461 146.145126 0.000000 1000.000000 0.444587 147.714050 -2.013504 0.000000 0.000000 0.000000 1.745423
46100 462 150.442841 0.000000 1000.000000 0.493346 150.981689 -1.032202 0.000000 0.000000 0.000000 1.154711
46200 463 134.380173 0.000000 1000.000000 1.566844 132.813324 0.000000 0.000000 0.000000 0.000000 2.800205
46300 464 137.750549 0.000000 1000.000000 0.366465 138.390228 -4.312608 3.306456 0.000000 0.000000 1.229591
46400 465 138.058136 0.000000 1000.000000 1.051935 140.308746 -3.302545 0.000000 0.000000 0.000000 1.358804
46500 466 133.697052 0.000000 1000.000000 0.682545 133.014511 0.000000 0.000000 0.000000 0.000000 2.235353
46600 467 128.929871 0.000000 1000.000000 0.256497 133.779785 -4.268899 -0.837511 0.000000 0.000000 1.067085
46700 468 127.156746 0.000000 1000.000000 0.933839 128.737518 -2.514614 0.000000 0.000000 0.000000 2.242148
46800 469 142.733612 0.000000 1000.000000 0.703981 132.455688 -3.872572 13.446510 0.000000 0.000000 1.785672
46900 470 126.966705 0.000000 1000.000000 0.452677 128.303558 -1.789533 0.000000 0.000000 0.000000 1.955897
47000 471 130.071594 0.000000 1000.000000 0.156376 131.108353 -1.193137 0.000000 0.000000 0.000000 1.939678
47100 472 138.240921 0.000000 1000.000000 0.615443 141.318329 -3.692856 0.000000 0.000000 0.000000 1.449333
47200 473 135.737900 0.000000 1000.000000 0.383761 139.492065 -4.137919 0.000000 0.000000 0.000000 2.619794
47300 474 134.313705 0.000000 1000.000000 0.612176 135.037888 -1.336360 0.000000 0.000000 0.000000 3.740934
47400 475 177.984909 0.000000 1000.000000 1.900328 128.127686 -4.339303 52.296192 0.000000 0.000000 0.742573
47500 476 143.768036 0.000000 1000.000000 0.676930 143.367279 -2.428607 2.152437 0.000000 0.000000 1.052786
47600 477 144.165390 0.000000 1000.000000 0.413553 146.499191 -2.747359 0.000000 0.000000 0.000000 1.555551
47700 478 123.228882 0.000000 1000.000000 1.916950 123.532516 -2.220582 0.000000 0.000000 0.000000 2.360722
47800 479 116.789146 0.000000 1000.000000 1.116978 118.287804 -2.615636 0.000000 0.000000 0.000000 0.536450
47900 480 134.359573 0.000000 1000.000000 0.655961 136.384369 -2.680758 0.000000 0.000000 0.000000 2.184664
48000 481 115.596291 0.000000 1000.000000 0.189984 122.511185 -3.153092 -3.951792 0.000000 0.000000 1.937342
48100 482 128.629517 0.000000 1000.000000 1.189255 128.902573 -3.995052 2.532738 0.000000 0.000000 1.820397
48200 483 128.765152 0.000000 1000.000000 0.241732 131.278198 -2.754771 0.000000 0.000000 0.000000 2.315120
48300 484 134.863281 0.000000 1000.000000 1.118581 142.813248 -7.074973 -1.993575 0.000000 0.000000 0.655848
48400 485 135.543518 0.000000 1000.000000 1.667232 136.346146 -2.469867 0.000000 0.000000 0.000000 1.268871
48500 486 123.708084 0.000000 1000.000000 0.269708 131.647705 -4.336297 -3.873040 0.000000 0.000000 1.063786
48600 487 120.373123 0.000000 1000.000000 0.574841 123.404915 -2.819311 -0.787325 0.000000 0.000000 1.492681
48700 488 121.729424 0.000000 1000.000000 0.629916 127.460953 -4.168960 -2.192484 0.000000 0.000000 2.457048
48800 489 117.561165 0.000000 1000.000000 2.278586 119.078262 -3.795683 0.000000 0.000000 0.000000 2.382534
48900 490 119.340118 0.000000 1000.000000 1.389555 120.516891 -2.566329 0.000000 0.000000 0.000000 1.844187
49000 491 123.421753 0.000000 1000.000000 0.931256 123.799431 -1.308934 0.000000 0.000000 0.000000 1.731652
49100 492 137.678955 0.000000 1000.000000 0.551218 137.853958 -0.726234 0.000000 0.000000 0.000000 2.824572
49200 493 136.311417 0.000000 1000.000000 0.517012 137.291077 -1.496681 0.000000 0.000000 0.000000 2.627616
49300 494 132.899689 0.000000 1000.000000 0.398291 135.089279 -2.587882 0.000000 0.000000 0.000000 2.359186
49400 495 145.298569 0.000000 1000.000000 1.244099 144.637848 -0.583381 0.000000 0.000000 0.000000 1.423131
49500 496 131.964661 0.000000 1000.000000 0.319625 133.022247 -1.377215 0.000000 0.000000 0.000000 1.881095
49600 497 123.817406 0.000000 1000.000000 0.213250 135.168320 -4.443573 -7.120595 0.000000 0.000000 2.754460
49700 498 133.559998 0.000000 1000.000000 0.579316 135.117432 -2.136750 0.000000 0.000000 0.000000 2.151695
49800 499 169.092636 0.000000 1000.000000 0.606548 172.822388 -2.380296 -1.956008 0.000000 0.000000 1.778784
49900 500 135.820770 0.000000 1000.000000 0.432637 138.473465 -3.085333 0.000000 0.000000 0.000000 1.496302
50000 501 113.621109 0.000000 1000.000000 0.909824 116.924950 -3.852585 -0.361081 0.000000 0.000000 1.910137
